// Export time: Sat Jun 18 17:44:39 2022

ANIMATION
VERSION 3

NUMPARTS 108
PART 0 "tag_torso"
PART 1 "j_shoulder_le"
PART 2 "j_shoulder_ri"
PART 3 "tag_weapon_left"
PART 4 "tag_weapon_right"
PART 5 "j_elbow_le"
PART 6 "j_elbow_ri"
PART 7 "j_elbow_bulge_le"
PART 8 "j_sleeve1_01_le"
PART 9 "j_sleeve1_02_le"
PART 10 "j_sleeve1_03_le"
PART 11 "j_sleeve1_04_le"
PART 12 "j_sleeve1_05_le"
PART 13 "j_sleeve1_06_le"
PART 14 "j_sleeve2_01_le"
PART 15 "j_sleeve2_02_le"
PART 16 "j_sleeve2_03_le"
PART 17 "j_sleeve2_04_le"
PART 18 "j_sleeve2_05_le"
PART 19 "j_sleeve2_06_le"
PART 20 "j_sleeve3_01_le"
PART 21 "j_sleeve3_02_le"
PART 22 "j_sleeve3_03_le"
PART 23 "j_sleeve3_04_le"
PART 24 "j_sleeve3_05_le"
PART 25 "j_sleeve3_06_le"
PART 26 "j_wrist_le"
PART 27 "j_wristtwist1_le"
PART 28 "j_wristtwist2_le"
PART 29 "j_wristtwist3_le"
PART 30 "j_wristtwist4_le"
PART 31 "j_wristtwist5_le"
PART 32 "j_wristtwist6_le"
PART 33 "j_wristtwist_le"
PART 34 "j_elbow_bulge_ri"
PART 35 "j_sleeve1_01_ri"
PART 36 "j_sleeve1_02_ri"
PART 37 "j_sleeve1_03_ri"
PART 38 "j_sleeve1_04_ri"
PART 39 "j_sleeve1_05_ri"
PART 40 "j_sleeve1_06_ri"
PART 41 "j_sleeve2_01_ri"
PART 42 "j_sleeve2_02_ri"
PART 43 "j_sleeve2_03_ri"
PART 44 "j_sleeve2_04_ri"
PART 45 "j_sleeve2_05_ri"
PART 46 "j_sleeve2_06_ri"
PART 47 "j_sleeve3_01_ri"
PART 48 "j_sleeve3_02_ri"
PART 49 "j_sleeve3_03_ri"
PART 50 "j_sleeve3_04_ri"
PART 51 "j_sleeve3_05_ri"
PART 52 "j_sleeve3_06_ri"
PART 53 "j_wrist_ri"
PART 54 "j_wristtwist1_ri"
PART 55 "j_wristtwist2_ri"
PART 56 "j_wristtwist3_ri"
PART 57 "j_wristtwist4_ri"
PART 58 "j_wristtwist5_ri"
PART 59 "j_wristtwist6_ri"
PART 60 "j_wristtwist_ri"
PART 61 "j_indexbase_le"
PART 62 "j_mid_le_1"
PART 63 "j_pinkybase_le"
PART 64 "j_ringbase_le"
PART 65 "j_thumb_le_1"
PART 66 "j_wristcrease2_le"
PART 67 "j_wristcrease_le"
PART 68 "j_indexbase_ri"
PART 69 "j_mid_ri_1"
PART 70 "j_pinkybase_ri"
PART 71 "j_ringbase_ri"
PART 72 "j_thumb_ri_1"
PART 73 "j_wristcrease2_ri"
PART 74 "j_wristcrease_ri"
PART 75 "j_index_le_1"
PART 76 "j_indexretract_le"
PART 77 "j_mid_le_2"
PART 78 "j_pinky_le_1"
PART 79 "j_ring_le_1"
PART 80 "j_thumb_le_2"
PART 81 "j_index_ri_1"
PART 82 "j_indexretract_ri"
PART 83 "j_mid_ri_2"
PART 84 "j_pinky_ri_1"
PART 85 "j_ring_ri_1"
PART 86 "j_thumb_ri_2"
PART 87 "j_index_le_2"
PART 88 "j_mid_le_3"
PART 89 "j_pinky_le_2"
PART 90 "j_ring_le_2"
PART 91 "j_thumb_le_3"
PART 92 "j_index_ri_2"
PART 93 "j_mid_ri_3"
PART 94 "j_pinky_ri_2"
PART 95 "j_ring_ri_2"
PART 96 "j_thumb_ri_3"
PART 97 "j_index_le_3"
PART 98 "j_pinky_le_3"
PART 99 "j_ring_le_3"
PART 100 "j_index_ri_3"
PART 101 "j_pinky_ri_3"
PART 102 "j_ring_ri_3"
PART 103 "tag_cambone"
PART 104 "tag_camera"
PART 105 "tag_fill_light"
PART 106 "tag_flashlight"
PART 107 "tag_gasmask"

FRAMERATE 30
NUMFRAMES 6
FRAME 0
PART 0
OFFSET 0.000000 0.000000 0.000000
SCALE 1.000000 1.000000 1.000000
X 1.000000 0.000000 0.000000
Y 0.000000 1.000000 0.000000
Z 0.000000 0.000000 1.000000

PART 1
OFFSET 4.027863 0.754312 -5.074294
SCALE 1.000000 1.000000 1.000000
X 0.955810 -0.195258 -0.219775
Y -0.112784 0.446826 -0.887483
Z 0.271490 0.873053 0.405059

PART 2
OFFSET -4.451415 -9.268034 0.197352
SCALE 1.000000 1.000000 1.000000
X -0.684053 0.407193 0.605199
Y 0.651865 0.713568 0.256693
Z -0.327327 0.570100 -0.753554

PART 3
OFFSET 13.745596 17.667068 -17.903065
SCALE 1.000000 1.000000 1.000000
X 0.998737 0.041892 -0.027740
Y 0.021387 0.145113 0.989184
Z 0.045465 -0.988528 0.144033

PART 4
OFFSET 12.630611 -5.736847 -5.568594
SCALE 1.000000 1.000000 1.000000
X 1.000000 0.000000 -0.000000
Y -0.000000 0.848099 -0.529838
Z 0.000000 0.529838 0.848099

PART 5
OFFSET 14.286304 -1.341314 -7.433088
SCALE 1.000000 1.000000 1.000000
X 0.892569 -0.385822 0.233369
Y 0.360026 0.298191 -0.884004
Z 0.271480 0.873054 0.405062

PART 6
OFFSET 2.890444 -13.638327 -6.298002
SCALE 1.000000 1.000000 1.000000
X -0.793008 -0.599382 -0.108990
Y -0.513805 0.561904 0.648281
Z -0.327326 0.570092 -0.753560

PART 7
OFFSET 14.181909 -1.427792 -7.176771
SCALE 1.000000 1.000000 1.000000
X 0.859076 -0.409564 0.306993
Y 0.433924 0.264649 -0.861203
Z 0.271473 0.873051 0.405073

PART 8
OFFSET 22.551690 -2.964465 -4.614420
SCALE 1.000000 1.000000 1.000000
X 0.892569 -0.385822 0.233369
Y 0.360026 0.298191 -0.884004
Z 0.271480 0.873054 0.405062

PART 9
OFFSET 21.670748 -4.332146 -3.506109
SCALE 1.000000 1.000000 1.000000
X 0.892570 -0.385821 0.233369
Y 0.415153 0.905150 -0.091388
Z -0.175974 0.178454 0.968084

PART 10
OFFSET 21.136350 -6.050768 -4.303479
SCALE 1.000000 1.000000 1.000000
X 0.892561 -0.385833 0.233382
Y 0.055010 0.606864 0.792900
Z -0.447558 -0.694873 0.562888

PART 11
OFFSET 21.482895 -6.401705 -6.209183
SCALE 1.000000 1.000000 1.000000
X 0.892569 -0.385822 0.233369
Y -0.360026 -0.298191 0.884004
Z -0.271480 -0.873054 -0.405062

PART 12
OFFSET 22.363837 -5.034024 -7.317503
SCALE 1.000000 1.000000 1.000000
X 0.892580 -0.385800 0.233365
Y -0.415132 -0.905159 0.091393
Z 0.175973 -0.178453 -0.968085

PART 13
OFFSET 22.898231 -3.315404 -6.520114
SCALE 1.000000 1.000000 1.000000
X 0.892573 -0.385817 0.233365
Y -0.055012 -0.606863 -0.792901
Z 0.447535 0.694883 -0.562894

PART 14
OFFSET 20.091827 -1.901178 -5.257555
SCALE 1.000000 1.000000 1.000000
X 0.892569 -0.385822 0.233369
Y 0.360026 0.298191 -0.884004
Z 0.271480 0.873054 0.405062

PART 15
OFFSET 19.210887 -3.268859 -4.149245
SCALE 1.000000 1.000000 1.000000
X 0.892570 -0.385821 0.233369
Y 0.415153 0.905150 -0.091388
Z -0.175974 0.178454 0.968084

PART 16
OFFSET 18.676481 -4.987478 -4.946614
SCALE 1.000000 1.000000 1.000000
X 0.892561 -0.385833 0.233382
Y 0.055010 0.606864 0.792900
Z -0.447558 -0.694873 0.562888

PART 17
OFFSET 19.023035 -5.338419 -6.852317
SCALE 1.000000 1.000000 1.000000
X 0.892569 -0.385822 0.233369
Y -0.360026 -0.298191 0.884004
Z -0.271480 -0.873054 -0.405062

PART 18
OFFSET 19.903977 -3.970737 -7.960640
SCALE 1.000000 1.000000 1.000000
X 0.892580 -0.385800 0.233365
Y -0.415132 -0.905159 0.091393
Z 0.175973 -0.178453 -0.968085

PART 19
OFFSET 20.438370 -2.252117 -7.163251
SCALE 1.000000 1.000000 1.000000
X 0.892573 -0.385817 0.233365
Y -0.055012 -0.606863 -0.792901
Z 0.447535 0.694883 -0.562894

PART 20
OFFSET 17.631965 -0.837891 -5.900691
SCALE 1.000000 1.000000 1.000000
X 0.892569 -0.385822 0.233369
Y 0.360026 0.298191 -0.884004
Z 0.271480 0.873054 0.405062

PART 21
OFFSET 16.751025 -2.205574 -4.792378
SCALE 1.000000 1.000000 1.000000
X 0.892570 -0.385821 0.233369
Y 0.415153 0.905150 -0.091388
Z -0.175974 0.178454 0.968084

PART 22
OFFSET 16.216606 -3.924184 -5.589751
SCALE 1.000000 1.000000 1.000000
X 0.892561 -0.385833 0.233382
Y 0.055010 0.606864 0.792900
Z -0.447558 -0.694873 0.562888

PART 23
OFFSET 16.563165 -4.275126 -7.495455
SCALE 1.000000 1.000000 1.000000
X 0.892569 -0.385822 0.233369
Y -0.360026 -0.298191 0.884004
Z -0.271480 -0.873054 -0.405062

PART 24
OFFSET 17.444116 -2.907452 -8.603779
SCALE 1.000000 1.000000 1.000000
X 0.892580 -0.385800 0.233365
Y -0.415132 -0.905159 0.091393
Z 0.175973 -0.178453 -0.968085

PART 25
OFFSET 17.978511 -1.188838 -7.806391
SCALE 1.000000 1.000000 1.000000
X 0.892573 -0.385817 0.233365
Y -0.055012 -0.606863 -0.792901
Z 0.447535 0.694883 -0.562894

PART 26
OFFSET 23.038923 -5.124689 -5.144701
SCALE 1.000000 1.000000 1.000000
X 0.892211 0.440137 -0.101187
Y -0.053663 -0.119148 -0.991425
Z -0.448419 0.889991 -0.082686

PART 27
OFFSET 20.850767 -4.178845 -5.716798
SCALE 1.000000 1.000000 1.000000
X 0.892569 -0.385822 0.233369
Y 0.360026 0.298191 -0.884004
Z 0.271480 0.873054 0.405062

PART 28
OFFSET 19.756690 -3.705923 -6.002846
SCALE 1.000000 1.000000 1.000000
X 0.892569 -0.385822 0.233369
Y 0.360026 0.298191 -0.884004
Z 0.271480 0.873054 0.405062

PART 29
OFFSET 18.662614 -3.233001 -6.288894
SCALE 1.000000 1.000000 1.000000
X 0.892569 -0.385822 0.233369
Y 0.360026 0.298191 -0.884004
Z 0.271480 0.873054 0.405062

PART 30
OFFSET 17.568536 -2.760080 -6.574943
SCALE 1.000000 1.000000 1.000000
X 0.892569 -0.385822 0.233369
Y 0.360026 0.298191 -0.884004
Z 0.271480 0.873054 0.405062

PART 31
OFFSET 16.474459 -2.287158 -6.860991
SCALE 1.000000 1.000000 1.000000
X 0.892569 -0.385822 0.233369
Y 0.360026 0.298191 -0.884004
Z 0.271480 0.873054 0.405062

PART 32
OFFSET 15.380382 -1.814237 -7.147039
SCALE 1.000000 1.000000 1.000000
X 0.892569 -0.385822 0.233369
Y 0.360026 0.298191 -0.884004
Z 0.271480 0.873054 0.405062

PART 33
OFFSET 21.944845 -4.651766 -5.430750
SCALE 1.000000 1.000000 1.000000
X 0.892569 -0.385822 0.233369
Y 0.360026 0.298191 -0.884004
Z 0.271480 0.873054 0.405062

PART 34
OFFSET 3.372946 -14.166010 -6.906753
SCALE 1.000000 1.000000 1.000000
X -0.902189 -0.425644 0.069874
Y -0.280914 0.702726 0.653654
Z -0.327326 0.570091 -0.753561

PART 35
OFFSET 10.403389 -9.569096 -3.870597
SCALE 1.000000 1.000000 1.000000
X -0.793008 -0.599382 -0.108990
Y -0.513805 0.561904 0.648281
Z -0.327326 0.570092 -0.753560

PART 36
OFFSET 9.205313 -8.050040 -3.507129
SCALE 1.000000 1.000000 1.000000
X -0.793008 -0.599383 -0.108988
Y -0.540429 0.774702 -0.328287
Z 0.281203 -0.201434 -0.938269

PART 37
OFFSET 8.560976 -6.927827 -4.990531
SCALE 1.000000 1.000000 1.000000
X -0.793003 -0.599389 -0.108989
Y -0.026460 0.212618 -0.976777
Z 0.608643 -0.771703 -0.184466

PART 38
OFFSET 9.114731 -7.324636 -6.837375
SCALE 1.000000 1.000000 1.000000
X -0.793008 -0.599382 -0.108990
Y 0.513805 -0.561904 -0.648281
Z 0.327326 -0.570092 0.753560

PART 39
OFFSET 10.312804 -8.843697 -7.200846
SCALE 1.000000 1.000000 1.000000
X -0.793025 -0.599358 -0.108998
Y 0.540404 -0.774722 0.328284
Z -0.281203 0.201434 0.938269

PART 40
OFFSET 10.957144 -9.965912 -5.717453
SCALE 1.000000 1.000000 1.000000
X -0.793014 -0.599374 -0.108997
Y 0.026451 -0.212624 0.976776
Z -0.608629 0.771714 0.184468

PART 41
OFFSET 8.217975 -11.220863 -4.171110
SCALE 1.000000 1.000000 1.000000
X -0.793008 -0.599382 -0.108990
Y -0.513805 0.561904 0.648281
Z -0.327326 0.570092 -0.753560

PART 42
OFFSET 7.019883 -9.701839 -3.807661
SCALE 1.000000 1.000000 1.000000
X -0.793008 -0.599383 -0.108988
Y -0.540429 0.774702 -0.328287
Z 0.281203 -0.201434 -0.938269

PART 43
OFFSET 6.375562 -8.579593 -5.291049
SCALE 1.000000 1.000000 1.000000
X -0.793003 -0.599389 -0.108989
Y -0.026460 0.212618 -0.976777
Z 0.608643 -0.771703 -0.184466

PART 44
OFFSET 6.929153 -8.976541 -7.137560
SCALE 1.000000 1.000000 1.000000
X -0.793008 -0.599382 -0.108990
Y 0.513805 -0.561904 -0.648281
Z 0.327326 -0.570092 0.753560

PART 45
OFFSET 8.127390 -10.495463 -7.501365
SCALE 1.000000 1.000000 1.000000
X -0.793025 -0.599358 -0.108998
Y 0.540404 -0.774722 0.328284
Z -0.281203 0.201434 0.938269

PART 46
OFFSET 8.771730 -11.617678 -6.017969
SCALE 1.000000 1.000000 1.000000
X -0.793014 -0.599374 -0.108997
Y 0.026451 -0.212624 0.976776
Z -0.608629 0.771714 0.184468

PART 47
OFFSET 6.032446 -12.872760 -4.471266
SCALE 1.000000 1.000000 1.000000
X -0.793008 -0.599382 -0.108990
Y -0.513805 0.561904 0.648281
Z -0.327326 0.570092 -0.753560

PART 48
OFFSET 4.834356 -11.353739 -4.107822
SCALE 1.000000 1.000000 1.000000
X -0.793008 -0.599383 -0.108988
Y -0.540429 0.774702 -0.328287
Z 0.281203 -0.201434 -0.938269

PART 49
OFFSET 4.190036 -10.231491 -5.591210
SCALE 1.000000 1.000000 1.000000
X -0.793003 -0.599389 -0.108989
Y -0.026460 0.212618 -0.976777
Z 0.608643 -0.771703 -0.184466

PART 50
OFFSET 4.743771 -10.628329 -7.438073
SCALE 1.000000 1.000000 1.000000
X -0.793008 -0.599382 -0.108990
Y 0.513805 -0.561904 -0.648281
Z 0.327326 -0.570092 0.753560

PART 51
OFFSET 5.941864 -12.147362 -7.801525
SCALE 1.000000 1.000000 1.000000
X -0.793025 -0.599358 -0.108998
Y 0.540404 -0.774722 0.328284
Z -0.281203 0.201434 0.938269

PART 52
OFFSET 6.586200 -13.269574 -6.318128
SCALE 1.000000 1.000000 1.000000
X -0.793014 -0.599374 -0.108997
Y 0.026451 -0.212624 0.976776
Z -0.608629 0.771714 0.184468

PART 53
OFFSET 10.666706 -7.760823 -5.229242
SCALE 1.000000 1.000000 1.000000
X -0.980126 -0.198010 -0.012090
Y -0.128401 0.586755 0.799520
Z -0.151219 0.785182 -0.600518

PART 54
OFFSET 8.722640 -9.230199 -5.496432
SCALE 1.000000 1.000000 1.000000
X -0.793008 -0.599382 -0.108990
Y -0.513805 0.561904 0.648281
Z -0.327326 0.570092 -0.753560

PART 55
OFFSET 7.750608 -9.964886 -5.630027
SCALE 1.000000 1.000000 1.000000
X -0.793008 -0.599382 -0.108990
Y -0.513805 0.561904 0.648281
Z -0.327326 0.570092 -0.753560

PART 56
OFFSET 6.778575 -10.699574 -5.763622
SCALE 1.000000 1.000000 1.000000
X -0.793008 -0.599382 -0.108990
Y -0.513805 0.561904 0.648281
Z -0.327326 0.570092 -0.753560

PART 57
OFFSET 5.806543 -11.434263 -5.897217
SCALE 1.000000 1.000000 1.000000
X -0.793008 -0.599382 -0.108990
Y -0.513805 0.561904 0.648281
Z -0.327326 0.570092 -0.753560

PART 58
OFFSET 4.834510 -12.168950 -6.030812
SCALE 1.000000 1.000000 1.000000
X -0.793008 -0.599382 -0.108990
Y -0.513805 0.561904 0.648281
Z -0.327326 0.570092 -0.753560

PART 59
OFFSET 3.862476 -12.903638 -6.164407
SCALE 1.000000 1.000000 1.000000
X -0.793008 -0.599382 -0.108990
Y -0.513805 0.561904 0.648281
Z -0.327326 0.570092 -0.753560

PART 60
OFFSET 9.694674 -8.495509 -5.362837
SCALE 1.000000 1.000000 1.000000
X -0.793008 -0.599382 -0.108990
Y -0.513805 0.561904 0.648281
Z -0.327326 0.570092 -0.753560

PART 61
OFFSET 26.142775 -3.407830 -4.434391
SCALE 1.000000 1.000000 1.000000
X 0.892211 0.440137 -0.101187
Y -0.053663 -0.119148 -0.991425
Z -0.448419 0.889991 -0.082686

PART 62
OFFSET 26.041610 -3.506727 -5.561014
SCALE 1.000000 1.000000 1.000000
X 0.483105 -0.723296 0.493409
Y -0.871896 -0.448935 0.195587
Z 0.080041 -0.524690 -0.847522

PART 63
OFFSET 23.660336 -5.239535 -6.309797
SCALE 1.000000 1.000000 1.000000
X 0.991970 0.105364 -0.069955
Y 0.125593 -0.755545 0.642945
Z 0.014889 -0.646568 -0.762711

PART 64
OFFSET 23.943135 -4.679420 -5.884306
SCALE 1.000000 1.000000 1.000000
X 0.954318 0.237185 -0.181716
Y 0.294392 -0.850391 0.436083
Z -0.051098 -0.469657 -0.881369

PART 65
OFFSET 23.261758 -4.926841 -4.084736
SCALE 1.000000 1.000000 1.000000
X 0.900726 -0.320181 0.293560
Y 0.409236 0.398846 -0.820639
Z 0.145668 0.859306 0.490280

PART 66
OFFSET 21.944845 -4.651766 -5.430750
SCALE 1.000000 1.000000 1.000000
X 0.892568 -0.385826 0.233367
Y 0.443642 0.658851 -0.607534
Z 0.080648 0.645797 0.759238

PART 67
OFFSET 21.990046 -4.289466 -5.004639
SCALE 1.000000 1.000000 1.000000
X 0.892568 -0.385826 0.233367
Y 0.443642 0.658851 -0.607534
Z 0.080648 0.645797 0.759238

PART 68
OFFSET 13.924761 -6.506910 -4.281251
SCALE 1.000000 1.000000 1.000000
X -0.980126 -0.198010 -0.012090
Y -0.128401 0.586755 0.799520
Z -0.151219 0.785182 -0.600518

PART 69
OFFSET 14.058626 -7.215966 -5.157945
SCALE 1.000000 1.000000 1.000000
X 0.010328 -0.867721 0.496944
Y 0.973590 -0.104624 -0.202918
Z 0.228068 0.485916 0.843724

PART 70
OFFSET 11.378902 -8.080537 -6.300407
SCALE 1.000000 1.000000 1.000000
X 0.955620 0.236462 -0.175714
Y -0.094759 -0.318035 -0.943332
Z -0.278945 0.918117 -0.281514

PART 71
OFFSET 11.811831 -7.958919 -5.690065
SCALE 1.000000 1.000000 1.000000
X 0.990282 0.102896 -0.093560
Y -0.046118 -0.391707 -0.918934
Z -0.131203 0.914319 -0.383155

PART 72
OFFSET 10.700557 -7.078971 -4.365380
SCALE 1.000000 1.000000 1.000000
X -0.456584 -0.856966 0.239041
Y -0.852370 0.498344 0.158486
Z -0.254942 -0.131389 -0.957988

PART 73
OFFSET 9.694674 -8.495509 -5.362837
SCALE 1.000000 1.000000 1.000000
X -0.793010 -0.599380 -0.108990
Y -0.424092 0.414699 0.805090
Z -0.437357 0.684666 -0.583053

PART 74
OFFSET 9.816590 -8.686357 -5.200343
SCALE 1.000000 1.000000 1.000000
X -0.793010 -0.599380 -0.108990
Y -0.424092 0.414699 0.805090
Z -0.437357 0.684666 -0.583053

PART 75
OFFSET 26.142775 -3.407830 -4.434391
SCALE 1.000000 1.000000 1.000000
X 0.646764 -0.668198 0.367706
Y -0.762586 -0.574534 0.297277
Z 0.012619 -0.472675 -0.881146

PART 76
OFFSET 25.798844 -3.577582 -4.395255
SCALE 1.000000 1.000000 1.000000
X 0.892211 0.440137 -0.101187
Y -0.053663 -0.119148 -0.991425
Z -0.448419 0.889991 -0.082686

PART 77
OFFSET 26.906321 -4.801345 -4.677861
SCALE 1.000000 1.000000 1.000000
X -0.314355 -0.801659 0.508452
Y -0.945384 0.215734 -0.244352
Z 0.086197 -0.557496 -0.825693

PART 78
OFFSET 25.836963 -5.008333 -6.463304
SCALE 1.000000 1.000000 1.000000
X 0.778554 -0.403232 0.480893
Y -0.617720 -0.627663 0.473774
Z 0.110798 -0.665916 -0.737754

PART 79
OFFSET 25.926079 -4.186579 -6.261881
SCALE 1.000000 1.000000 1.000000
X 0.580264 -0.607373 0.542579
Y -0.806314 -0.522239 0.277712
Z 0.114681 -0.598636 -0.792770

PART 80
OFFSET 25.326344 -5.660735 -3.411869
SCALE 1.000000 1.000000 1.000000
X 0.976485 -0.214886 0.017360
Y 0.094364 0.353626 -0.930615
Z 0.193838 0.910369 0.365588

PART 81
OFFSET 13.924761 -6.506910 -4.281251
SCALE 1.000000 1.000000 1.000000
X -0.981376 -0.185380 -0.050346
Y 0.131537 -0.839511 0.527180
Z -0.139995 0.510740 0.848261

PART 82
OFFSET 13.924761 -6.506910 -4.281251
SCALE 1.000000 1.000000 1.000000
X -0.980126 -0.198010 -0.012090
Y -0.128401 0.586755 0.799520
Z -0.151219 0.785182 -0.600518

PART 83
OFFSET 14.040149 -5.662844 -6.047417
SCALE 1.000000 1.000000 1.000000
X 0.846971 -0.526437 0.074183
Y 0.480206 0.697673 -0.531653
Z 0.228127 0.485918 0.843707

PART 84
OFFSET 13.475736 -7.561681 -6.685964
SCALE 1.000000 1.000000 1.000000
X 0.186598 -0.906526 0.378672
Y 0.922072 0.028575 -0.385963
Z 0.339065 0.421182 0.841214

PART 85
OFFSET 13.869513 -7.745106 -5.884474
SCALE 1.000000 1.000000 1.000000
X 0.057886 -0.880998 0.469566
Y 0.899233 -0.158286 -0.407830
Z 0.433623 0.445857 0.783060

PART 86
OFFSET 11.747110 -5.114693 -4.913293
SCALE 1.000000 1.000000 1.000000
X -0.721411 -0.633852 0.278922
Y -0.643857 0.762219 0.066860
Z -0.254979 -0.131352 -0.957983

PART 87
OFFSET 27.066578 -4.362248 -3.909181
SCALE 1.000000 1.000000 1.000000
X -0.113118 -0.913003 0.391957
Y -0.988046 0.061781 -0.141238
Z 0.104735 -0.403248 -0.909077

PART 88
OFFSET 26.575435 -5.645153 -4.142684
SCALE 1.000000 1.000000 1.000000
X -0.989173 -0.107242 -0.100175
Y -0.008519 0.723429 -0.690346
Z 0.146504 -0.682018 -0.716511

PART 89
OFFSET 26.727019 -5.469322 -5.913528
SCALE 1.000000 1.000000 1.000000
X -0.075733 -0.737720 0.670846
Y -0.995841 0.021781 -0.088469
Z 0.050654 -0.674756 -0.736301

PART 90
OFFSET 26.883501 -5.188741 -5.366622
SCALE 1.000000 1.000000 1.000000
X -0.312334 -0.663499 0.679865
Y -0.948959 0.184859 -0.255548
Z 0.043877 -0.724980 -0.687371

PART 91
OFFSET 26.461904 -5.910618 -3.391688
SCALE 1.000000 1.000000 1.000000
X 0.815540 -0.086371 -0.572219
Y -0.529872 0.286087 -0.798367
Z 0.232660 0.954303 0.187549

PART 92
OFFSET 15.326504 -6.242123 -4.209341
SCALE 1.000000 1.000000 1.000000
X -0.278805 -0.910737 0.304673
Y 0.955303 -0.230538 0.185063
Z -0.098305 0.342652 0.934305

PART 93
OFFSET 13.148655 -5.108735 -6.125497
SCALE 1.000000 1.000000 1.000000
X 0.960951 0.026990 -0.275398
Y -0.156588 0.873598 -0.460768
Z 0.228151 0.485900 0.843711

PART 94
OFFSET 13.262411 -6.525332 -7.118865
SCALE 1.000000 1.000000 1.000000
X 0.644670 -0.755264 0.118225
Y 0.685140 0.502227 -0.527590
Z 0.339094 0.421122 0.841232

PART 95
OFFSET 13.773994 -6.291459 -6.659249
SCALE 1.000000 1.000000 1.000000
X 0.674417 -0.733210 0.086972
Y 0.614965 0.492614 -0.615752
Z 0.408632 0.468758 0.783126

PART 96
OFFSET 12.586044 -4.377587 -5.237645
SCALE 1.000000 1.000000 1.000000
X -0.942607 0.254650 0.215974
Y 0.215589 0.958075 -0.188715
Z -0.254976 -0.131323 -0.957988

PART 97
OFFSET 26.955917 -5.255448 -3.525718
SCALE 1.000000 1.000000 1.000000
X -0.992696 -0.019807 -0.119002
Y 0.044648 0.856069 -0.514929
Z 0.112073 -0.516481 -0.848933

PART 98
OFFSET 26.671809 -6.007102 -5.424502
SCALE 1.000000 1.000000 1.000000
X -0.977087 -0.204475 0.059093
Y -0.194609 0.745832 -0.637073
Z 0.086192 -0.633975 -0.768535

PART 99
OFFSET 26.613588 -5.762112 -4.779108
SCALE 1.000000 1.000000 1.000000
X -0.993069 -0.116030 -0.018710
Y -0.071569 0.723293 -0.686822
Z 0.093225 -0.680723 -0.726585

PART 100
OFFSET 15.599266 -5.351135 -4.507403
SCALE 1.000000 1.000000 1.000000
X 0.353731 -0.865512 0.354632
Y 0.930176 0.365325 -0.036204
Z -0.098221 0.342677 0.934305

PART 101
OFFSET 12.792464 -5.974768 -7.205044
SCALE 1.000000 1.000000 1.000000
X 0.939954 -0.114459 -0.321536
Y -0.039144 0.899719 -0.434710
Z 0.339049 0.421194 0.841214

PART 102
OFFSET 13.191189 -5.657848 -6.734402
SCALE 1.000000 1.000000 1.000000
X 0.937595 -0.171231 -0.302647
Y -0.007806 0.859769 -0.510623
Z 0.347641 0.481120 0.804779

PART 103
OFFSET 0.000000 0.000000 0.000000
SCALE 1.000000 1.000000 1.000000
X 1.000000 0.000000 0.000000
Y 0.000000 1.000000 0.000000
Z 0.000000 0.000000 1.000000

PART 104
OFFSET 0.000000 0.000000 0.000000
SCALE 1.000000 1.000000 1.000000
X 1.000000 0.000000 0.000000
Y 0.000000 1.000000 0.000000
Z 0.000000 0.000000 1.000000

PART 105
OFFSET -4.631890 0.000000 -1.376772
SCALE 1.000000 1.000000 1.000000
X 1.000000 0.000000 0.000000
Y 0.000000 1.000000 0.000000
Z 0.000000 0.000000 1.000000

PART 106
OFFSET 1.343011 -0.000003 3.624172
SCALE 1.000000 1.000000 1.000000
X 1.000000 0.000000 0.000000
Y 0.000000 1.000000 0.000000
Z 0.000000 0.000000 1.000000

PART 107
OFFSET 1.540551 0.000000 4.135827
SCALE 1.000000 1.000000 1.000000
X 1.000000 0.000000 0.000000
Y 0.000000 1.000000 0.000000
Z 0.000000 0.000000 1.000000

FRAME 1
PART 0
OFFSET 0.000000 0.000000 0.000000
SCALE 1.000000 1.000000 1.000000
X 1.000000 0.000000 0.000000
Y 0.000000 1.000000 0.000000
Z 0.000000 0.000000 1.000000

PART 1
OFFSET 4.027863 0.754312 -5.074294
SCALE 1.000000 1.000000 1.000000
X 0.929903 -0.139656 -0.340260
Y -0.230183 0.500579 -0.834528
Z 0.286873 0.854352 0.433343

PART 2
OFFSET -4.451415 -9.268034 0.197352
SCALE 1.000000 1.000000 1.000000
X -0.627940 0.462529 0.625906
Y 0.685292 0.709793 0.162999
Z -0.368872 0.531282 -0.762675

PART 3
OFFSET 13.745596 17.667068 -17.903065
SCALE 1.000000 1.000000 1.000000
X 0.998737 0.041892 -0.027740
Y 0.021387 0.145113 0.989184
Z 0.045465 -0.988528 0.144033

PART 4
OFFSET 11.634106 -5.792759 -5.807412
SCALE 1.000000 1.000000 1.000000
X 0.999972 0.002319 0.007166
Y 0.001281 0.885236 -0.465140
Z -0.007422 0.465136 0.885208

PART 5
OFFSET 14.008248 -0.744546 -8.726214
SCALE 1.000000 1.000000 1.000000
X 0.818641 -0.453562 0.352291
Y 0.497529 0.253691 -0.829521
Z 0.286866 0.854355 0.433342

PART 6
OFFSET 2.288200 -14.232234 -6.520258
SCALE 1.000000 1.000000 1.000000
X -0.753035 -0.651819 -0.089835
Y -0.544856 0.541186 0.640508
Z -0.368878 0.531271 -0.762679

PART 7
OFFSET 13.863982 -0.818120 -8.485695
SCALE 1.000000 1.000000 1.000000
X 0.773830 -0.473315 0.420904
Y 0.564713 0.214601 -0.796898
Z 0.286857 0.854353 0.433352

PART 8
OFFSET 21.663595 -2.991232 -4.821835
SCALE 1.000000 1.000000 1.000000
X 0.818641 -0.453562 0.352291
Y 0.497529 0.253691 -0.829521
Z 0.286866 0.854355 0.433342

PART 9
OFFSET 20.533099 -4.264647 -3.834236
SCALE 1.000000 1.000000 1.000000
X 0.818641 -0.453561 0.352291
Y 0.497250 0.866701 -0.039650
Z -0.287347 0.207635 0.935050

PART 10
OFFSET 19.968412 -5.946462 -4.687273
SCALE 1.000000 1.000000 1.000000
X 0.818630 -0.453572 0.352303
Y -0.000440 0.612929 0.790138
Z -0.574321 -0.646986 0.501563

PART 11
OFFSET 20.534226 -6.354857 -6.527932
SCALE 1.000000 1.000000 1.000000
X 0.818641 -0.453562 0.352291
Y -0.497529 -0.253691 0.829521
Z -0.286866 -0.854355 -0.433342

PART 12
OFFSET 21.664724 -5.081440 -7.515540
SCALE 1.000000 1.000000 1.000000
X 0.818653 -0.453541 0.352289
Y -0.497231 -0.866711 0.039658
Z 0.287346 -0.207635 -0.935051

PART 13
OFFSET 22.229403 -3.399627 -6.662485
SCALE 1.000000 1.000000 1.000000
X 0.818645 -0.453557 0.352288
Y 0.000438 -0.612928 -0.790139
Z 0.574300 0.646997 -0.501572

PART 14
OFFSET 19.407472 -1.741259 -5.792712
SCALE 1.000000 1.000000 1.000000
X 0.818641 -0.453562 0.352291
Y 0.497529 0.253691 -0.829521
Z 0.286866 0.854355 0.433342

PART 15
OFFSET 18.276977 -3.014675 -4.805113
SCALE 1.000000 1.000000 1.000000
X 0.818641 -0.453561 0.352291
Y 0.497250 0.866701 -0.039650
Z -0.287347 0.207635 0.935050

PART 16
OFFSET 17.712283 -4.696485 -5.658150
SCALE 1.000000 1.000000 1.000000
X 0.818630 -0.453572 0.352303
Y -0.000440 0.612929 0.790138
Z -0.574321 -0.646986 0.501563

PART 17
OFFSET 18.278105 -5.104884 -7.498807
SCALE 1.000000 1.000000 1.000000
X 0.818641 -0.453562 0.352291
Y -0.497529 -0.253691 0.829521
Z -0.286866 -0.854355 -0.433342

PART 18
OFFSET 19.408603 -3.831467 -8.486418
SCALE 1.000000 1.000000 1.000000
X 0.818653 -0.453541 0.352289
Y -0.497231 -0.866711 0.039658
Z 0.287346 -0.207635 -0.935051

PART 19
OFFSET 19.973282 -2.149654 -7.633363
SCALE 1.000000 1.000000 1.000000
X 0.818645 -0.453557 0.352288
Y 0.000438 -0.612928 -0.790139
Z 0.574300 0.646997 -0.501572

PART 20
OFFSET 17.151349 -0.491285 -6.763590
SCALE 1.000000 1.000000 1.000000
X 0.818641 -0.453562 0.352291
Y 0.497529 0.253691 -0.829521
Z 0.286866 0.854355 0.433342

PART 21
OFFSET 16.020854 -1.764704 -5.775987
SCALE 1.000000 1.000000 1.000000
X 0.818641 -0.453561 0.352291
Y 0.497250 0.866701 -0.039650
Z -0.287347 0.207635 0.935050

PART 22
OFFSET 15.456148 -3.446504 -6.629031
SCALE 1.000000 1.000000 1.000000
X 0.818630 -0.453572 0.352303
Y -0.000440 0.612929 0.790138
Z -0.574321 -0.646986 0.501563

PART 23
OFFSET 16.021976 -3.854904 -8.469688
SCALE 1.000000 1.000000 1.000000
X 0.818641 -0.453562 0.352291
Y -0.497529 -0.253691 0.829521
Z -0.286866 -0.854355 -0.433342

PART 24
OFFSET 17.152482 -2.581495 -9.457299
SCALE 1.000000 1.000000 1.000000
X 0.818653 -0.453541 0.352289
Y -0.497231 -0.866711 0.039658
Z 0.287346 -0.207635 -0.935051

PART 25
OFFSET 17.717163 -0.899690 -8.604245
SCALE 1.000000 1.000000 1.000000
X 0.818645 -0.453557 0.352288
Y 0.000438 -0.612928 -0.790139
Z 0.574300 0.646997 -0.501572

PART 26
OFFSET 22.035925 -5.192182 -5.271665
SCALE 1.000000 1.000000 1.000000
X 0.891615 0.448560 -0.061773
Y -0.046775 -0.044449 -0.997916
Z -0.450371 0.892647 -0.018650

PART 27
OFFSET 20.029005 -4.080273 -6.135303
SCALE 1.000000 1.000000 1.000000
X 0.818641 -0.453562 0.352291
Y 0.497529 0.253691 -0.829521
Z 0.286866 0.854355 0.433342

PART 28
OFFSET 19.025545 -3.524318 -6.567121
SCALE 1.000000 1.000000 1.000000
X 0.818641 -0.453562 0.352291
Y 0.497529 0.253691 -0.829521
Z 0.286866 0.854355 0.433342

PART 29
OFFSET 18.022086 -2.968364 -6.998940
SCALE 1.000000 1.000000 1.000000
X 0.818641 -0.453562 0.352291
Y 0.497529 0.253691 -0.829521
Z 0.286866 0.854355 0.433342

PART 30
OFFSET 17.018626 -2.412409 -7.430758
SCALE 1.000000 1.000000 1.000000
X 0.818641 -0.453562 0.352291
Y 0.497529 0.253691 -0.829521
Z 0.286866 0.854355 0.433342

PART 31
OFFSET 16.015167 -1.856455 -7.862577
SCALE 1.000000 1.000000 1.000000
X 0.818641 -0.453562 0.352291
Y 0.497529 0.253691 -0.829521
Z 0.286866 0.854355 0.433342

PART 32
OFFSET 15.011707 -1.300501 -8.294394
SCALE 1.000000 1.000000 1.000000
X 0.818641 -0.453562 0.352291
Y 0.497529 0.253691 -0.829521
Z 0.286866 0.854355 0.433342

PART 33
OFFSET 21.032464 -4.636227 -5.703485
SCALE 1.000000 1.000000 1.000000
X 0.818641 -0.453562 0.352291
Y 0.497529 0.253691 -0.829521
Z 0.286866 0.854355 0.433342

PART 34
OFFSET 2.799862 -14.740461 -7.121709
SCALE 1.000000 1.000000 1.000000
X -0.872070 -0.481725 0.086223
Y -0.321595 0.696916 0.641003
Z -0.368878 0.531270 -0.762680

PART 35
OFFSET 9.536712 -9.632399 -4.240816
SCALE 1.000000 1.000000 1.000000
X -0.753035 -0.651819 -0.089835
Y -0.544856 0.541186 0.640508
Z -0.368878 0.531271 -0.762679

PART 36
OFFSET 8.244802 -8.186871 -3.899577
SCALE 1.000000 1.000000 1.000000
X -0.753034 -0.651821 -0.089832
Y -0.591941 0.730724 -0.340072
Z 0.287309 -0.202911 -0.936099

PART 37
OFFSET 7.518670 -7.141077 -5.400931
SCALE 1.000000 1.000000 1.000000
X -0.753029 -0.651827 -0.089834
Y -0.046910 0.189364 -0.980786
Z 0.656314 -0.734346 -0.173173

PART 38
OFFSET 8.084463 -7.540776 -7.243498
SCALE 1.000000 1.000000 1.000000
X -0.753035 -0.651819 -0.089835
Y 0.544856 -0.541186 -0.640508
Z 0.368878 -0.531271 0.762679

PART 39
OFFSET 9.376372 -8.986309 -7.584739
SCALE 1.000000 1.000000 1.000000
X -0.753053 -0.651797 -0.089843
Y 0.591917 -0.730744 0.340070
Z -0.287308 0.202911 0.936099

PART 40
OFFSET 10.102506 -10.032104 -6.083396
SCALE 1.000000 1.000000 1.000000
X -0.753040 -0.651812 -0.089841
Y 0.046902 -0.189371 0.980785
Z -0.656301 0.734357 0.173175

PART 41
OFFSET 7.461456 -11.428679 -4.488540
SCALE 1.000000 1.000000 1.000000
X -0.753035 -0.651819 -0.089835
Y -0.544856 0.541186 0.640508
Z -0.368878 0.531271 -0.762679

PART 42
OFFSET 6.169532 -9.983185 -4.147319
SCALE 1.000000 1.000000 1.000000
X -0.753034 -0.651821 -0.089832
Y -0.591941 0.730724 -0.340072
Z 0.287309 -0.202911 -0.936099

PART 43
OFFSET 5.443415 -8.937357 -5.648659
SCALE 1.000000 1.000000 1.000000
X -0.753029 -0.651827 -0.089834
Y -0.046910 0.189364 -0.980786
Z 0.656314 -0.734346 -0.173173

PART 44
OFFSET 6.009056 -9.337198 -7.490890
SCALE 1.000000 1.000000 1.000000
X -0.753035 -0.651819 -0.089835
Y 0.544856 -0.541186 -0.640508
Z 0.368878 -0.531271 0.762679

PART 45
OFFSET 7.301115 -10.782588 -7.832469
SCALE 1.000000 1.000000 1.000000
X -0.753053 -0.651797 -0.089843
Y 0.591917 -0.730744 0.340070
Z -0.287308 0.202911 0.936099

PART 46
OFFSET 8.027250 -11.828384 -6.331122
SCALE 1.000000 1.000000 1.000000
X -0.753040 -0.651812 -0.089841
Y 0.046902 -0.189371 0.980785
Z -0.656301 0.734357 0.173175

PART 47
OFFSET 5.386097 -13.225089 -4.735903
SCALE 1.000000 1.000000 1.000000
X -0.753035 -0.651819 -0.089835
Y -0.544856 0.541186 0.640508
Z -0.368878 0.531271 -0.762679

PART 48
OFFSET 4.094175 -11.779598 -4.394687
SCALE 1.000000 1.000000 1.000000
X -0.753034 -0.651821 -0.089832
Y -0.591941 0.730724 -0.340072
Z 0.287309 -0.202911 -0.936099

PART 49
OFFSET 3.368058 -10.733768 -5.896027
SCALE 1.000000 1.000000 1.000000
X -0.753029 -0.651827 -0.089834
Y -0.046910 0.189364 -0.980786
Z 0.656314 -0.734346 -0.173173

PART 50
OFFSET 3.933833 -11.133497 -7.738613
SCALE 1.000000 1.000000 1.000000
X -0.753035 -0.651819 -0.089835
Y 0.544856 -0.541186 -0.640508
Z 0.368878 -0.531271 0.762679

PART 51
OFFSET 5.225759 -12.579000 -8.079836
SCALE 1.000000 1.000000 1.000000
X -0.753053 -0.651797 -0.089843
Y 0.591917 -0.730744 0.340070
Z -0.287308 0.202911 0.936099

PART 52
OFFSET 5.951889 -13.624793 -6.578488
SCALE 1.000000 1.000000 1.000000
X -0.753040 -0.651812 -0.089841
Y 0.046902 -0.189371 0.980785
Z -0.656301 0.734357 0.173175

PART 53
OFFSET 9.672480 -7.840526 -5.639338
SCALE 1.000000 1.000000 1.000000
X -0.979487 -0.198691 -0.033559
Y -0.135301 0.525079 0.840230
Z -0.149325 0.827535 -0.541191

PART 54
OFFSET 7.826410 -9.438453 -5.859568
SCALE 1.000000 1.000000 1.000000
X -0.753035 -0.651819 -0.089835
Y -0.544856 0.541186 0.640508
Z -0.368878 0.531271 -0.762679

PART 55
OFFSET 6.903375 -10.237416 -5.969683
SCALE 1.000000 1.000000 1.000000
X -0.753035 -0.651819 -0.089835
Y -0.544856 0.541186 0.640508
Z -0.368878 0.531271 -0.762679

PART 56
OFFSET 5.980340 -11.036379 -6.079798
SCALE 1.000000 1.000000 1.000000
X -0.753035 -0.651819 -0.089835
Y -0.544856 0.541186 0.640508
Z -0.368878 0.531271 -0.762679

PART 57
OFFSET 5.057305 -11.835344 -6.189913
SCALE 1.000000 1.000000 1.000000
X -0.753035 -0.651819 -0.089835
Y -0.544856 0.541186 0.640508
Z -0.368878 0.531271 -0.762679

PART 58
OFFSET 4.134270 -12.634307 -6.300029
SCALE 1.000000 1.000000 1.000000
X -0.753035 -0.651819 -0.089835
Y -0.544856 0.541186 0.640508
Z -0.368878 0.531271 -0.762679

PART 59
OFFSET 3.211234 -13.433270 -6.410143
SCALE 1.000000 1.000000 1.000000
X -0.753035 -0.651819 -0.089835
Y -0.544856 0.541186 0.640508
Z -0.368878 0.531271 -0.762679

PART 60
OFFSET 8.749446 -8.639488 -5.749453
SCALE 1.000000 1.000000 1.000000
X -0.753035 -0.651819 -0.089835
Y -0.544856 0.541186 0.640508
Z -0.368878 0.531271 -0.762679

PART 61
OFFSET 25.130163 -3.526358 -4.413315
SCALE 1.000000 1.000000 1.000000
X 0.891615 0.448560 -0.061773
Y -0.046775 -0.044449 -0.997916
Z -0.450371 0.892647 -0.018650

PART 62
OFFSET 25.036722 -3.540566 -5.544846
SCALE 1.000000 1.000000 1.000000
X 0.481873 -0.757201 0.440959
Y -0.871900 -0.464379 0.155381
Z 0.087118 -0.459346 -0.883975

PART 63
OFFSET 22.665343 -5.217730 -6.437844
SCALE 1.000000 1.000000 1.000000
X 0.992110 0.112619 -0.055096
Y 0.123473 -0.801422 0.585216
Z 0.021751 -0.587401 -0.809003

PART 64
OFFSET 22.943744 -4.690512 -5.969570
SCALE 1.000000 1.000000 1.000000
X 0.954825 0.252377 -0.156894
Y 0.293902 -0.880067 0.372967
Z -0.043949 -0.402229 -0.914483

PART 65
OFFSET 22.251194 -5.074014 -4.198344
SCALE 1.000000 1.000000 1.000000
X 0.899666 -0.339244 0.274798
Y 0.413522 0.460320 -0.785561
Z 0.140002 0.820377 0.554419

PART 66
OFFSET 21.032464 -4.636227 -5.703485
SCALE 1.000000 1.000000 1.000000
X 0.818639 -0.453566 0.352289
Y 0.573384 0.610695 -0.546153
Z 0.032575 0.649099 0.760006

PART 67
OFFSET 21.050674 -4.272068 -5.276950
SCALE 1.000000 1.000000 1.000000
X 0.818639 -0.453566 0.352289
Y 0.573384 0.610695 -0.546153
Z 0.032575 0.649099 0.760006

PART 68
OFFSET 12.920766 -6.653862 -4.578031
SCALE 1.000000 1.000000 1.000000
X -0.979487 -0.198691 -0.033559
Y -0.135301 0.525079 0.840230
Z -0.149325 0.827535 -0.541191

PART 69
OFFSET 13.062373 -7.295120 -5.504319
SCALE 1.000000 1.000000 1.000000
X -0.006866 -0.890354 0.455217
Y 0.983677 -0.087872 -0.157031
Z 0.179814 0.446708 0.876424

PART 70
OFFSET 10.392653 -8.077737 -6.726499
SCALE 1.000000 1.000000 1.000000
X 0.940701 0.275790 -0.197538
Y -0.125038 -0.259422 -0.957636
Z -0.315352 0.925549 -0.209554

PART 71
OFFSET 10.821178 -8.001128 -6.105827
SCALE 1.000000 1.000000 1.000000
X 0.984021 0.139669 -0.110431
Y -0.059403 -0.327160 -0.943100
Z -0.167851 0.934590 -0.313635

PART 72
OFFSET 9.698744 -7.225070 -4.726732
SCALE 1.000000 1.000000 1.000000
X -0.417767 -0.887514 0.194396
Y -0.869967 0.452453 0.196069
Z -0.261969 -0.087207 -0.961128

PART 73
OFFSET 8.749446 -8.639488 -5.749453
SCALE 1.000000 1.000000 1.000000
X -0.753036 -0.651818 -0.089834
Y -0.444683 0.403529 0.799638
Z -0.484968 0.642104 -0.593724

PART 74
OFFSET 8.884634 -8.818472 -5.583985
SCALE 1.000000 1.000000 1.000000
X -0.753036 -0.651818 -0.089834
Y -0.444683 0.403529 0.799638
Z -0.484968 0.642104 -0.593724

PART 75
OFFSET 25.130163 -3.526358 -4.413315
SCALE 1.000000 1.000000 1.000000
X 0.646202 -0.692436 0.320866
Y -0.762910 -0.597009 0.248090
Z 0.019773 -0.405108 -0.914055

PART 76
OFFSET 24.786460 -3.699366 -4.389380
SCALE 1.000000 1.000000 1.000000
X 0.891615 0.448560 -0.061773
Y -0.046775 -0.044449 -0.997916
Z -0.450371 0.892647 -0.018650

PART 77
OFFSET 25.899227 -4.895870 -4.755571
SCALE 1.000000 1.000000 1.000000
X -0.315445 -0.838320 0.444651
Y -0.944354 0.231292 -0.233880
Z 0.093221 -0.493684 -0.864630

PART 78
OFFSET 24.842276 -4.970609 -6.558747
SCALE 1.000000 1.000000 1.000000
X 0.776494 -0.436418 0.454529
Y -0.619064 -0.662912 0.421078
Z 0.117547 -0.608347 -0.784918

PART 79
OFFSET 24.927742 -4.166106 -6.295567
SCALE 1.000000 1.000000 1.000000
X 0.578377 -0.645075 0.499358
Y -0.806655 -0.543493 0.232212
Z 0.121604 -0.537116 -0.834697

PART 80
OFFSET 24.313350 -5.851602 -3.568479
SCALE 1.000000 1.000000 1.000000
X 0.976951 -0.213321 0.007809
Y 0.099512 0.422762 -0.900761
Z 0.188850 0.880776 0.434246

PART 81
OFFSET 12.920766 -6.653862 -4.578031
SCALE 1.000000 1.000000 1.000000
X -0.978902 -0.199826 -0.042676
Y 0.154870 -0.861825 0.482984
Z -0.133292 0.466184 0.874589

PART 82
OFFSET 12.920766 -6.653862 -4.578031
SCALE 1.000000 1.000000 1.000000
X -0.979487 -0.198691 -0.033559
Y -0.135301 0.525079 0.840230
Z -0.149325 0.827535 -0.541191

PART 83
OFFSET 13.074671 -5.701488 -6.319103
SCALE 1.000000 1.000000 1.000000
X 0.852905 -0.514714 0.087310
Y 0.490106 0.731797 -0.473570
Z 0.179860 0.446702 0.876418

PART 84
OFFSET 12.456750 -7.472587 -7.159941
SCALE 1.000000 1.000000 1.000000
X 0.231482 -0.916477 0.326322
Y 0.930943 0.111301 -0.347790
Z 0.282422 0.384294 0.878952

PART 85
OFFSET 12.865850 -7.710906 -6.335292
SCALE 1.000000 1.000000 1.000000
X 0.072013 -0.902525 0.424574
Y 0.928390 -0.094938 -0.359276
Z 0.364564 0.420043 0.831058

PART 86
OFFSET 10.656322 -5.190772 -5.172314
SCALE 1.000000 1.000000 1.000000
X -0.730901 -0.632417 0.256579
Y -0.630193 0.769711 0.101995
Z -0.261995 -0.087146 -0.961126

PART 87
OFFSET 26.053163 -4.515396 -3.955008
SCALE 1.000000 1.000000 1.000000
X -0.113130 -0.940130 0.321493
Y -0.987262 0.069929 -0.142913
Z 0.111875 -0.333566 -0.936065

PART 88
OFFSET 25.567194 -5.778266 -4.287549
SCALE 1.000000 1.000000 1.000000
X -0.988184 -0.101704 -0.114671
Y -0.005998 0.773229 -0.634099
Z 0.153157 -0.625918 -0.764702

PART 89
OFFSET 25.729977 -5.469537 -6.039112
SCALE 1.000000 1.000000 1.000000
X -0.078082 -0.786209 0.613008
Y -0.995292 0.026060 -0.093353
Z 0.057420 -0.617411 -0.784542

PART 90
OFFSET 25.882050 -5.230476 -5.471623
SCALE 1.000000 1.000000 1.000000
X -0.314946 -0.713424 0.625967
Y -0.947767 0.201338 -0.247387
Z 0.050461 -0.671185 -0.739570

PART 91
OFFSET 25.449453 -6.099666 -3.559403
SCALE 1.000000 1.000000 1.000000
X 0.819543 -0.041247 -0.571532
Y -0.525390 0.344032 -0.778208
Z 0.228724 0.938052 0.260278

PART 92
OFFSET 14.318975 -6.368440 -4.517076
SCALE 1.000000 1.000000 1.000000
X -0.037491 -0.955472 0.292689
Y 0.995475 -0.010119 0.094480
Z -0.087311 0.294907 0.951529

PART 93
OFFSET 12.176932 -5.159718 -6.411000
SCALE 1.000000 1.000000 1.000000
X 0.971781 0.057513 -0.228768
Y -0.152592 0.892842 -0.423733
Z 0.179884 0.446683 0.876422

PART 94
OFFSET 12.192113 -6.424862 -7.532996
SCALE 1.000000 1.000000 1.000000
X 0.695070 -0.713472 0.088517
Y 0.661133 0.585947 -0.468582
Z 0.282454 0.384219 0.878974

PART 95
OFFSET 12.747022 -6.221740 -7.035831
SCALE 1.000000 1.000000 1.000000
X 0.714281 -0.696476 0.068729
Y 0.608726 0.569811 -0.552058
Z 0.345333 0.436162 0.830968

PART 96
OFFSET 11.506291 -4.455336 -5.470683
SCALE 1.000000 1.000000 1.000000
X -0.942702 0.236316 0.235517
Y 0.206609 0.967761 -0.144051
Z -0.261966 -0.087138 -0.961135

PART 97
OFFSET 25.942491 -5.435135 -3.640481
SCALE 1.000000 1.000000 1.000000
X -0.991829 -0.013109 -0.126901
Y 0.045634 0.892438 -0.448857
Z 0.119135 -0.450980 -0.884547

PART 98
OFFSET 25.673054 -6.042665 -5.592248
SCALE 1.000000 1.000000 1.000000
X -0.976875 -0.210599 0.036922
Y -0.192499 0.791135 -0.580560
Z 0.093055 -0.574242 -0.813380

PART 99
OFFSET 25.609880 -5.846991 -4.930686
SCALE 1.000000 1.000000 1.000000
X -0.992593 -0.116596 -0.034124
Y -0.069070 0.772683 -0.631024
Z 0.099942 -0.623993 -0.775013

PART 100
OFFSET 14.355656 -5.433687 -4.803414
SCALE 1.000000 1.000000 1.000000
X 0.421536 -0.854511 0.303510
Y 0.902606 0.427578 -0.049788
Z -0.087230 0.294938 0.951526

PART 101
OFFSET 11.685425 -5.904763 -7.597519
SCALE 1.000000 1.000000 1.000000
X 0.954781 -0.023807 -0.296355
Y -0.092960 0.922906 -0.373634
Z 0.282403 0.384288 0.878960

PART 102
OFFSET 12.129768 -5.619874 -7.095219
SCALE 1.000000 1.000000 1.000000
X 0.953384 -0.101587 -0.284146
Y -0.039580 0.891397 -0.451491
Z 0.299153 0.441691 0.845823

PART 103
OFFSET 0.000000 0.000000 0.000000
SCALE 1.000000 1.000000 1.000000
X 1.000000 0.000000 0.000000
Y 0.000000 1.000000 0.000000
Z 0.000000 0.000000 1.000000

PART 104
OFFSET 0.000000 0.000000 0.000000
SCALE 1.000000 1.000000 1.000000
X 1.000000 0.000000 0.000000
Y 0.000000 1.000000 0.000000
Z 0.000000 0.000000 1.000000

PART 105
OFFSET -4.631890 0.000000 -1.376772
SCALE 1.000000 1.000000 1.000000
X 1.000000 0.000000 0.000000
Y 0.000000 1.000000 0.000000
Z 0.000000 0.000000 1.000000

PART 106
OFFSET 1.343011 -0.000003 3.624172
SCALE 1.000000 1.000000 1.000000
X 1.000000 0.000000 0.000000
Y 0.000000 1.000000 0.000000
Z 0.000000 0.000000 1.000000

PART 107
OFFSET 1.540551 0.000000 4.135827
SCALE 1.000000 1.000000 1.000000
X 1.000000 0.000000 0.000000
Y 0.000000 1.000000 0.000000
Z 0.000000 0.000000 1.000000

FRAME 2
PART 0
OFFSET 0.000000 0.000000 0.000000
SCALE 1.000000 1.000000 1.000000
X 1.000000 0.000000 0.000000
Y 0.000000 1.000000 0.000000
Z 0.000000 0.000000 1.000000

PART 1
OFFSET 4.027863 0.754312 -5.074294
SCALE 1.000000 1.000000 1.000000
X 0.942446 -0.162264 -0.292347
Y -0.182071 0.484298 -0.855749
Z 0.280440 0.859725 0.426881

PART 2
OFFSET -4.451415 -9.268034 0.197352
SCALE 1.000000 1.000000 1.000000
X -0.652565 0.438156 0.618205
Y 0.671594 0.712250 0.204111
