// Export time: Sat Jun 18 03:06:11 2022

MODEL
VERSION 6

NUMBONES 81
BONE 0 -1 "tag_view"
BONE 1 0 "tag_ads"
BONE 2 0 "tag_cambone"
BONE 3 1 "tag_torso"
BONE 4 2 "tag_camera"
BONE 5 3 "j_shoulder_le"
BONE 6 3 "j_shoulder_ri"
BONE 7 3 "tag_weapon"
BONE 8 3 "tag_weapon1"
BONE 9 4 "tag_gasmask"
BONE 10 4 "tag_gasmask2"
BONE 11 5 "j_elbow_le"
BONE 12 6 "j_elbow_ri"
BONE 13 7 "j_gun"
BONE 14 11 "j_sleave_reshape_bottom_le_1"
BONE 15 11 "j_sleave_reshape_bottom_le_2"
BONE 16 11 "j_sleave_reshape_top_le_1"
BONE 17 11 "j_sleave_reshape_top_le_2"
BONE 18 11 "j_sleave_reshape_top_le_3"
BONE 19 11 "j_wrist_le"
BONE 20 11 "j_wristtwist_le"
BONE 21 12 "j_sleave_reshape_top_ri_1"
BONE 22 12 "j_sleave_reshape_top_ri_2"
BONE 23 12 "j_sleave_reshape_top_ri_3"
BONE 24 12 "j_wrist_ri"
BONE 25 12 "j_wristtwist_ri"
BONE 26 13 "tag_bolt_animate"
BONE 27 13 "tag_brass"
BONE 28 13 "tag_flash"
BONE 29 13 "tag_handguard"
BONE 30 13 "tag_mag_release_animate"
BONE 31 13 "tag_frame"
BONE 32 13 "tag_ext_mag_animate"
BONE 33 19 "j_index_le_0"
BONE 34 19 "j_mid_le_0"
BONE 35 19 "j_pinkypalm_le"
BONE 36 19 "j_ringpalm_le"
BONE 37 19 "j_thumb_le_0"
BONE 38 19 "j_webbing_le"
BONE 39 19 "tag_knife_attach"
BONE 40 24 "j_index_ri_0"
BONE 41 24 "j_mid_ri_0"
BONE 42 24 "j_pinkypalm_ri"
BONE 43 24 "j_ringpalm_ri"
BONE 44 24 "j_thumb_ri_0"
BONE 45 24 "j_webbing_ri"
BONE 46 32 "tag_ext_mag_bullet_animate"
BONE 47 33 "j_index_le_1"
BONE 48 34 "j_mid_le_1"
BONE 49 35 "j_pinky_le_0"
BONE 50 36 "j_ring_le_0"
BONE 51 37 "j_thumb_le_1"
BONE 52 40 "j_index_ri_1"
BONE 53 41 "j_mid_ri_1"
BONE 54 42 "j_pinky_ri_0"
BONE 55 43 "j_ring_ri_0"
BONE 56 44 "j_thumb_ri_1"
BONE 57 47 "j_index_le_2"
BONE 58 48 "j_mid_le_2"
BONE 59 49 "j_pinky_le_1"
BONE 60 50 "j_ring_le_1"
BONE 61 51 "j_thumb_le_2"
BONE 62 52 "j_index_ri_2"
BONE 63 53 "j_mid_ri_2"
BONE 64 54 "j_pinky_ri_1"
BONE 65 55 "j_ring_ri_1"
BONE 66 56 "j_thumb_ri_2"
BONE 67 57 "j_index_le_3"
BONE 68 58 "j_mid_le_3"
BONE 69 59 "j_pinky_le_2"
BONE 70 60 "j_ring_le_2"
BONE 71 61 "j_thumb_le_3"
BONE 72 62 "j_index_ri_3"
BONE 73 63 "j_mid_ri_3"
BONE 74 64 "j_pinky_ri_2"
BONE 75 65 "j_ring_ri_2"
BONE 76 66 "j_thumb_ri_3"
BONE 77 69 "j_pinky_le_3"
BONE 78 70 "j_ring_le_3"
BONE 79 74 "j_pinky_ri_3"
BONE 80 75 "j_ring_ri_3"

BONE 0
OFFSET 0.000000 0.000000 0.000000
SCALE 1.000000 1.000000 1.000000
X 1.000000 0.000000 0.000000
Y 0.000000 1.000000 0.000000
Z 0.000000 0.000000 1.000000

BONE 1
OFFSET 0.000000 0.000000 0.000000
SCALE 1.000000 1.000000 1.000000
X 1.000000 0.000000 0.000000
Y 0.000000 1.000000 0.000000
Z 0.000000 0.000000 1.000000

BONE 2
OFFSET 0.000000 0.000000 0.000000
SCALE 1.000000 1.000000 1.000000
X 1.000000 0.000000 0.000000
Y 0.000000 1.000000 0.000000
Z 0.000000 0.000000 1.000000

BONE 3
OFFSET 0.000000 0.000000 0.000000
SCALE 1.000000 1.000000 1.000000
X 1.000000 0.000000 0.000000
Y 0.000000 1.000000 0.000000
Z 0.000000 0.000000 1.000000

BONE 4
OFFSET 0.000000 0.000000 0.000000
SCALE 1.000000 1.000000 1.000000
X 1.000000 0.000000 0.000000
Y 0.000000 1.000000 0.000000
Z 0.000000 0.000000 1.000000

BONE 5
OFFSET -0.053025 6.396785 -1.754188
SCALE 1.000000 1.000000 1.000000
X 0.025414 0.605271 -0.795613
Y 0.626955 -0.629548 -0.458909
Z -0.778641 -0.487151 -0.395477

BONE 6
OFFSET -0.053150 -6.396850 -1.754331
SCALE 1.000000 1.000000 1.000000
X -0.025057 0.605801 0.795221
Y -0.627073 -0.629039 0.459445
Z 0.778558 -0.487149 0.395644

BONE 7
OFFSET 13.873878 -17.980217 -17.371610
SCALE 1.000000 1.000000 1.000000
X 1.000000 0.000000 0.000000
Y 0.000000 1.000000 0.000000
Z 0.000000 0.000000 1.000000

BONE 8
OFFSET 13.908925 18.076323 -17.331984
SCALE 1.000000 1.000000 1.000000
X 1.000000 0.000000 0.000000
Y 0.000000 1.000000 0.000000
Z 0.000000 0.000000 1.000000

BONE 9
OFFSET 1.540551 0.000000 4.135823
SCALE 1.000000 1.000000 1.000000
X 1.000000 0.000000 0.000000
Y 0.000000 1.000000 0.000000
Z 0.000000 0.000000 1.000000

BONE 10
OFFSET -4.631835 0.000000 -1.376957
SCALE 1.000000 1.000000 1.000000
X 1.000000 0.000000 0.000000
Y 0.000000 1.000000 0.000000
Z 0.000000 0.000000 1.000000

BONE 11
OFFSET 0.254326 13.716875 -11.376245
SCALE 1.000000 1.000000 1.000000
X 0.877508 0.379551 -0.293124
Y 0.457915 -0.481585 0.747254
Z 0.142457 -0.789947 -0.596397

BONE 12
OFFSET 0.249874 -13.723307 -11.371609
SCALE 1.000000 1.000000 1.000000
X -0.877325 0.380033 0.293046
Y -0.458221 -0.481924 -0.746849
Z -0.142601 -0.789509 0.596943

BONE 13
OFFSET 13.873878 -17.980217 -17.371610
SCALE 1.000000 1.000000 1.000000
X 1.000000 0.000000 0.000000
Y 0.000000 1.000000 0.000000
Z 0.000000 0.000000 1.000000

BONE 14
OFFSET 8.332268 18.692298 -14.533198
SCALE 1.000000 1.000000 1.000000
X 0.874365 0.384569 -0.295961
Y -0.151470 0.795705 0.586439
Z 0.461024 -0.467933 0.753987

BONE 15
OFFSET 8.136905 17.357780 -15.540450
SCALE 1.000000 1.000000 1.000000
X 0.874365 0.384569 -0.295961
Y -0.151470 0.795705 0.586439
Z 0.461024 -0.467933 0.753987

BONE 16
OFFSET 9.971460 17.581370 -12.855380
SCALE 1.000000 1.000000 1.000000
X 0.874365 0.384569 -0.295961
Y -0.151470 0.795705 0.586439
Z 0.461024 -0.467933 0.753987

BONE 17
OFFSET 10.171643 16.393136 -13.454985
SCALE 1.000000 1.000000 1.000000
X 0.874365 0.384569 -0.295961
Y -0.151470 0.795705 0.586439
Z 0.461024 -0.467933 0.753987

BONE 18
OFFSET 9.481630 16.230476 -14.420961
SCALE 1.000000 1.000000 1.000000
X 0.874365 0.384569 -0.295961
Y -0.151470 0.795705 0.586439
Z 0.461024 -0.467933 0.753987

BONE 19
OFFSET 10.408056 18.108694 -14.768003
SCALE 1.000000 1.000000 1.000000
X 0.871953 0.271849 -0.407180
Y 0.447128 -0.780954 0.436105
Z -0.199434 -0.562325 -0.802507

BONE 20
OFFSET 7.717904 16.945115 -13.869383
SCALE 1.000000 1.000000 1.000000
X 0.877508 0.379551 -0.293124
Y 0.457915 -0.481585 0.747254
Z 0.142457 -0.789947 -0.596397

BONE 21
OFFSET 9.965375 -17.591981 -12.850120
SCALE 1.000000 1.000000 1.000000
X -0.874180 0.385052 0.295880
Y 0.151618 0.795270 -0.586991
Z -0.461326 -0.468275 -0.753590

BONE 22
OFFSET 10.165846 -16.404209 -13.450541
SCALE 1.000000 1.000000 1.000000
X -0.874180 0.385052 0.295880
Y 0.151618 0.795270 -0.586991
Z -0.461326 -0.468275 -0.753590

BONE 23
OFFSET 9.475705 -16.241953 -14.416509
SCALE 1.000000 1.000000 1.000000
X -0.874180 0.385052 0.295880
Y 0.151618 0.795270 -0.586991
Z -0.461326 -0.468275 -0.753590

BONE 24
OFFSET 10.401459 -18.120676 -14.762473
SCALE 1.000000 1.000000 1.000000
X -0.871787 0.272402 0.407167
Y -0.447466 -0.781095 -0.435505
Z 0.199404 -0.561861 0.802839

BONE 25
OFFSET 7.711850 -16.955633 -13.864086
SCALE 1.000000 1.000000 1.000000
X -0.877325 0.380033 0.293046
Y -0.458221 -0.481924 -0.746849
Z -0.142601 -0.789509 0.596943

BONE 26
OFFSET 17.622294 -17.986877 -13.332247
SCALE 1.000000 1.000000 1.000000
X 1.000000 0.000000 0.000000
Y 0.000000 1.000000 0.000000
Z 0.000000 0.000000 1.000000

BONE 27
OFFSET 24.050505 -18.342068 -13.349643
SCALE 1.000000 1.000000 1.000000
X 0.000000 -0.866099 0.499872
Y 1.000000 0.000000 0.000000
Z -0.000000 0.499872 0.866099

BONE 28
OFFSET 33.257382 -17.980750 -13.332245
SCALE 1.000000 1.000000 1.000000
X 1.000000 0.000000 0.000000
Y 0.000000 1.000000 0.000000
Z 0.000000 0.000000 1.000000

BONE 29
OFFSET 26.687066 -17.980750 -13.332245
SCALE 1.000000 1.000000 1.000000
X 1.000000 0.000000 0.000000
Y 0.000000 1.000000 0.000000
Z 0.000000 0.000000 1.000000

BONE 30
OFFSET 22.726682 -15.491069 -13.580168
SCALE 1.000000 1.000000 1.000000
X 1.000000 0.000000 0.000000
Y 0.000000 1.000000 0.000000
Z 0.000000 0.000000 1.000000

BONE 31
OFFSET 26.858536 -17.980217 -13.281385
SCALE 1.000000 1.000000 1.000000
X 1.000000 0.000000 0.000000
Y 0.000000 1.000000 0.000000
Z 0.000000 0.000000 1.000000

BONE 32
OFFSET 24.042425 -13.989904 -13.317431
SCALE 1.000000 1.000000 1.000000
X 1.000000 0.000000 0.000000
Y 0.000000 1.000000 0.000000
Z 0.000000 0.000000 1.000000

BONE 33
OFFSET 14.217004 18.787932 -15.727454
SCALE 1.000000 1.000000 1.000000
X 0.769367 0.137060 -0.623930
Y -0.445574 -0.584748 -0.677889
Z -0.457753 0.799553 -0.388816

BONE 34
OFFSET 13.603183 19.505295 -16.301076
SCALE 1.000000 1.000000 1.000000
X 0.751201 -0.152906 -0.642119
Y -0.560149 -0.662291 -0.497598
Z -0.349184 0.733479 -0.583164

BONE 35
OFFSET 10.626838 19.061292 -15.741707
SCALE 1.000000 1.000000 1.000000
X 0.561715 0.354273 -0.747641
Y -0.342384 -0.723120 -0.599893
Z -0.753160 0.592949 -0.284889

BONE 36
OFFSET 11.143612 18.680605 -15.429383
SCALE 1.000000 1.000000 1.000000
X 0.693746 0.381240 -0.611042
Y -0.323990 -0.592524 -0.737527
Z -0.643232 0.709628 -0.287543

BONE 37
OFFSET 11.149891 17.246445 -14.859836
SCALE 1.000000 1.000000 1.000000
X 0.786006 -0.468855 -0.402952
Y 0.054325 -0.596891 0.800481
Z -0.615828 -0.651073 -0.443689

BONE 38
OFFSET 13.699061 17.405343 -15.760938
SCALE 1.000000 1.000000 1.000000
X 0.678504 0.250448 -0.690586
Y 0.461524 0.586052 0.665987
Z 0.571514 -0.770596 0.282051

BONE 39
OFFSET 12.227197 18.409684 -17.329893
SCALE 1.000000 1.000000 1.000000
X -0.727565 0.633592 -0.263077
Y 0.199508 0.562308 0.802500
Z 0.656388 0.531385 -0.535522

BONE 40
OFFSET 14.209919 -18.801779 -15.722137
SCALE 1.000000 1.000000 1.000000
X -0.769206 0.137717 0.623984
Y 0.445512 -0.584447 0.678189
Z 0.458084 0.799660 0.388206

BONE 41
OFFSET 13.595733 -19.519316 -16.295199
SCALE 1.000000 1.000000 1.000000
X -0.751130 -0.152227 0.642363
Y 0.560020 -0.662152 0.497928
Z 0.349544 0.733745 0.582613

BONE 42
OFFSET 10.619707 -19.074005 -15.735585
SCALE 1.000000 1.000000 1.000000
X -0.561451 0.354947 0.747520
Y 0.342263 -0.722841 0.600297
Z 0.753412 0.592886 0.284354

BONE 43
OFFSET 11.136669 -18.693270 -15.423586
SCALE 1.000000 1.000000 1.000000
X -0.693509 0.381862 0.610923
Y 0.323938 -0.592145 0.737854
Z 0.643513 0.709610 0.286958

BONE 44
OFFSET 11.143537 -17.258780 -14.854990
SCALE 1.000000 1.000000 1.000000
X -0.786085 -0.468328 0.403410
Y -0.054672 -0.597404 -0.800074
Z 0.615696 -0.650982 0.444006

BONE 45
OFFSET 7.258483 -16.627643 -12.269314
SCALE 1.000000 1.000000 1.000000
X -0.678290 0.251124 0.690550
Y -0.461459 0.585765 -0.666285
Z -0.571820 -0.770595 -0.281435

BONE 46
OFFSET 24.042425 -18.248554 -13.317431
SCALE 1.000000 1.000000 1.000000
X 1.000000 0.000000 0.000000
Y 0.000000 1.000000 0.000000
Z 0.000000 0.000000 1.000000

BONE 47
OFFSET 15.571590 19.029263 -16.825963
SCALE 1.000000 1.000000 1.000000
X 0.342498 -0.529867 -0.775845
Y -0.873692 -0.483289 -0.055627
Z -0.345482 0.696902 -0.628466

BONE 48
OFFSET 15.070694 19.206576 -17.555498
SCALE 1.000000 1.000000 1.000000
X 0.070649 -0.631795 -0.771909
Y -0.751956 -0.542192 0.374952
Z -0.655416 0.553952 -0.513388

BONE 49
OFFSET 11.956646 19.682256 -17.453591
SCALE 1.000000 1.000000 1.000000
X 0.695809 0.183219 -0.694464
Y -0.297826 -0.806262 -0.511118
Z -0.653567 0.562470 -0.506437

BONE 50
OFFSET 12.855751 19.788526 -17.041683
SCALE 1.000000 1.000000 1.000000
X 0.751758 0.038438 -0.658318
Y -0.296900 -0.871665 -0.389936
Z -0.588821 0.488592 -0.643869

BONE 51
OFFSET 12.817153 16.138894 -15.674188
SCALE 1.000000 1.000000 1.000000
X 0.757626 -0.146257 -0.636091
Y 0.301760 -0.785666 0.540064
Z -0.578744 -0.601113 -0.551106

BONE 52
OFFSET 15.564184 -19.044263 -16.820715
SCALE 1.000000 1.000000 1.000000
X -0.342524 -0.529243 0.776260
Y 0.873545 -0.483535 0.055783
Z 0.345826 0.697206 0.627940

BONE 53
OFFSET 15.063124 -19.221908 -17.550097
SCALE 1.000000 1.000000 1.000000
X -0.070711 -0.631268 0.772335
Y 0.751707 -0.542685 -0.374740
Z 0.655696 0.554071 0.512902

BONE 54
OFFSET 11.948892 -19.696504 -17.447273
SCALE 1.000000 1.000000 1.000000
X -0.695606 0.183907 0.694485
Y 0.297664 -0.806024 0.511588
Z 0.653856 0.562587 0.505933

BONE 55
OFFSET 12.848041 -19.802771 -17.035429
SCALE 1.000000 1.000000 1.000000
X -0.751623 0.039110 0.658433
Y 0.296689 -0.871509 0.390446
Z 0.589100 0.488817 0.643443

BONE 56
OFFSET 12.811018 -16.152371 -15.670350
SCALE 1.000000 1.000000 1.000000
X -0.757556 -0.145584 0.636329
Y -0.302123 -0.785921 -0.539490
Z 0.578645 -0.600944 0.551395

BONE 57
OFFSET 16.008978 18.342811 -17.730952
SCALE 1.000000 1.000000 1.000000
X 0.102176 -0.695225 -0.711493
Y -0.935443 -0.310452 0.169017
Z -0.338389 0.648291 -0.682064

BONE 58
OFFSET 15.173876 18.283739 -18.682982
SCALE 1.000000 1.000000 1.000000
X -0.507975 -0.835495 -0.209548
Y -0.508096 0.094194 0.856135
Z -0.695558 0.541365 -0.472359

BONE 59
OFFSET 12.941770 19.941661 -18.436791
SCALE 1.000000 1.000000 1.000000
X 0.297448 -0.633765 -0.714050
Y -0.834155 -0.536339 0.128556
Z -0.464447 0.557389 -0.688191

BONE 60
OFFSET 14.135630 19.853994 -18.162435
SCALE 1.000000 1.000000 1.000000
X 0.106877 -0.769835 -0.629231
Y -0.820485 -0.425740 0.381511
Z -0.561589 0.475500 -0.677139

BONE 61
OFFSET 13.957423 15.882336 -16.794998
SCALE 1.000000 1.000000 1.000000
X 0.615835 -0.187530 -0.765232
Y 0.403529 -0.759123 0.510780
Z -0.676692 -0.623349 -0.391821

BONE 62
OFFSET 16.001597 -18.358584 -17.726210
SCALE 1.000000 1.000000 1.000000
X -0.102268 -0.694721 0.711972
Y 0.935310 -0.310867 -0.168987
Z 0.338727 0.648633 0.681571

BONE 63
OFFSET 15.166408 -18.299885 -18.678225
SCALE 1.000000 1.000000 1.000000
X 0.507737 -0.835525 0.210001
Y 0.507967 0.093464 -0.856291
Z 0.695825 0.541444 0.471874

BONE 64
OFFSET 12.933702 -19.956879 -18.430450
SCALE 1.000000 1.000000 1.000000
X -0.297505 -0.633200 0.714527
Y 0.833955 -0.536692 -0.128375
Z 0.464768 0.557691 0.687729

BONE 65
OFFSET 14.127583 -19.869399 -18.156308
SCALE 1.000000 1.000000 1.000000
X -0.107017 -0.769394 0.629747
Y 0.820270 -0.426260 -0.381391
Z 0.561876 0.475747 0.676728

BONE 66
OFFSET 13.951151 -15.896927 -16.791548
SCALE 1.000000 1.000000 1.000000
X -0.615756 -0.186814 0.765470
Y -0.403875 -0.759330 -0.510199
Z 0.676557 -0.623312 0.392113

BONE 67
OFFSET 16.124431 17.557575 -18.534587
SCALE 1.000000 1.000000 1.000000
X 0.715576 0.689269 -0.113397
Y -0.331261 0.477763 0.813639
Z 0.614993 -0.544657 0.570204

BONE 68
OFFSET 14.593990 17.341244 -18.924260
SCALE 1.000000 1.000000 1.000000
X 0.761244 0.543466 -0.353770
Y -0.112359 0.647840 0.753444
Z 0.638658 -0.533805 0.554228

BONE 69
OFFSET 13.205510 19.379770 -19.069877
SCALE 1.000000 1.000000 1.000000
X -0.471414 -0.871790 -0.133233
Y -0.735895 0.305590 0.604212
Z -0.486032 0.382880 -0.785606

BONE 70
OFFSET 14.283791 18.787116 -19.034492
SCALE 1.000000 1.000000 1.000000
X -0.548914 -0.813257 -0.193151
Y -0.609434 0.231227 0.758369
Z -0.572087 0.533992 -0.622550

BONE 71
OFFSET 14.599277 15.638072 -17.631773
SCALE 1.000000 1.000000 1.000000
X 0.972438 0.105507 -0.207925
Y 0.037690 0.808904 0.586732
Z 0.230096 -0.578397 0.782632

BONE 72
OFFSET 16.117156 -17.573924 -18.530347
SCALE 1.000000 1.000000 1.000000
X -0.715332 0.689576 0.113075
Y 0.331263 0.477117 -0.814018
Z -0.615277 -0.544835 -0.569728

BONE 73
OFFSET 14.586781 -17.357337 -18.919977
SCALE 1.000000 1.000000 1.000000
X -0.760997 0.543950 0.353556
Y 0.112433 0.647309 -0.753890
Z -0.638938 -0.533957 -0.553758

BONE 74
OFFSET 13.197470 -19.395481 -19.063961
SCALE 1.000000 1.000000 1.000000
X 0.471153 -0.871858 0.133712
Y 0.735870 0.304946 -0.604569
Z 0.486323 0.383239 0.785250

BONE 75
OFFSET 14.275927 -18.803151 -19.029076
SCALE 1.000000 1.000000 1.000000
X 0.548670 -0.813320 0.193574
Y 0.609369 0.230525 -0.758635
Z 0.572390 0.534199 0.622095

BONE 76
OFFSET 14.592979 -15.653472 -17.628613
SCALE 1.000000 1.000000 1.000000
X -0.972364 0.105969 0.208034
Y -0.037530 0.808524 -0.587266
Z -0.230433 -0.578843 -0.782203

BONE 77
OFFSET 12.757656 18.551547 -19.196451
SCALE 1.000000 1.000000 1.000000
X 0.893189 0.419146 -0.162882
Y -0.313418 0.840002 0.442907
Z 0.322463 -0.344550 0.881648

BONE 78
OFFSET 13.688534 17.905166 -19.243988
SCALE 1.000000 1.000000 1.000000
X 0.766876 0.562870 -0.308348
Y -0.160333 0.633233 0.757172
Z 0.621446 -0.531219 0.575858

BONE 79
OFFSET 12.749851 -18.567193 -19.191002
SCALE 1.000000 1.000000 1.000000
X -0.893016 0.419549 0.162791
Y 0.313603 0.839604 -0.443529
Z -0.322762 -0.345027 -0.881352

BONE 80
OFFSET 13.680925 -17.921058 -19.239038
SCALE 1.000000 1.000000 1.000000
X -0.766624 0.563334 0.308128
Y 0.160407 0.632686 -0.757614
Z -0.621738 -0.531379 -0.575394


NUMVERTS 4752
VERT 0
OFFSET -2.888009 10.668076 -8.921371
BONES 1
BONE 5 1.000000

VERT 1
OFFSET -2.636637 11.428710 -9.703056
BONES 1
BONE 5 1.000000

VERT 2
OFFSET -2.758222 12.110176 -9.074246
BONES 1
BONE 5 1.000000

VERT 3
OFFSET -2.964701 11.331452 -8.180922
BONES 1
BONE 5 1.000000

VERT 4
OFFSET -2.701145 9.388056 -7.216538
BONES 1
BONE 5 1.000000

VERT 5
OFFSET -2.732696 9.878936 -6.390304
BONES 1
BONE 5 1.000000

VERT 6
OFFSET -2.734405 7.926150 -5.062707
BONES 1
BONE 5 1.000000

VERT 7
OFFSET -2.815586 8.387270 -4.048018
BONES 1
BONE 5 1.000000

VERT 8
OFFSET -2.478229 10.218002 -5.538183
BONES 1
BONE 5 1.000000

VERT 9
OFFSET -2.627845 8.653078 -3.153919
BONES 1
BONE 5 1.000000

VERT 10
OFFSET -2.662876 11.951000 -7.507372
BONES 1
BONE 5 1.000000

VERT 11
OFFSET -2.159349 12.439915 -6.923455
BONES 1
BONE 5 1.000000

VERT 12
OFFSET -2.061678 10.476181 -4.845742
BONES 1
BONE 5 1.000000

VERT 13
OFFSET -2.211098 8.706730 -2.341002
BONES 1
BONE 5 1.000000

VERT 14
OFFSET -1.413472 10.705045 -4.215815
BONES 1
BONE 5 1.000000

VERT 15
OFFSET -1.470982 8.698855 -1.576936
BONES 1
BONE 5 1.000000

VERT 16
OFFSET -2.684552 12.864053 -8.455304
BONES 1
BONE 5 1.000000

VERT 17
OFFSET -2.065017 13.496624 -7.875697
BONES 1
BONE 5 1.000000

VERT 18
OFFSET -1.211156 12.665652 -6.415487
BONES 1
BONE 5 1.000000

VERT 19
OFFSET -0.278387 12.582289 -6.062370
BONES 1
BONE 5 1.000000

VERT 20
OFFSET -0.567323 10.986438 -3.816963
BONES 1
BONE 5 1.000000

VERT 21
OFFSET -0.448386 8.551917 -1.195949
BONES 1
BONE 5 1.000000

VERT 22
OFFSET 0.540410 11.089755 -3.609066
BONES 1
BONE 5 1.000000

VERT 23
OFFSET 0.561894 8.405477 -1.157930
BONES 1
BONE 5 1.000000

VERT 24
OFFSET 1.622205 8.141325 -1.598359
BONES 1
BONE 5 1.000000

VERT 25
OFFSET -0.045658 13.503349 -7.097723
BONES 1
BONE 5 1.000000

VERT 26
OFFSET 0.652089 13.336417 -7.028494
BONES 1
BONE 5 1.000000

VERT 27
OFFSET 0.613471 12.512058 -5.733662
BONES 1
BONE 5 1.000000

VERT 28
OFFSET 1.517909 12.071292 -5.821689
BONES 1
BONE 5 1.000000

VERT 29
OFFSET 1.477358 10.552264 -4.119951
BONES 1
BONE 5 1.000000

VERT 30
OFFSET 2.403966 7.857875 -2.363391
BONES 1
BONE 5 1.000000

VERT 31
OFFSET 2.064429 9.960929 -4.826611
BONES 1
BONE 5 1.000000

VERT 32
OFFSET 2.796142 7.551122 -3.485798
BONES 1
BONE 5 1.000000

VERT 33
OFFSET 2.365319 9.365791 -5.596192
BONES 1
BONE 5 1.000000

VERT 34
OFFSET 2.722242 7.315546 -4.470614
BONES 1
BONE 5 1.000000

VERT 35
OFFSET 2.313947 11.384341 -6.385931
BONES 1
BONE 5 1.000000

VERT 36
OFFSET 2.493201 10.723667 -7.092463
BONES 1
BONE 5 1.000000

VERT 37
OFFSET 2.366560 8.942182 -6.370517
BONES 1
BONE 5 1.000000

VERT 38
OFFSET 2.313757 7.063432 -5.328067
BONES 1
BONE 5 1.000000

VERT 39
OFFSET 2.096576 8.606513 -7.166694
BONES 1
BONE 5 1.000000

VERT 40
OFFSET 1.660252 6.832051 -5.926857
BONES 1
BONE 5 1.000000

VERT 41
OFFSET 2.271019 12.470514 -7.452103
BONES 1
BONE 5 1.000000

VERT 42
OFFSET 2.819266 11.781506 -7.983915
BONES 1
BONE 5 1.000000

VERT 43
OFFSET 2.553106 10.269151 -7.769961
BONES 1
BONE 5 1.000000

VERT 44
OFFSET 2.426227 9.832855 -8.596218
BONES 1
BONE 5 1.000000

VERT 45
OFFSET 1.469378 8.378150 -7.769806
BONES 1
BONE 5 1.000000

VERT 46
OFFSET 0.873099 6.633383 -6.455298
BONES 1
BONE 5 1.000000

VERT 47
OFFSET 0.870208 8.089952 -8.399854
BONES 1
BONE 5 1.000000

VERT 48
OFFSET -0.030367 6.557665 -6.719903
BONES 1
BONE 5 1.000000

VERT 49
OFFSET 2.992796 11.086803 -8.523134
BONES 1
BONE 5 1.000000

VERT 50
OFFSET 2.761078 10.215767 -9.074667
BONES 1
BONE 5 1.000000

VERT 51
OFFSET 2.097756 9.385873 -9.432907
BONES 1
BONE 5 1.000000

VERT 52
OFFSET 1.098838 9.377300 -9.984233
BONES 1
BONE 5 1.000000

VERT 53
OFFSET -0.055674 8.000788 -8.674059
BONES 1
BONE 5 1.000000

VERT 54
OFFSET -0.818274 6.599851 -6.711969
BONES 1
BONE 5 1.000000

VERT 55
OFFSET 2.492898 11.613729 -8.983864
BONES 1
BONE 5 1.000000

VERT 56
OFFSET 2.491735 10.642846 -9.303180
BONES 1
BONE 5 1.000000

VERT 57
OFFSET 1.741373 10.307101 -9.964154
BONES 1
BONE 5 1.000000

VERT 58
OFFSET 1.031830 10.228003 -10.614372
BONES 1
BONE 5 1.000000

VERT 59
OFFSET 0.010056 9.305700 -10.256320
BONES 1
BONE 5 1.000000

VERT 60
OFFSET -0.939861 8.131459 -8.699485
BONES 1
BONE 5 1.000000

VERT 61
OFFSET -1.538564 6.907752 -6.412150
BONES 1
BONE 5 1.000000

VERT 62
OFFSET 2.202898 11.137885 -9.494482
BONES 1
BONE 5 1.000000

VERT 63
OFFSET -0.880535 9.557191 -10.180753
BONES 1
BONE 5 1.000000

VERT 64
OFFSET -1.640818 9.838154 -9.945299
BONES 1
BONE 5 1.000000

VERT 65
OFFSET -1.731520 8.401068 -8.475048
BONES 1
BONE 5 1.000000

VERT 66
OFFSET -2.362794 8.816675 -7.942886
BONES 1
BONE 5 1.000000

VERT 67
OFFSET -2.270068 7.436921 -5.797003
BONES 1
BONE 5 1.000000

VERT 68
OFFSET -2.701145 9.388056 -7.216538
BONES 1
BONE 5 1.000000

VERT 69
OFFSET -2.734405 7.926150 -5.062707
BONES 1
BONE 5 1.000000

VERT 70
OFFSET -1.588130 10.526432 -10.692934
BONES 1
BONE 5 1.000000

VERT 71
OFFSET -2.143832 10.879547 -10.260939
BONES 1
BONE 5 1.000000

VERT 72
OFFSET -2.298267 10.167736 -9.508095
BONES 1
BONE 5 1.000000

VERT 73
OFFSET -2.888009 10.668076 -8.921371
BONES 1
BONE 5 1.000000

VERT 74
OFFSET -2.636637 11.428710 -9.703056
BONES 1
BONE 5 1.000000

VERT 75
OFFSET -2.701231 12.030862 -10.645032
BONES 1
BONE 5 1.000000

VERT 76
OFFSET -2.637120 -11.428098 -9.703512
BONES 1
BONE 6 1.000000

VERT 77
OFFSET -2.888418 -10.667457 -8.921809
BONES 1
BONE 6 1.000000

VERT 78
OFFSET -2.758833 -12.109570 -9.074734
BONES 1
BONE 6 1.000000

VERT 79
OFFSET -2.965241 -11.330852 -8.181389
BONES 1
BONE 6 1.000000

VERT 80
OFFSET -2.663537 -11.950470 -7.507849
BONES 1
BONE 6 1.000000

VERT 81
OFFSET -2.685302 -12.863482 -8.455818
BONES 1
BONE 6 1.000000

VERT 82
OFFSET -2.160109 -12.439481 -6.923928
BONES 1
BONE 6 1.000000

VERT 83
OFFSET -2.065886 -13.496166 -7.876207
BONES 1
BONE 6 1.000000

VERT 84
OFFSET -2.701448 -9.387531 -7.216918
BONES 1
BONE 6 1.000000

VERT 85
OFFSET -2.733109 -9.878439 -6.390705
BONES 1
BONE 6 1.000000

VERT 86
OFFSET -2.478731 -10.217574 -5.538585
BONES 1
BONE 6 1.000000

VERT 87
OFFSET -2.062250 -10.475842 -4.846134
BONES 1
BONE 6 1.000000

VERT 88
OFFSET -1.211973 -12.665375 -6.415924
BONES 1
BONE 6 1.000000

VERT 89
OFFSET -1.414107 -10.704824 -4.216186
BONES 1
BONE 6 1.000000

VERT 90
OFFSET -0.279208 -12.582162 -6.062760
BONES 1
BONE 6 1.000000

VERT 91
OFFSET -0.046564 -13.503214 -7.098139
BONES 1
BONE 6 1.000000

VERT 92
OFFSET -2.734597 -7.925705 -5.063031
BONES 1
BONE 6 1.000000

VERT 93
OFFSET -2.815892 -8.386852 -4.048364
BONES 1
BONE 6 1.000000

VERT 94
OFFSET -2.628231 -8.652722 -3.154267
BONES 1
BONE 6 1.000000

VERT 95
OFFSET -2.211530 -8.706465 -2.341331
BONES 1
BONE 6 1.000000

VERT 96
OFFSET -1.471449 -8.698728 -1.577231
BONES 1
BONE 6 1.000000

VERT 97
OFFSET -0.568018 -10.986355 -3.817304
BONES 1
BONE 6 1.000000

VERT 98
OFFSET 0.612645 -12.512072 -5.734007
BONES 1
BONE 6 1.000000

VERT 99
OFFSET 0.651203 -13.336387 -7.028870
BONES 1
BONE 6 1.000000

VERT 100
OFFSET -0.448849 -8.551954 -1.196190
BONES 1
BONE 6 1.000000

VERT 101
OFFSET 0.539691 -11.089842 -3.609360
BONES 1
BONE 6 1.000000

VERT 102
OFFSET 1.517150 -12.071435 -5.821976
BONES 1
BONE 6 1.000000

VERT 103
OFFSET 1.476741 -10.552466 -4.120180
BONES 1
BONE 6 1.000000

VERT 104
OFFSET 2.063931 -9.961191 -4.826790
BONES 1
BONE 6 1.000000

VERT 105
OFFSET 2.313315 -11.384577 -6.386152
BONES 1
BONE 6 1.000000

VERT 106
OFFSET 2.270280 -12.470703 -7.452370
BONES 1
BONE 6 1.000000

VERT 107
OFFSET 2.818651 -11.781754 -7.984129
BONES 1
BONE 6 1.000000

VERT 108
OFFSET 0.561450 -8.405663 -1.158118
BONES 1
BONE 6 1.000000

VERT 109
OFFSET 1.621819 -8.141648 -1.598488
BONES 1
BONE 6 1.000000

VERT 110
OFFSET 2.403658 -7.858282 -2.363472
BONES 1
BONE 6 1.000000

VERT 111
OFFSET 2.795931 -7.551541 -3.485849
BONES 1
BONE 6 1.000000

VERT 112
OFFSET 2.364943 -9.366065 -5.596333
BONES 1
BONE 6 1.000000

VERT 113
OFFSET 2.492698 -10.723901 -7.092652
BONES 1
BONE 6 1.000000

VERT 114
OFFSET 2.552700 -10.269368 -7.770128
BONES 1
BONE 6 1.000000

VERT 115
OFFSET 2.992307 -11.087054 -8.523313
BONES 1
BONE 6 1.000000

VERT 116
OFFSET 2.492354 -11.613891 -8.984087
BONES 1
BONE 6 1.000000

VERT 117
OFFSET 2.491347 -10.642995 -9.303365
BONES 1
BONE 6 1.000000

VERT 118
OFFSET 2.202447 -11.137984 -9.494700
BONES 1
BONE 6 1.000000

VERT 119
OFFSET 2.722112 -7.315916 -4.470659
BONES 1
BONE 6 1.000000

VERT 120
OFFSET 2.366282 -8.942427 -6.370641
BONES 1
BONE 6 1.000000

VERT 121
OFFSET 2.096384 -8.606688 -7.166818
BONES 1
BONE 6 1.000000

VERT 122
OFFSET 2.425924 -9.833021 -8.596374
BONES 1
BONE 6 1.000000

VERT 123
OFFSET 2.760742 -10.215964 -9.074823
BONES 1
BONE 6 1.000000

VERT 124
OFFSET 2.097557 -9.385959 -9.433061
BONES 1
BONE 6 1.000000

VERT 125
OFFSET 1.741064 -10.307115 -9.964361
BONES 1
BONE 6 1.000000

VERT 126
OFFSET 2.313703 -7.063709 -5.328121
BONES 1
BONE 6 1.000000

VERT 127
OFFSET 1.660260 -6.832211 -5.926932
BONES 1
BONE 6 1.000000

VERT 128
OFFSET 1.469247 -8.378209 -7.769951
BONES 1
BONE 6 1.000000

VERT 129
OFFSET 0.873160 -6.633407 -6.455402
BONES 1
BONE 6 1.000000

VERT 130
OFFSET 0.870149 -8.089900 -8.400015
BONES 1
BONE 6 1.000000

VERT 131
OFFSET 1.098666 -9.377220 -9.984435
BONES 1
BONE 6 1.000000

VERT 132
OFFSET 1.031564 -10.227889 -10.614609
BONES 1
BONE 6 1.000000

VERT 133
OFFSET 0.009908 -9.305452 -10.256569
BONES 1
BONE 6 1.000000

VERT 134
OFFSET -0.055708 -8.000591 -8.674260
BONES 1
BONE 6 1.000000

VERT 135
OFFSET -0.939912 -8.131132 -8.699733
BONES 1
BONE 6 1.000000

VERT 136
OFFSET -0.880724 -9.556815 -10.181054
BONES 1
BONE 6 1.000000

VERT 137
OFFSET -0.030282 -6.557548 -6.720047
BONES 1
BONE 6 1.000000

VERT 138
OFFSET -0.818196 -6.599620 -6.712151
BONES 1
BONE 6 1.000000

VERT 139
OFFSET -1.538544 -6.907428 -6.412378
BONES 1
BONE 6 1.000000

VERT 140
OFFSET -1.731620 -8.400635 -8.475344
BONES 1
BONE 6 1.000000

VERT 141
OFFSET -1.641059 -9.837677 -9.945646
BONES 1
BONE 6 1.000000

VERT 142
OFFSET -1.588436 -10.525934 -10.693306
BONES 1
BONE 6 1.000000

VERT 143
OFFSET -2.144210 -10.878985 -10.261350
BONES 1
BONE 6 1.000000

VERT 144
OFFSET -2.298576 -10.167181 -9.508486
BONES 1
BONE 6 1.000000

VERT 145
OFFSET -2.637120 -11.428098 -9.703512
BONES 1
BONE 6 1.000000

VERT 146
OFFSET -2.701758 -12.030204 -10.645514
BONES 1
BONE 6 1.000000

VERT 147
OFFSET -2.362980 -8.816171 -7.943227
BONES 1
BONE 6 1.000000

VERT 148
OFFSET -2.270154 -7.436514 -5.797286
BONES 1
BONE 6 1.000000

VERT 149
OFFSET -2.701448 -9.387531 -7.216918
BONES 1
BONE 6 1.000000

VERT 150
OFFSET -2.888418 -10.667457 -8.921809
BONES 1
BONE 6 1.000000

VERT 151
OFFSET -2.734597 -7.925705 -5.063031
BONES 1
BONE 6 1.000000

VERT 152
OFFSET 12.544404 19.340215 -14.983560
BONES 1
BONE 19 1.000000

VERT 153
OFFSET 12.846140 18.976809 -14.787189
BONES 1
BONE 19 1.000000

VERT 154
OFFSET 11.858413 19.057718 -14.348565
BONES 1
BONE 19 1.000000

VERT 155
OFFSET 12.845346 -18.988934 -14.781458
BONES 1
BONE 24 1.000000

VERT 156
OFFSET 12.542263 -19.354099 -14.979019
BONES 1
BONE 24 1.000000

VERT 157
OFFSET 11.857426 -19.071457 -14.344384
BONES 1
BONE 24 1.000000

VERT 158
OFFSET 3.855676 14.937802 -9.408132
BONES 1
BONE 20 1.000000

VERT 159
OFFSET 4.105390 14.166030 -9.706259
BONES 1
BONE 20 1.000000

VERT 160
OFFSET 3.691617 14.864067 -9.358514
BONES 1
BONE 20 1.000000

VERT 161
OFFSET 4.363978 14.558008 -10.142272
BONES 1
BONE 20 1.000000

VERT 162
OFFSET 4.358621 14.089272 -10.555657
BONES 1
BONE 20 1.000000

VERT 163
OFFSET 4.901444 14.639533 -10.113369
BONES 1
BONE 20 1.000000

VERT 164
OFFSET 5.093730 14.053705 -10.447414
BONES 1
BONE 20 1.000000

VERT 165
OFFSET 5.007984 13.534499 -10.922037
BONES 1
BONE 20 1.000000

VERT 166
OFFSET 4.278282 13.698417 -11.076530
BONES 1
BONE 20 1.000000

VERT 167
OFFSET 4.173192 15.169809 -9.839592
BONES 1
BONE 20 1.000000

VERT 168
OFFSET 4.603203 15.319314 -9.841567
BONES 1
BONE 20 1.000000

VERT 169
OFFSET 5.005244 15.580665 -10.435368
BONES 1
BONE 20 1.000000

VERT 170
OFFSET 5.279059 14.977065 -10.591496
BONES 1
BONE 20 1.000000

VERT 171
OFFSET 5.428780 14.375289 -10.803292
BONES 1
BONE 20 1.000000

VERT 172
OFFSET 5.424700 13.739721 -11.167609
BONES 1
BONE 20 1.000000

VERT 173
OFFSET 3.531792 15.895920 -9.422689
BONES 1
BONE 20 1.000000

VERT 174
OFFSET 3.789524 16.019195 -9.621990
BONES 1
BONE 20 1.000000

VERT 175
OFFSET 3.937867 16.090145 -9.736695
BONES 1
BONE 20 1.000000

VERT 176
OFFSET 4.573224 16.185661 -10.337541
BONES 1
BONE 20 1.000000

VERT 177
OFFSET 5.030586 16.428779 -10.436773
BONES 1
BONE 20 1.000000

VERT 178
OFFSET 5.652996 15.746898 -10.193383
BONES 1
BONE 20 1.000000

VERT 179
OFFSET 3.241660 16.962272 -9.985421
BONES 1
BONE 20 1.000000

VERT 180
OFFSET 3.896219 16.877216 -10.458892
BONES 1
BONE 20 1.000000

VERT 181
OFFSET 4.751119 17.155895 -10.858954
BONES 1
BONE 20 1.000000

VERT 182
OFFSET 5.357061 16.680707 -10.241855
BONES 1
BONE 20 1.000000

VERT 183
OFFSET 2.727760 16.578448 -9.929385
BONES 1
BONE 20 1.000000

VERT 184
OFFSET 2.487408 17.452561 -10.814179
BONES 1
BONE 20 1.000000

VERT 185
OFFSET 3.382210 17.285006 -11.225993
BONES 1
BONE 20 1.000000

VERT 186
OFFSET 4.318593 17.656691 -11.591320
BONES 1
BONE 20 1.000000

VERT 187
OFFSET 4.962384 17.522934 -10.719582
BONES 1
BONE 20 1.000000

VERT 188
OFFSET 2.288876 16.516505 -9.652940
BONES 1
BONE 20 1.000000

VERT 189
OFFSET 2.070434 16.790597 -10.763577
BONES 1
BONE 20 1.000000

VERT 190
OFFSET 1.615003 16.998818 -11.638101
BONES 1
BONE 20 1.000000

VERT 191
OFFSET 2.084393 17.667704 -11.853191
BONES 1
BONE 20 1.000000

VERT 192
OFFSET 3.017093 17.564104 -12.120974
BONES 1
BONE 20 1.000000

VERT 193
OFFSET 1.474644 16.827567 -10.430968
BONES 1
BONE 20 1.000000

VERT 194
OFFSET 0.534380 16.827996 -11.106943
BONES 1
BONE 20 1.000000

VERT 195
OFFSET 0.773506 16.489838 -12.374557
BONES 1
BONE 20 1.000000

VERT 196
OFFSET 1.542930 16.946160 -12.627809
BONES 1
BONE 20 1.000000

VERT 197
OFFSET 2.033253 17.371990 -12.917655
BONES 1
BONE 20 1.000000

VERT 198
OFFSET 1.934583 15.998948 -9.796368
BONES 1
BONE 20 1.000000

VERT 199
OFFSET 1.079748 16.416704 -10.381691
BONES 1
BONE 20 1.000000

VERT 200
OFFSET 0.803185 16.095846 -13.137203
BONES 1
BONE 20 1.000000

VERT 201
OFFSET 1.577191 16.462780 -13.422257
BONES 1
BONE 20 1.000000

VERT 202
OFFSET 2.057094 16.872450 -13.807411
BONES 1
BONE 20 1.000000

VERT 203
OFFSET 2.981863 17.493675 -13.096431
BONES 1
BONE 20 1.000000

VERT 204
OFFSET 3.869465 17.850930 -12.490039
BONES 1
BONE 20 1.000000

VERT 205
OFFSET 1.623866 15.905850 -14.021300
BONES 1
BONE 20 1.000000

VERT 206
OFFSET 2.247859 16.210570 -14.330428
BONES 1
BONE 20 1.000000

VERT 207
OFFSET 2.960316 17.003642 -13.869191
BONES 1
BONE 20 1.000000

VERT 208
OFFSET 3.498670 17.661158 -13.278853
BONES 1
BONE 20 1.000000

VERT 209
OFFSET 4.081128 18.200374 -12.524277
BONES 1
BONE 20 1.000000

VERT 210
OFFSET 4.536593 18.068677 -11.527879
BONES 1
BONE 20 1.000000

VERT 211
OFFSET 0.855842 15.512789 -13.699610
BONES 1
BONE 20 1.000000

VERT 212
OFFSET 0.025001 15.208375 -13.501412
BONES 1
BONE 20 1.000000

VERT 213
OFFSET 3.002214 16.425209 -14.424255
BONES 1
BONE 20 1.000000

VERT 214
OFFSET 3.472342 16.618068 -14.569679
BONES 1
BONE 20 1.000000

VERT 215
OFFSET 3.456970 17.201135 -14.032748
BONES 1
BONE 20 1.000000

VERT 216
OFFSET 4.116611 18.132657 -13.550817
BONES 1
BONE 20 1.000000

VERT 217
OFFSET 4.377841 18.322351 -12.603031
BONES 1
BONE 20 1.000000

VERT 218
OFFSET 4.756608 18.176056 -11.592368
BONES 1
BONE 20 1.000000

VERT 219
OFFSET 5.262089 17.766540 -10.763322
BONES 1
BONE 20 1.000000

VERT 220
OFFSET 5.822670 16.902854 -10.483819
BONES 1
BONE 20 1.000000

VERT 221
OFFSET 4.063042 17.041442 -14.985003
BONES 1
BONE 20 1.000000

VERT 222
OFFSET 4.064595 17.668563 -14.404865
BONES 1
BONE 20 1.000000

VERT 223
OFFSET 5.056436 18.098525 -13.725167
BONES 1
BONE 20 1.000000

VERT 224
OFFSET 5.254035 18.188772 -12.974611
BONES 1
BONE 20 1.000000

VERT 225
OFFSET 5.650101 18.049509 -12.139834
BONES 1
BONE 20 1.000000

VERT 226
OFFSET 5.529273 17.811741 -10.936412
BONES 1
BONE 20 1.000000

VERT 227
OFFSET 5.014163 17.206414 -14.932144
BONES 1
BONE 20 1.000000

VERT 228
OFFSET 4.995766 17.703160 -14.468699
BONES 1
BONE 20 1.000000

VERT 229
OFFSET 6.123893 18.148688 -13.957763
BONES 1
BONE 20 1.000000

VERT 230
OFFSET 6.257303 18.208116 -13.369822
BONES 1
BONE 20 1.000000

VERT 231
OFFSET 6.558770 18.006927 -12.652217
BONES 1
BONE 20 1.000000

VERT 232
OFFSET 6.047083 17.669160 -11.508290
BONES 1
BONE 20 1.000000

VERT 233
OFFSET 6.241881 17.082348 -10.747415
BONES 1
BONE 20 1.000000

VERT 234
OFFSET 6.288473 17.547984 -14.967002
BONES 1
BONE 20 1.000000

VERT 235
OFFSET 6.214520 17.873519 -14.579114
BONES 1
BONE 20 1.000000

VERT 236
OFFSET 8.125493 17.437960 -13.910352
BONES 1
BONE 20 1.000000

VERT 237
OFFSET 6.976312 17.717943 -12.132027
BONES 1
BONE 20 1.000000

VERT 238
OFFSET 6.543485 17.183499 -11.045290
BONES 1
BONE 20 1.000000

VERT 239
OFFSET 6.883340 16.523222 -11.111486
BONES 1
BONE 20 1.000000

VERT 240
OFFSET 6.418487 16.279161 -10.781308
BONES 1
BONE 20 1.000000

VERT 241
OFFSET 3.793856 13.244791 -11.686636
BONES 1
BONE 20 1.000000

VERT 242
OFFSET 4.512396 12.875456 -11.755569
BONES 1
BONE 20 1.000000

VERT 243
OFFSET 5.101971 13.161906 -11.933033
BONES 1
BONE 20 1.000000

VERT 244
OFFSET 4.375012 13.026206 -12.667450
BONES 1
BONE 20 1.000000

VERT 245
OFFSET 5.136283 13.302392 -13.033948
BONES 1
BONE 20 1.000000

VERT 246
OFFSET 4.117689 13.011013 -13.544835
BONES 1
BONE 20 1.000000

VERT 247
OFFSET 3.690907 13.019329 -13.263037
BONES 1
BONE 20 1.000000

VERT 248
OFFSET 3.436676 13.209005 -14.162373
BONES 1
BONE 20 1.000000

VERT 249
OFFSET 2.918173 13.083191 -13.774669
BONES 1
BONE 20 1.000000

VERT 250
OFFSET 5.601354 13.594342 -12.126956
BONES 1
BONE 20 1.000000

VERT 251
OFFSET 5.460749 14.155371 -13.009385
BONES 1
BONE 20 1.000000

VERT 252
OFFSET 5.062999 13.936219 -13.726039
BONES 1
BONE 20 1.000000

VERT 253
OFFSET 4.913964 13.559643 -13.875155
BONES 1
BONE 20 1.000000

VERT 254
OFFSET 4.504539 13.420362 -13.640372
BONES 1
BONE 20 1.000000

VERT 255
OFFSET 4.113628 13.771940 -14.131762
BONES 1
BONE 20 1.000000

VERT 256
OFFSET 5.811690 13.972730 -11.432244
BONES 1
BONE 20 1.000000

VERT 257
OFFSET 5.861153 14.358277 -11.677807
BONES 1
BONE 20 1.000000

VERT 258
OFFSET 5.675538 14.344658 -12.349442
BONES 1
BONE 20 1.000000

VERT 259
OFFSET 6.014989 14.452855 -12.508642
BONES 1
BONE 20 1.000000

VERT 260
OFFSET 5.803467 14.144159 -13.230331
BONES 1
BONE 20 1.000000

VERT 261
OFFSET 5.977155 14.658860 -10.870469
BONES 1
BONE 20 1.000000

VERT 262
OFFSET 6.241186 14.993420 -11.258246
BONES 1
BONE 20 1.000000

VERT 263
OFFSET 6.154867 14.698239 -11.833975
BONES 1
BONE 20 1.000000

VERT 264
OFFSET 6.714434 14.337367 -12.611823
BONES 1
BONE 20 1.000000

VERT 265
OFFSET 6.499966 14.103442 -13.339942
BONES 1
BONE 20 1.000000

VERT 266
OFFSET 5.799701 13.835991 -14.097493
BONES 1
BONE 20 1.000000

VERT 267
OFFSET 5.845412 15.137265 -10.497771
BONES 1
BONE 20 1.000000

VERT 268
OFFSET 6.243722 15.424179 -10.842082
BONES 1
BONE 20 1.000000

VERT 269
OFFSET 6.684977 15.060926 -11.297759
BONES 1
BONE 20 1.000000

VERT 270
OFFSET 6.825764 14.669246 -11.920195
BONES 1
BONE 20 1.000000

VERT 271
OFFSET 6.954606 14.742000 -12.799425
BONES 1
BONE 20 1.000000

VERT 272
OFFSET 6.660041 14.731841 -13.435274
BONES 1
BONE 20 1.000000

VERT 273
OFFSET 6.264315 16.151059 -10.464598
BONES 1
BONE 20 1.000000

VERT 274
OFFSET 6.584037 15.524043 -10.864036
BONES 1
BONE 20 1.000000

VERT 275
OFFSET 6.704713 15.766618 -11.202790
BONES 1
BONE 20 1.000000

VERT 276
OFFSET 7.233204 15.489164 -11.679278
BONES 1
BONE 20 1.000000

VERT 277
OFFSET 7.154140 15.057851 -12.189644
BONES 1
BONE 20 1.000000

VERT 278
OFFSET 7.130837 15.985295 -11.351296
BONES 1
BONE 20 1.000000

VERT 279
OFFSET 7.985486 16.583007 -12.014253
BONES 1
BONE 20 1.000000

VERT 280
OFFSET 8.078459 16.232142 -12.321670
BONES 1
BONE 20 1.000000

VERT 281
OFFSET 8.019432 15.950404 -12.726485
BONES 1
BONE 20 1.000000

VERT 282
OFFSET 7.821489 15.756986 -13.217633
BONES 1
BONE 20 1.000000

VERT 283
OFFSET 7.715131 16.983152 -11.879171
BONES 1
BONE 20 1.000000

VERT 284
OFFSET 7.389849 17.357876 -11.888175
BONES 1
BONE 20 1.000000

VERT 285
OFFSET 8.125493 17.437960 -13.910352
BONES 1
BONE 20 1.000000

VERT 286
OFFSET 4.580790 13.841360 -14.522999
BONES 1
BONE 20 1.000000

VERT 287
OFFSET 3.700137 14.318643 -14.530385
BONES 1
BONE 20 1.000000

VERT 288
OFFSET 2.968913 13.861731 -14.579012
BONES 1
BONE 20 1.000000

VERT 289
OFFSET 5.309054 14.128650 -14.709322
BONES 1
BONE 20 1.000000

VERT 290
OFFSET 4.841015 14.780391 -15.160573
BONES 1
BONE 20 1.000000

VERT 291
OFFSET 4.246272 14.525646 -15.113009
BONES 1
BONE 20 1.000000

VERT 292
OFFSET 3.315685 14.967547 -14.695361
BONES 1
BONE 20 1.000000

VERT 293
OFFSET 2.675908 14.593997 -14.613736
BONES 1
BONE 20 1.000000

VERT 294
OFFSET 1.888390 14.206542 -14.248268
BONES 1
BONE 20 1.000000

VERT 295
OFFSET 6.012415 15.019149 -14.643909
BONES 1
BONE 20 1.000000

VERT 296
OFFSET 5.613737 15.453330 -15.142076
BONES 1
BONE 20 1.000000

VERT 297
OFFSET 4.421005 15.553963 -15.384468
BONES 1
BONE 20 1.000000

VERT 298
OFFSET 3.809186 15.305388 -15.144947
BONES 1
BONE 20 1.000000

VERT 299
OFFSET 3.110897 15.722096 -14.642939
BONES 1
BONE 20 1.000000

VERT 300
OFFSET 2.436494 15.440965 -14.634666
BONES 1
BONE 20 1.000000

VERT 301
OFFSET 6.204402 14.978359 -13.955283
BONES 1
BONE 20 1.000000

VERT 302
OFFSET 6.938139 16.060057 -14.669797
BONES 1
BONE 20 1.000000

VERT 303
OFFSET 6.660439 16.407857 -14.995057
BONES 1
BONE 20 1.000000

VERT 304
OFFSET 5.284187 16.043547 -15.307034
BONES 1
BONE 20 1.000000

VERT 305
OFFSET 4.164362 16.316899 -15.278819
BONES 1
BONE 20 1.000000

VERT 306
OFFSET 3.520978 15.960639 -14.898895
BONES 1
BONE 20 1.000000

VERT 307
OFFSET 7.290085 15.872697 -14.226631
BONES 1
BONE 20 1.000000

VERT 308
OFFSET 8.125493 17.437960 -13.910352
BONES 1
BONE 20 1.000000

VERT 309
OFFSET 7.597820 15.757804 -13.694937
BONES 1
BONE 20 1.000000

VERT 310
OFFSET 8.125493 17.437960 -13.910352
BONES 1
BONE 20 1.000000

VERT 311
OFFSET 6.474211 16.795140 -15.138697
BONES 1
BONE 20 1.000000

VERT 312
OFFSET 5.080731 16.657976 -15.191361
BONES 1
BONE 20 1.000000

VERT 313
OFFSET 4.063042 17.041442 -14.985003
BONES 1
BONE 20 1.000000

VERT 314
OFFSET 3.472342 16.618068 -14.569679
BONES 1
BONE 20 1.000000

VERT 315
OFFSET 6.354340 17.210128 -15.141116
BONES 1
BONE 20 1.000000

VERT 316
OFFSET 5.014163 17.206414 -14.932144
BONES 1
BONE 20 1.000000

VERT 317
OFFSET 6.288473 17.547984 -14.967002
BONES 1
BONE 20 1.000000

VERT 318
OFFSET 3.002214 16.425209 -14.424255
BONES 1
BONE 20 1.000000

VERT 319
OFFSET 2.247859 16.210570 -14.330428
BONES 1
BONE 20 1.000000

VERT 320
OFFSET 1.623866 15.905850 -14.021300
BONES 1
BONE 20 1.000000

VERT 321
OFFSET 1.734957 15.097487 -14.321015
BONES 1
BONE 20 1.000000

VERT 322
OFFSET 0.941012 14.740080 -13.967445
BONES 1
BONE 20 1.000000

VERT 323
OFFSET 0.855842 15.512789 -13.699610
BONES 1
BONE 20 1.000000

VERT 324
OFFSET 0.025001 15.208375 -13.501412
BONES 1
BONE 20 1.000000

VERT 325
OFFSET 0.170025 14.427943 -13.827069
BONES 1
BONE 20 1.000000

VERT 326
OFFSET 8.670738 18.904015 -15.232873
BONES 1
BONE 20 1.000000

VERT 327
OFFSET 8.988432 18.932829 -15.429787
BONES 1
BONE 20 1.000000

VERT 328
OFFSET 8.948343 19.178400 -14.968829
BONES 1
BONE 20 1.000000

VERT 329
OFFSET 8.710851 19.151629 -14.878808
BONES 1
BONE 20 1.000000

VERT 330
OFFSET 8.929913 19.164772 -14.302263
BONES 1
BONE 20 1.000000

VERT 331
OFFSET 9.301253 19.205967 -14.439548
BONES 1
BONE 20 1.000000

VERT 332
OFFSET 9.169829 19.075831 -13.793565
BONES 1
BONE 20 1.000000

VERT 333
OFFSET 9.548771 19.174750 -14.005493
BONES 1
BONE 20 1.000000

VERT 334
OFFSET 9.873205 18.930976 -13.453248
BONES 1
BONE 20 1.000000

VERT 335
OFFSET 9.494983 18.759278 -13.283669
BONES 1
BONE 20 1.000000

VERT 336
OFFSET 9.738235 18.414194 -13.012460
BONES 1
