// Export time: Mon Jun 13 22:53:49 2022

ANIMATION
VERSION 3

NUMPARTS 75
PART 0 "tag_torso"
PART 1 "j_shoulder_le"
PART 2 "j_shoulder_ri"
PART 3 "tag_weapon"
PART 4 "tag_weapon1"
PART 5 "j_elbow_le"
PART 6 "j_elbow_ri"
PART 7 "j_gun"
PART 8 "j_sleave_reshape_bottom_le_1"
PART 9 "j_sleave_reshape_bottom_le_2"
PART 10 "j_sleave_reshape_top_le_1"
PART 11 "j_sleave_reshape_top_le_2"
PART 12 "j_sleave_reshape_top_le_3"
PART 13 "j_wrist_le"
PART 14 "j_wristtwist_le"
PART 15 "j_sleave_reshape_top_ri_1"
PART 16 "j_sleave_reshape_top_ri_2"
PART 17 "j_sleave_reshape_top_ri_3"
PART 18 "j_wrist_ri"
PART 19 "j_wristtwist_ri"
PART 20 "tag_bolt_animate"
PART 21 "tag_brass"
PART 22 "tag_flash"
PART 23 "tag_clip"
PART 24 "j_index_le_0"
PART 25 "j_mid_le_0"
PART 26 "j_pinkypalm_le"
PART 27 "j_ringpalm_le"
PART 28 "j_thumb_le_0"
PART 29 "j_webbing_le"
PART 30 "tag_knife_attach"
PART 31 "j_index_ri_0"
PART 32 "j_mid_ri_0"
PART 33 "j_pinkypalm_ri"
PART 34 "j_ringpalm_ri"
PART 35 "j_thumb_ri_0"
PART 36 "j_webbing_ri"
PART 37 "j_index_le_1"
PART 38 "j_mid_le_1"
PART 39 "j_pinky_le_0"
PART 40 "j_ring_le_0"
PART 41 "j_thumb_le_1"
PART 42 "j_index_ri_1"
PART 43 "j_mid_ri_1"
PART 44 "j_pinky_ri_0"
PART 45 "j_ring_ri_0"
PART 46 "j_thumb_ri_1"
PART 47 "j_index_le_2"
PART 48 "j_mid_le_2"
PART 49 "j_pinky_le_1"
PART 50 "j_ring_le_1"
PART 51 "j_thumb_le_2"
PART 52 "j_index_ri_2"
PART 53 "j_mid_ri_2"
PART 54 "j_pinky_ri_1"
PART 55 "j_ring_ri_1"
PART 56 "j_thumb_ri_2"
PART 57 "j_index_le_3"
PART 58 "j_mid_le_3"
PART 59 "j_pinky_le_2"
PART 60 "j_ring_le_2"
PART 61 "j_thumb_le_3"
PART 62 "j_index_ri_3"
PART 63 "j_mid_ri_3"
PART 64 "j_pinky_ri_2"
PART 65 "j_ring_ri_2"
PART 66 "j_thumb_ri_3"
PART 67 "j_pinky_le_3"
PART 68 "j_ring_le_3"
PART 69 "j_pinky_ri_3"
PART 70 "j_ring_ri_3"
PART 71 "tag_cambone"
PART 72 "tag_camera"
PART 73 "tag_gasmask"
PART 74 "tag_gasmask2"

FRAMERATE 30
NUMFRAMES 6
FRAME 0
PART 0
OFFSET 0.000000 0.000000 0.000000
SCALE 1.000000 1.000000 1.000000
X 1.000000 0.000000 0.000000
Y 0.000000 1.000000 0.000000
Z 0.000000 0.000000 1.000000

PART 1
OFFSET 4.139100 2.294026 -4.827522
SCALE 1.000000 1.000000 1.000000
X 0.911096 0.190663 -0.365448
Y 0.089586 -0.956991 -0.275939
Z -0.402341 0.218667 -0.888992

PART 2
OFFSET -4.979446 -5.274010 0.613938
SCALE 1.000000 1.000000 1.000000
X -0.645966 0.127982 0.752562
Y -0.368373 -0.915725 -0.160466
Z 0.668603 -0.380879 0.638672

PART 3
OFFSET 16.110201 -3.541676 -4.360429
SCALE 1.000000 1.000000 1.000000
X 1.000000 0.000000 0.000000
Y 0.000000 1.000000 0.000000
Z 0.000000 0.000000 1.000000

PART 4
OFFSET 13.908927 18.076323 -17.331985
SCALE 1.000000 1.000000 1.000000
X 0.998737 0.041892 -0.027740
Y 0.021387 0.145113 0.989184
Z 0.045465 -0.988528 0.144033

PART 5
OFFSET 15.166238 4.613113 -9.257380
SCALE 1.000000 1.000000 1.000000
X 0.779162 -0.504110 0.372532
Y -0.613197 -0.489759 0.619778
Z -0.129986 -0.711343 -0.690721

PART 6
OFFSET 2.936896 -7.025149 -8.972532
SCALE 1.000000 1.000000 1.000000
X -0.898579 -0.150691 -0.412127
Y 0.431150 -0.128446 -0.893091
Z 0.081644 -0.980201 0.180389

PART 7
OFFSET 16.110201 -3.541676 -4.360429
SCALE 1.000000 1.000000 1.000000
X 1.000000 0.000000 0.000000
Y 0.000000 1.000000 0.000000
Z 0.000000 0.000000 1.000000

PART 8
OFFSET 23.645879 0.776436 -5.603623
SCALE 1.000000 1.000000 1.000000
X 0.783163 -0.499238 0.370698
Y 0.136580 0.719705 0.680714
Z -0.606632 -0.482479 0.631832

PART 9
OFFSET 23.258496 -0.090377 -6.993671
SCALE 1.000000 1.000000 1.000000
X 0.783163 -0.499238 0.370698
Y 0.136580 0.719705 0.680714
Z -0.606632 -0.482479 0.631832

PART 10
OFFSET 22.483400 -0.810437 -3.910502
SCALE 1.000000 1.000000 1.000000
X 0.783163 -0.499238 0.370698
Y 0.136580 0.719705 0.680714
Z -0.606632 -0.482479 0.631832

PART 11
OFFSET 22.101259 -1.808313 -4.728861
SCALE 1.000000 1.000000 1.000000
X 0.783163 -0.499238 0.370698
Y 0.136580 0.719705 0.680714
Z -0.606632 -0.482479 0.631832

PART 12
OFFSET 22.311528 -1.576077 -5.885381
SCALE 1.000000 1.000000 1.000000
X 0.783163 -0.499238 0.370698
Y 0.136580 0.719705 0.680714
Z -0.606632 -0.482479 0.631832

PART 13
OFFSET 24.229278 -1.133314 -4.934914
SCALE 1.000000 1.000000 1.000000
X 0.937317 -0.265117 0.226162
Y -0.310841 -0.342709 0.886526
Z -0.157525 -0.901256 -0.403637

PART 14
OFFSET 21.815406 0.447299 -5.914595
SCALE 1.000000 1.000000 1.000000
X 0.819517 -0.478183 0.315806
Y -0.287027 0.134465 0.948438
Z -0.495992 -0.867906 -0.027055

PART 15
OFFSET 11.731216 -6.034119 -3.208732
SCALE 1.000000 1.000000 1.000000
X -0.901358 -0.147254 -0.407272
Y -0.085299 0.982361 -0.166406
Z 0.424592 -0.115252 -0.898019

PART 16
OFFSET 11.440527 -4.722864 -3.295963
SCALE 1.000000 1.000000 1.000000
X -0.901358 -0.147254 -0.407272
Y -0.085299 0.982361 -0.166406
Z 0.424592 -0.115252 -0.898019

PART 17
OFFSET 11.459588 -4.309669 -4.420517
SCALE 1.000000 1.000000 1.000000
X -0.901358 -0.147254 -0.407272
Y -0.085299 0.982361 -0.166406
Z 0.424592 -0.115252 -0.898019

PART 18
OFFSET 13.367808 -5.218813 -4.095665
SCALE 1.000000 1.000000 1.000000
X -0.998355 -0.028805 -0.049574
Y 0.057242 -0.451650 -0.890357
Z 0.003256 -0.891730 0.452555

PART 19
OFFSET 10.580258 -5.777078 -5.439472
SCALE 1.000000 1.000000 1.000000
X -0.905407 -0.147127 -0.398236
Y 0.397946 0.032693 -0.916826
Z 0.147909 -0.988577 0.028948

PART 20
OFFSET 19.827065 -3.541623 -0.343801
SCALE 1.000000 1.000000 1.000000
X 1.000000 0.000000 0.000000
Y 0.000000 1.000000 0.000000
Z 0.000000 0.000000 1.000000

PART 21
OFFSET 21.652469 -3.686105 -0.892542
SCALE 1.000000 1.000000 1.000000
X 1.000000 0.000000 -0.000000
Y -0.000000 0.822561 -0.568676
Z 0.000000 0.568676 0.822561

PART 22
OFFSET 36.804997 -3.541677 -0.939405
SCALE 1.000000 1.000000 1.000000
X 1.000000 0.000000 0.000000
Y 0.000000 1.000000 0.000000
Z 0.000000 0.000000 1.000000

PART 23
OFFSET 20.975348 -3.541676 -3.927169
SCALE 1.000000 1.000000 1.000000
X 1.000000 0.000000 0.000000
Y 0.000000 1.000000 0.000000
Z 0.000000 0.000000 1.000000

PART 24
OFFSET 27.705337 -2.101507 -3.282980
SCALE 1.000000 1.000000 1.000000
X 0.847661 -0.530530 0.002866
Y -0.528171 -0.844377 -0.089794
Z 0.050059 0.074601 -0.995956

PART 25
OFFSET 27.937990 -1.856722 -4.330213
SCALE 1.000000 1.000000 1.000000
X 0.574531 -0.777068 0.257061
Y -0.793041 -0.606202 -0.060038
Z 0.202485 -0.169366 -0.964528

PART 26
OFFSET 25.392627 -1.165471 -5.766425
SCALE 1.000000 1.000000 1.000000
X 0.815765 -0.552876 -0.169869
Y -0.571995 -0.727646 -0.378620
Z 0.085726 0.406030 -0.909830

PART 27
OFFSET 25.348635 -1.306394 -5.084491
SCALE 1.000000 1.000000 1.000000
X 0.930624 -0.362035 -0.053575
Y -0.344960 -0.818835 -0.458817
Z 0.122238 0.445467 -0.886914

PART 28
OFFSET 24.410151 -1.949379 -4.251330
SCALE 1.000000 1.000000 1.000000
X 0.341087 -0.778404 0.527017
Y -0.889436 -0.085787 0.448938
Z -0.304243 -0.621875 -0.721601

PART 29
OFFSET 26.540769 -2.977814 -3.046483
SCALE 1.000000 1.000000 1.000000
X 0.898232 -0.433771 -0.070869
Y 0.410797 0.771208 0.486295
Z -0.156286 -0.465919 0.870916

PART 30
OFFSET 26.697984 -3.040808 -5.414609
SCALE 1.000000 1.000000 1.000000
X -0.042187 0.414566 -0.909041
Y 0.157570 0.901225 0.403689
Z 0.986606 -0.126208 -0.103343

PART 31
OFFSET 17.209886 -5.099359 -3.084058
SCALE 1.000000 1.000000 1.000000
X -0.971180 -0.208187 0.116046
Y 0.234356 -0.922804 0.305794
Z 0.043425 0.324177 0.944999

PART 32
OFFSET 17.233623 -5.404125 -4.143942
SCALE 1.000000 1.000000 1.000000
X -0.349122 -0.913956 0.206879
Y 0.933296 -0.358947 -0.010771
Z 0.084103 0.189319 0.978307

PART 33
OFFSET 14.244617 -5.499285 -5.114765
SCALE 1.000000 1.000000 1.000000
X -0.941864 -0.145149 0.303023
Y 0.250721 -0.904009 0.346275
Z 0.223674 0.402118 0.887846

PART 34
OFFSET 14.440867 -5.317886 -4.446207
SCALE 1.000000 1.000000 1.000000
X -0.977100 -0.042562 0.208479
Y 0.137326 -0.874556 0.465073
Z 0.162532 0.483052 0.860374

PART 35
OFFSET 13.774324 -4.435924 -3.490326
SCALE 1.000000 1.000000 1.000000
X -0.618759 -0.726355 -0.299243
Y 0.622274 -0.220679 -0.751050
Z 0.479492 -0.650930 0.588539

PART 36
OFFSET 9.166153 -5.434747 -3.306517
SCALE 1.000000 1.000000 1.000000
X -0.949516 -0.187709 0.251364
Y -0.290964 0.826504 -0.481903
Z -0.117296 -0.530713 -0.839396

PART 37
OFFSET 29.129181 -3.140686 -3.267821
SCALE 1.000000 1.000000 1.000000
X -0.106673 -0.971538 0.211505
Y -0.987660 0.079004 -0.135224
Z 0.114666 -0.223320 -0.967977

PART 38
OFFSET 29.043364 -3.400795 -3.821024
SCALE 1.000000 1.000000 1.000000
X -0.463505 -0.873636 0.148065
Y -0.877172 0.476040 0.062892
Z -0.125429 -0.100728 -0.986976

PART 39
OFFSET 27.209762 -2.458157 -6.127617
SCALE 1.000000 1.000000 1.000000
X 0.492828 -0.780878 0.383861
Y -0.869282 -0.422411 0.256745
Z -0.038339 -0.460215 -0.886979

PART 40
OFFSET 27.792393 -2.170377 -5.352736
SCALE 1.000000 1.000000 1.000000
X 0.521816 -0.797116 0.303831
Y -0.845420 -0.435675 0.308955
Z -0.113901 -0.418082 -0.901240

PART 41
OFFSET 25.104214 -3.730155 -3.084378
SCALE 1.000000 1.000000 1.000000
X 0.854096 -0.379495 0.355673
Y -0.519294 -0.583776 0.624131
Z -0.029221 -0.717767 -0.695670

PART 42
OFFSET 18.913770 -4.682824 -3.288377
SCALE 1.000000 1.000000 1.000000
X -0.400003 -0.916402 0.014311
Y 0.905205 -0.392574 0.162756
Z -0.143532 0.078057 0.986562

PART 43
OFFSET 17.914525 -3.616072 -4.547774
SCALE 1.000000 1.000000 1.000000
X 0.497731 -0.863481 0.081636
Y 0.769138 0.395921 -0.501671
Z 0.400862 0.312487 0.861198

PART 44
OFFSET 16.498965 -5.189733 -5.639834
SCALE 1.000000 1.000000 1.000000
X -0.316813 -0.893651 0.317833
Y 0.912440 -0.378655 -0.155154
Z 0.259003 0.240849 0.935366

PART 45
OFFSET 16.958052 -5.260478 -5.122355
SCALE 1.000000 1.000000 1.000000
X -0.302306 -0.937160 0.174193
Y 0.890812 -0.342790 -0.298241
Z 0.339212 0.065013 0.938461

PART 46
OFFSET 15.064662 -2.777667 -2.804564
SCALE 1.000000 1.000000 1.000000
X -0.921159 -0.383361 0.067090
Y 0.213115 -0.641110 -0.737265
Z 0.325651 -0.664841 0.672264

PART 47
OFFSET 28.857520 -4.267621 -2.916280
SCALE 1.000000 1.000000 1.000000
X -0.620713 -0.733979 0.275663
Y -0.782656 0.559192 -0.273412
Z 0.046530 -0.385459 -0.921551

PART 48
OFFSET 28.219023 -4.592800 -3.619577
SCALE 1.000000 1.000000 1.000000
X -0.984617 0.164968 0.057577
Y 0.162491 0.985667 -0.045355
Z -0.064234 -0.035301 -0.997310

PART 49
OFFSET 27.910395 -3.578150 -5.574452
SCALE 1.000000 1.000000 1.000000
X -0.478237 -0.660347 0.578991
Y -0.877135 0.326223 -0.352438
Z 0.043851 -0.676402 -0.735226

PART 50
OFFSET 28.685590 -3.586182 -4.810256
SCALE 1.000000 1.000000 1.000000
X -0.676486 -0.603644 0.421876
Y -0.726864 0.639421 -0.250620
Z -0.118471 -0.476188 -0.871327

PART 51
OFFSET 26.575114 -4.204976 -2.761161
SCALE 1.000000 1.000000 1.000000
X 0.990932 -0.049971 -0.124726
Y 0.064533 -0.637196 0.767995
Z -0.117853 -0.769080 -0.628193

PART 52
OFFSET 19.098606 -3.520322 -3.219888
SCALE 1.000000 1.000000 1.000000
X 0.451992 -0.889736 -0.063820
Y 0.884980 0.438303 0.157163
Z -0.111861 -0.127516 0.985508

PART 53
OFFSET 17.016776 -2.473168 -4.582763
SCALE 1.000000 1.000000 1.000000
X 0.874559 0.240384 -0.421144
Y -0.368999 0.893380 -0.256344
Z 0.314621 0.379590 0.870015

PART 54
OFFSET 16.929337 -3.989430 -6.074389
SCALE 1.000000 1.000000 1.000000
X 0.144599 -0.988700 0.039530
Y 0.973981 0.135173 -0.181905
Z 0.174507 0.064804 0.982521

PART 55
OFFSET 17.451669 -3.784315 -5.415770
SCALE 1.000000 1.000000 1.000000
X 0.299049 -0.953357 -0.040988
Y 0.871760 0.290418 -0.394577
Z 0.388077 0.082266 0.917948

PART 56
OFFSET 16.490627 -2.396687 -3.203847
SCALE 1.000000 1.000000 1.000000
X -0.774470 0.149215 0.614762
Y -0.580703 -0.553197 -0.597292
Z 0.250959 -0.819578 0.515083

PART 57
OFFSET 28.156467 -5.096673 -2.604909
SCALE 1.000000 1.000000 1.000000
X 0.921476 -0.374569 -0.102859
Y 0.346246 0.912090 -0.219557
Z 0.176056 0.166702 0.970162

PART 58
OFFSET 27.103300 -4.406907 -3.561395
SCALE 1.000000 1.000000 1.000000
X 0.655463 -0.753379 0.052803
Y 0.751517 0.643726 -0.144360
Z 0.074767 0.134305 0.988115

PART 59
OFFSET 27.519956 -4.132762 -5.089592
SCALE 1.000000 1.000000 1.000000
X -0.936592 -0.187576 0.295991
Y -0.344695 0.645231 -0.681808
Z -0.063092 -0.740602 -0.668975

PART 60
OFFSET 27.752065 -4.426521 -4.225161
SCALE 1.000000 1.000000 1.000000
X -0.997420 0.007751 0.071361
Y -0.022987 0.907307 -0.419839
Z -0.068000 -0.420397 -0.904789

PART 61
OFFSET 27.642420 -4.305079 -2.911732
SCALE 1.000000 1.000000 1.000000
X 0.820495 0.325790 0.469733
Y -0.502014 0.803693 0.319467
Z -0.273442 -0.497934 0.822977

PART 62
OFFSET 18.588137 -2.515382 -3.147776
SCALE 1.000000 1.000000 1.000000
X -0.977351 -0.142027 0.156884
Y -0.147522 0.988770 -0.023894
Z -0.151728 -0.046496 -0.987328

PART 63
OFFSET 16.023792 -2.747501 -4.112095
SCALE 1.000000 1.000000 1.000000
X -0.456311 -0.780554 0.427218
Y -0.820178 0.555149 0.138262
Z -0.345091 -0.287305 -0.893515

PART 64
OFFSET 16.807520 -3.137642 -6.113415
SCALE 1.000000 1.000000 1.000000
X 0.796653 -0.531043 -0.288681
Y 0.530589 0.843171 -0.086824
Z 0.289515 -0.084002 0.953480

PART 65
OFFSET 16.878447 -2.563248 -5.256844
SCALE 1.000000 1.000000 1.000000
X 0.915117 0.150918 -0.373877
Y -0.168279 0.985640 -0.014027
Z 0.366391 0.075752 0.927372

PART 66
OFFSET 17.326569 -2.511156 -3.882072
SCALE 1.000000 1.000000 1.000000
X -0.852592 0.522576 -0.000157
Y 0.430318 0.701901 -0.567593
Z -0.296501 -0.483993 -0.823309

PART 67
OFFSET 26.630171 -4.310963 -4.808392
SCALE 1.000000 1.000000 1.000000
X 0.941804 -0.153622 0.299006
Y 0.334581 0.514518 -0.789511
Z -0.032557 0.843606 0.535974

PART 68
OFFSET 26.670403 -4.418151 -4.147764
SCALE 1.000000 1.000000 1.000000
X 0.826504 -0.547090 0.132608
Y 0.555753 0.755503 -0.346921
Z 0.089611 0.360429 0.928472

PART 69
OFFSET 16.050668 -2.633133 -5.839170
SCALE 1.000000 1.000000 1.000000
X -0.984439 -0.110831 0.136369
Y -0.075651 0.967727 0.240376
Z -0.158609 0.226319 -0.961053

PART 70
OFFSET 15.885977 -2.726869 -4.851343
SCALE 1.000000 1.000000 1.000000
X -0.633806 -0.682398 0.364173
Y -0.677484 0.716944 0.164338
Z -0.373235 -0.142563 -0.916718

PART 71
OFFSET 0.000000 0.000000 0.000000
SCALE 1.000000 1.000000 1.000000
X 1.000000 0.000000 0.000000
Y 0.000000 1.000000 0.000000
Z 0.000000 0.000000 1.000000

PART 72
OFFSET 0.000000 0.000000 0.000000
SCALE 1.000000 1.000000 1.000000
X 1.000000 0.000000 0.000000
Y 0.000000 1.000000 0.000000
Z 0.000000 0.000000 1.000000

PART 73
OFFSET 1.540551 0.000000 4.135826
SCALE 1.000000 1.000000 1.000000
X 1.000000 0.000000 0.000000
Y 0.000000 1.000000 0.000000
Z 0.000000 0.000000 1.000000

PART 74
OFFSET -4.631835 0.000000 -1.376957
SCALE 1.000000 1.000000 1.000000
X 1.000000 0.000000 0.000000
Y 0.000000 1.000000 0.000000
Z 0.000000 0.000000 1.000000

FRAME 1
PART 0
OFFSET 0.000000 0.000000 0.000000
SCALE 1.000000 1.000000 1.000000
X 1.000000 0.000000 0.000000
Y 0.000000 1.000000 0.000000
Z 0.000000 0.000000 1.000000

PART 1
OFFSET 4.191568 2.241647 -4.800145
SCALE 1.000000 1.000000 1.000000
X 0.901575 0.210844 -0.377767
Y 0.105513 -0.953996 -0.280640
Z -0.419560 0.213159 -0.882345

PART 2
OFFSET -4.908472 -5.259138 0.636610
SCALE 1.000000 1.000000 1.000000
X -0.627385 0.135049 0.766910
Y -0.379856 -0.912801 -0.150009
Z 0.679778 -0.385429 0.623977

PART 3
OFFSET 15.846092 -3.541676 -4.360429
SCALE 1.000000 1.000000 1.000000
X 1.000000 0.000000 0.000000
Y 0.000000 1.000000 0.000000
Z 0.000000 0.000000 1.000000

PART 4
OFFSET 13.908927 18.076323 -17.331985
SCALE 1.000000 1.000000 1.000000
X 0.998737 0.041892 -0.027740
Y 0.021387 0.145113 0.989184
Z 0.045465 -0.988528 0.144033

PART 5
OFFSET 15.170917 4.894046 -9.443045
SCALE 1.000000 1.000000 1.000000
X 0.755777 -0.527459 0.388056
Y -0.639991 -0.469544 0.608227
Z -0.138606 -0.708036 -0.692440

PART 6
OFFSET 2.803693 -7.134458 -9.216431
SCALE 1.000000 1.000000 1.000000
X -0.887265 -0.159922 -0.432650
Y 0.452683 -0.121860 -0.883305
Z 0.088538 -0.979579 0.180516

PART 7
OFFSET 15.846092 -3.541676 -4.360429
SCALE 1.000000 1.000000 1.000000
X 1.000000 0.000000 0.000000
Y 0.000000 1.000000 0.000000
Z 0.000000 0.000000 1.000000

PART 8
OFFSET 23.455029 0.801846 -5.621825
SCALE 1.000000 1.000000 1.000000
X 0.759962 -0.522717 0.386296
Y 0.145649 0.716174 0.682555
Z -0.633438 -0.462452 0.620399

PART 9
OFFSET 23.067914 -0.054684 -7.018307
SCALE 1.000000 1.000000 1.000000
X 0.759962 -0.522717 0.386296
Y 0.145649 0.716174 0.682555
Z -0.633438 -0.462452 0.620399

PART 10
OFFSET 22.211282 -0.745584 -3.950079
SCALE 1.000000 1.000000 1.000000
X 0.759962 -0.522717 0.386296
Y 0.145649 0.716174 0.682555
Z -0.633438 -0.462452 0.620399

PART 11
OFFSET 21.814267 -1.732391 -4.774754
SCALE 1.000000 1.000000 1.000000
X 0.759962 -0.522717 0.386296
Y 0.145649 0.716174 0.682555
Z -0.633438 -0.462452 0.620399

PART 12
OFFSET 22.054000 -1.508579 -5.927196
SCALE 1.000000 1.000000 1.000000
X 0.759962 -0.522717 0.386296
Y 0.145649 0.716174 0.682555
Z -0.633438 -0.462452 0.620399

PART 13
OFFSET 23.962133 -1.135315 -4.932917
SCALE 1.000000 1.000000 1.000000
X 0.937127 -0.265561 0.226429
Y -0.311234 -0.342442 0.886491
Z -0.157878 -0.901227 -0.403564

PART 14
OFFSET 21.621586 0.529165 -5.967943
SCALE 1.000000 1.000000 1.000000
X 0.798009 -0.502884 0.332099
Y -0.301026 0.144770 0.942563
Z -0.522078 -0.852144 -0.035853

PART 15
OFFSET 11.453525 -6.056446 -3.253051
SCALE 1.000000 1.000000 1.000000
X -0.890191 -0.156527 -0.427853
Y -0.092532 0.981671 -0.166616
Z 0.446091 -0.108730 -0.888358

PART 16
OFFSET 11.150182 -4.748357 -3.344604
SCALE 1.000000 1.000000 1.000000
X -0.890191 -0.156527 -0.427853
Y -0.092532 0.981671 -0.166616
Z 0.446091 -0.108730 -0.888358

PART 17
OFFSET 11.190069 -4.332765 -4.467728
SCALE 1.000000 1.000000 1.000000
X -0.890191 -0.156527 -0.427853
Y -0.092532 0.981671 -0.166616
Z 0.446091 -0.108730 -0.888358

PART 18
OFFSET 13.104736 -5.216660 -4.092650
SCALE 1.000000 1.000000 1.000000
X -0.998345 -0.028873 -0.049738
Y 0.057417 -0.451149 -0.890600
Z 0.003275 -0.891982 0.452060

PART 19
OFFSET 10.350576 -5.807912 -5.508867
SCALE 1.000000 1.000000 1.000000
X -0.894446 -0.156462 -0.418911
Y 0.418218 0.038945 -0.907511
Z 0.158306 -0.986916 0.030601

PART 20
OFFSET 17.491475 -3.541623 -0.343801
SCALE 1.000000 1.000000 1.000000
X 1.000000 0.000000 0.000000
Y 0.000000 1.000000 0.000000
Z 0.000000 0.000000 1.000000

PART 21
OFFSET 21.388360 -3.686105 -0.892542
SCALE 1.000000 1.000000 1.000000
X 1.000000 0.000000 -0.000000
Y -0.000000 0.822561 -0.568676
Z 0.000000 0.568676 0.822561

PART 22
OFFSET 36.540887 -3.541677 -0.939405
SCALE 1.000000 1.000000 1.000000
X 1.000000 0.000000 0.000000
Y 0.000000 1.000000 0.000000
Z 0.000000 0.000000 1.000000

PART 23
OFFSET 20.711239 -3.541676 -3.927169
SCALE 1.000000 1.000000 1.000000
X 1.000000 0.000000 0.000000
Y 0.000000 1.000000 0.000000
Z 0.000000 0.000000 1.000000

PART 24
OFFSET 27.437293 -2.105052 -3.279997
SCALE 1.000000 1.000000 1.000000
X 0.847393 -0.530956 0.003143
Y -0.528574 -0.844122 -0.089821
Z 0.050344 0.074452 -0.995953

PART 25
OFFSET 27.670329 -1.860515 -4.327203
SCALE 1.000000 1.000000 1.000000
X 0.574075 -0.777325 0.257301
Y -0.793331 -0.605810 -0.060160
Z 0.202640 -0.169588 -0.964457

PART 26
OFFSET 25.125673 -1.168161 -5.764134
SCALE 1.000000 1.000000 1.000000
X 0.815529 -0.553308 -0.169597
Y -0.572267 -0.727405 -0.378672
Z 0.086157 0.405873 -0.909859

PART 27
OFFSET 25.081440 -1.308978 -5.082194
SCALE 1.000000 1.000000 1.000000
X 0.930455 -0.362509 -0.053298
Y -0.345257 -0.818718 -0.458801
Z 0.122683 0.445295 -0.886939

PART 28
OFFSET 24.142424 -1.951387 -4.249187
SCALE 1.000000 1.000000 1.000000
X 0.340564 -0.778510 0.527199
Y -0.889590 -0.085284 0.448727
Z -0.304377 -0.621811 -0.721599

PART 29
OFFSET 26.272225 -2.980744 -3.043682
SCALE 1.000000 1.000000 1.000000
X 0.898031 -0.434232 -0.070591
Y 0.411064 0.771062 0.486302
Z -0.156737 -0.465732 0.870935

PART 30
OFFSET 26.429998 -3.044111 -5.411760
SCALE 1.000000 1.000000 1.000000
X -0.041752 0.414474 -0.909103
Y 0.157923 0.901196 0.403616
Z 0.986568 -0.126717 -0.103082

PART 31
OFFSET 16.946653 -5.097397 -3.080409
SCALE 1.000000 1.000000 1.000000
X -0.971178 -0.208345 0.115786
Y 0.234400 -0.922951 0.305316
Z 0.043254 0.323656 0.945186

PART 32
OFFSET 16.970575 -5.401572 -4.140459
SCALE 1.000000 1.000000 1.000000
X -0.349064 -0.914104 0.206319
Y 0.933332 -0.358851 -0.010832
Z 0.083940 0.188783 0.978425

PART 33
OFFSET 13.981722 -5.496480 -5.111777
SCALE 1.000000 1.000000 1.000000
X -0.941895 -0.145408 0.302803
Y 0.250757 -0.904177 0.345809
Z 0.223504 0.401646 0.888103

PART 34
OFFSET 14.177856 -5.315435 -4.443089
SCALE 1.000000 1.000000 1.000000
X -0.977127 -0.042773 0.208310
Y 0.137341 -0.874802 0.464607
Z 0.162358 0.482589 0.860667

PART 35
OFFSET 13.511086 -4.434069 -3.486816
SCALE 1.000000 1.000000 1.000000
X -0.618644 -0.726248 -0.299738
Y 0.622406 -0.220201 -0.751080
Z 0.479468 -0.651210 0.588248

PART 36
OFFSET 8.902985 -5.433438 -3.304244
SCALE 1.000000 1.000000 1.000000
X -0.949536 -0.187940 0.251119
Y -0.290973 0.826744 -0.481487
Z -0.117121 -0.530257 -0.839708

PART 37
OFFSET 28.860610 -3.144946 -3.264354
SCALE 1.000000 1.000000 1.000000
X -0.107214 -0.971458 0.211600
Y -0.987587 0.079484 -0.135480
Z 0.114794 -0.223498 -0.967921

PART 38
OFFSET 28.774799 -3.405081 -3.817547
SCALE 1.000000 1.000000 1.000000
X -0.463982 -0.873384 0.148059
Y -0.876948 0.476489 0.062614
Z -0.125234 -0.100788 -0.986994

PART 39
OFFSET 26.942246 -2.461807 -6.124713
SCALE 1.000000 1.000000 1.000000
X 0.492340 -0.781078 0.384081
Y -0.869558 -0.421942 0.256581
Z -0.038350 -0.460306 -0.886932

PART 40
OFFSET 27.524829 -2.174223 -5.349722
SCALE 1.000000 1.000000 1.000000
X 0.521339 -0.797341 0.304060
Y -0.845716 -0.435211 0.308798
Z -0.113887 -0.418137 -0.901216

PART 41
OFFSET 24.835301 -3.732367 -3.081840
SCALE 1.000000 1.000000 1.000000
X 0.853816 -0.379881 0.355933
Y -0.519743 -0.583437 0.624074
Z -0.029409 -0.717838 -0.695588

PART 42
OFFSET 18.650526 -4.680585 -3.284244
SCALE 1.000000 1.000000 1.000000
X -0.399917 -0.916448 0.013742
Y 0.905219 -0.392577 0.162672
Z -0.143686 0.077495 0.986584

PART 43
OFFSET 17.651365 -3.613229 -4.543196
SCALE 1.000000 1.000000 1.000000
X 0.497803 -0.863478 0.081229
Y 0.769174 0.396274 -0.501337
Z 0.400705 0.312046 0.861431

PART 44
OFFSET 16.236118 -5.186420 -5.636340
SCALE 1.000000 1.000000 1.000000
X -0.316773 -0.893858 0.317290
Y 0.912500 -0.378481 -0.155230
Z 0.258841 0.240354 0.935538

PART 45
OFFSET 16.695135 -5.257407 -5.118832
SCALE 1.000000 1.000000 1.000000
X -0.302241 -0.937285 0.173627
Y 0.890890 -0.342539 -0.298300
Z 0.339067 0.064524 0.938547

PART 46
OFFSET 14.801163 -2.776069 -2.799941
SCALE 1.000000 1.000000 1.000000
X -0.921132 -0.383487 0.066741
Y 0.213286 -0.640679 -0.737590
Z 0.325615 -0.665183 0.671942

PART 47
OFFSET 28.588294 -4.271700 -2.912741
SCALE 1.000000 1.000000 1.000000
X -0.621151 -0.733632 0.275599
Y -0.782306 0.559552 -0.273677
Z 0.046566 -0.385597 -0.921491

PART 48
OFFSET 27.949808 -4.596645 -3.616156
SCALE 1.000000 1.000000 1.000000
X -0.984548 0.165470 0.057312
Y 0.162999 0.985579 -0.045437
Z -0.064004 -0.035393 -0.997322

PART 49
OFFSET 27.642178 -3.582083 -5.571234
SCALE 1.000000 1.000000 1.000000
X -0.478714 -0.660034 0.578954
Y -0.876883 0.326620 -0.352697
Z 0.043694 -0.676516 -0.735131

PART 50
OFFSET 28.417179 -3.590411 -4.806844
SCALE 1.000000 1.000000 1.000000
X -0.676895 -0.603251 0.421783
Y -0.726479 0.639755 -0.250881
Z -0.118494 -0.476236 -0.871297

PART 51
OFFSET 26.305881 -4.207887 -2.758198
SCALE 1.000000 1.000000 1.000000
X 0.990938 -0.050485 -0.124473
Y 0.064021 -0.637133 0.768090
Z -0.118083 -0.769099 -0.628127

PART 52
OFFSET 18.835240 -3.518103 -3.215082
SCALE 1.000000 1.000000 1.000000
X 0.452087 -0.889657 -0.064248
Y 0.884915 0.438301 0.157537
Z -0.111994 -0.128075 0.985421

PART 53
OFFSET 16.753511 -2.470392 -4.577682
SCALE 1.000000 1.000000 1.000000
X 0.874598 0.240702 -0.420881
Y -0.369047 0.893487 -0.255902
Z 0.314455 0.379136 0.870272

PART 54
OFFSET 16.666439 -3.985833 -6.070164
SCALE 1.000000 1.000000 1.000000
X 0.144688 -0.988708 0.039001
Y 0.973995 0.135368 -0.181686
Z 0.174355 0.064275 0.982583

PART 55
OFFSET 17.188653 -3.781034 -5.411354
SCALE 1.000000 1.000000 1.000000
X 0.299147 -0.953305 -0.041474
Y 0.871791 0.290721 -0.394287
Z 0.387933 0.081793 0.918051

PART 56
OFFSET 16.227150 -2.394729 -3.198801
SCALE 1.000000 1.000000 1.000000
X -0.774575 0.148798 0.614730
Y -0.580561 -0.552920 -0.597685
Z 0.250962 -0.819840 0.514665

PART 57
OFFSET 27.886746 -5.100360 -2.601441
SCALE 1.000000 1.000000 1.000000
X 0.921313 -0.375046 -0.102583
Y 0.346760 0.911888 -0.219584
Z 0.175899 0.166734 0.970185

PART 58
OFFSET 26.834165 -4.410183 -3.558276
SCALE 1.000000 1.000000 1.000000
X 0.655071 -0.753702 0.053060
Y 0.751877 0.643330 -0.144252
Z 0.074588 0.134390 0.988117

PART 59
OFFSET 27.251339 -4.136438 -5.086403
SCALE 1.000000 1.000000 1.000000
X -0.936760 -0.187068 0.295781
Y -0.344201 0.645320 -0.681974
Z -0.063298 -0.740654 -0.668899

PART 60
OFFSET 27.483085 -4.430207 -4.221877
SCALE 1.000000 1.000000 1.000000
X -0.997434 0.008262 0.071112
Y -0.022426 0.907267 -0.419958
Z -0.067987 -0.420475 -0.904753

PART 61
OFFSET 27.373174 -4.308546 -2.908490
SCALE 1.000000 1.000000 1.000000
X 0.820542 0.325436 0.469896
Y -0.501689 0.803985 0.319242
Z -0.273897 -0.497694 0.822971

PART 62
OFFSET 18.324663 -2.513253 -3.142486
SCALE 1.000000 1.000000 1.000000
X -0.977361 -0.142208 0.156660
Y -0.147614 0.988769 -0.023366
Z -0.151578 -0.045962 -0.987376

PART 63
OFFSET 15.760483 -2.745083 -4.107313
SCALE 1.000000 1.000000 1.000000
X -0.456299 -0.780836 0.426717
Y -0.820252 0.554993 0.138450
Z -0.344931 -0.286841 -0.893725

PART 64
OFFSET 16.544544 -3.134035 -6.108734
SCALE 1.000000 1.000000 1.000000
X 0.796747 -0.530806 -0.288859
Y 0.530521 0.843270 -0.086277
Z 0.289382 -0.084504 0.953476

PART 65
OFFSET 16.615290 -2.560111 -5.251834
SCALE 1.000000 1.000000 1.000000
X 0.915158 0.151214 -0.373658
Y -0.168372 0.985631 -0.013504
Z 0.366247 0.075272 0.927468

PART 66
OFFSET 17.063204 -2.508740 -3.876967
SCALE 1.000000 1.000000 1.000000
X -0.852643 0.522494 0.000008
Y 0.430334 0.702258 -0.567139
Z -0.296332 -0.483564 -0.823622

PART 67
OFFSET 26.361394 -4.314157 -4.805402
SCALE 1.000000 1.000000 1.000000
X 0.941653 -0.154059 0.299259
Y 0.335036 0.514251 -0.789491
Z -0.032266 0.843689 0.535861

PART 68
OFFSET 26.401408 -4.421283 -4.144751
SCALE 1.000000 1.000000 1.000000
X 0.826195 -0.547489 0.132881
Y 0.556220 0.755180 -0.346877
Z 0.089562 0.360499 0.928450

PART 69
OFFSET 15.787603 -2.629752 -5.834321
SCALE 1.000000 1.000000 1.000000
X -0.984448 -0.111001 0.136162
Y -0.075780 0.967586 0.240903
Z -0.158489 0.226838 -0.960950

PART 70
OFFSET 15.622776 -2.724053 -4.846571
SCALE 1.000000 1.000000 1.000000
X -0.633794 -0.682662 0.363700
Y -0.677578 0.716787 0.164636
Z -0.373086 -0.142089 -0.916852

PART 71
OFFSET 0.000000 0.000000 0.000000
SCALE 1.000000 1.000000 1.000000
X 1.000000 0.000000 0.000000
Y 0.000000 1.000000 0.000000
Z 0.000000 0.000000 1.000000

PART 72
OFFSET 0.000000 0.000000 0.000000
SCALE 1.000000 1.000000 1.000000
X 1.000000 0.000000 0.000000
Y 0.000000 1.000000 0.000000
Z 0.000000 0.000000 1.000000

PART 73
OFFSET 1.540551 0.000000 4.135826
SCALE 1.000000 1.000000 1.000000
X 1.000000 0.000000 0.000000
Y 0.000000 1.000000 0.000000
Z 0.000000 0.000000 1.000000

PART 74
OFFSET -4.631835 0.000000 -1.376957
SCALE 1.000000 1.000000 1.000000
X 1.000000 0.000000 0.000000
Y 0.000000 1.000000 0.000000
Z 0.000000 0.000000 1.000000

FRAME 2
PART 0
OFFSET 0.000000 0.000000 0.000000
SCALE 1.000000 1.000000 1.000000
X 1.000000 0.000000 0.000000
Y 0.000000 1.000000 0.000000
Z 0.000000 0.000000 1.000000

PART 1
OFFSET 4.158328 2.275001 -4.816981
SCALE 1.000000 1.000000 1.000000
X 0.907646 0.198061 -0.370069
Y 0.095515 -0.955999 -0.277387
Z -0.408725 0.216422 -0.886626

PART 2
OFFSET -4.953554 -5.268179 0.622379
SCALE 1.000000 1.000000 1.000000
X -0.639211 0.130699 0.757844
Y -0.372682 -0.914650 -0.156601
Z 0.672694 -0.382536 0.633363

PART 3
OFFSET 16.032135 -3.541676 -4.360429
SCALE 1.000000 1.000000 1.000000
X 1.000000 0.000000 0.000000
Y 0.000000 1.000000 0.000000
Z 0.000000 0.000000 1.000000

PART 4
OFFSET 13.908927 18.076323 -17.331985
SCALE 1.000000 1.000000 1.000000
X 0.998737 0.041892 -0.027740
Y 0.021387 0.145113 0.989184
Z 0.045465 -0.988528 0.144033

PART 5
OFFSET 15.168274 4.716381 -9.326243
SCALE 1.000000 1.000000 1.000000
X 0.770764 -0.512603 0.378367
Y -0.623055 -0.482337 0.615755
Z -0.133137 -0.710345 -0.691147

PART 6
OFFSET 2.888367 -7.066170 -9.061420
SCALE 1.000000 1.000000 1.000000
X -0.894663 -0.153940 -0.419382
Y 0.438773 -0.126260 -0.889684
Z 0.084006 -0.979980 0.180505

PART 7
OFFSET 16.032135 -3.541676 -4.360429
SCALE 1.000000 1.000000 1.000000
X 1.000000 0.000000 0.000000
Y 0.000000 1.000000 0.000000
Z 0.000000 0.000000 1.000000

PART 8
OFFSET 23.577995 0.786874 -5.610074
SCALE 1.000000 1.000000 1.000000
X 0.774832 -0.507778 0.376559
Y 0.139897 0.718624 0.681182
Z -0.616493 -0.475122 0.627850

PART 9
OFFSET 23.190665 -0.076545 -7.002247
SCALE 1.000000 1.000000 1.000000
X 0.774832 -0.507778 0.376559
Y 0.139897 0.718624 0.681182
Z -0.616493 -0.475122 0.627850

PART 10
OFFSET 22.385727 -0.785498 -3.924155
SCALE 1.000000 1.000000 1.000000
X 0.774832 -0.507778 0.376559
Y 0.139897 0.718624 0.681182
Z -0.616493 -0.475122 0.627850

PART 11
OFFSET 21.998120 -1.779604 -4.744529
SCALE 1.000000 1.000000 1.000000
X 0.774832 -0.507778 0.376559
Y 0.139897 0.718624 0.681182
Z -0.616493 -0.475122 0.627850

PART 12
OFFSET 22.219162 -1.550623 -5.899688
SCALE 1.000000 1.000000 1.000000
X 0.774832 -0.507778 0.376559
Y 0.139897 0.718624 0.681182
Z -0.616493 -0.475122 0.627850

PART 13
OFFSET 24.133738 -1.132954 -4.933398
SCALE 1.000000 1.000000 1.000000
X 0.937242 -0.265171 0.226411
Y -0.311029 -0.342307 0.886615
Z -0.157603 -0.901394 -0.403300

PART 14
OFFSET 21.746161 0.478207 -5.933759
SCALE 1.000000 1.000000 1.000000
X 0.811809 -0.487176 0.321910
Y -0.292178 0.138408 0.946295
Z -0.505567 -0.862266 -0.029981

PART 15
OFFSET 11.632407 -6.044331 -3.226936
SCALE 1.000000 1.000000 1.000000
X -0.897494 -0.150517 -0.414548
Y -0.087781 0.982118 -0.166550
Z 0.432203 -0.113088 -0.894657

PART 16
OFFSET 11.337334 -4.734165 -3.315777
SCALE 1.000000 1.000000 1.000000
X -0.897494 -0.150517 -0.414548
Y -0.087781 0.982118 -0.166550
Z 0.432203 -0.113088 -0.894657

PART 17
OFFSET 11.363780 -4.320254 -4.439918
SCALE 1.000000 1.000000 1.000000
X -0.897494 -0.150517 -0.414548
Y -0.087781 0.982118 -0.166550
Z 0.432203 -0.113088 -0.894657

PART 18
OFFSET 13.274409 -5.220559 -4.097213
SCALE 1.000000 1.000000 1.000000
X -0.998366 -0.028656 -0.049435
Y 0.057051 -0.451553 -0.890418
Z 0.003194 -0.891784 0.452450

PART 19
OFFSET 10.498332 -5.790478 -5.466669
SCALE 1.000000 1.000000 1.000000
X -0.901616 -0.150410 -0.405544
Y 0.405134 0.034763 -0.913596
Z 0.151512 -0.988012 0.029593

PART 20
OFFSET 15.606038 -3.541623 -0.343801
SCALE 1.000000 1.000000 1.000000
X 1.000000 0.000000 0.000000
Y 0.000000 1.000000 0.000000
Z 0.000000 0.000000 1.000000

PART 21
OFFSET 21.574403 -3.686105 -0.892542
SCALE 1.000000 1.000000 1.000000
X 1.000000 0.000000 -0.000000
Y -0.000000 0.822561 -0.568676
Z 0.000000 0.568676 0.822561

PART 22
OFFSET 36.726931 -3.541677 -0.939405
SCALE 1.000000 1.000000 1.000000
X 1.000000 0.000000 0.000000
Y 0.000000 1.000000 0.000000
Z 0.000000 0.000000 1.000000

PART 23
OFFSET 20.897282 -3.541676 -3.927169
SCALE 1.000000 1.000000 1.000000
X 1.000000 0.000000 0.000000
Y 0.000000 1.000000 0.000000
Z 0.000000 0.000000 1.000000

PART 24
OFFSET 27.609395 -2.101023 -3.280547
SCALE 1.000000 1.000000 1.000000
X 0.847579 -0.530660 0.003208
Y -0.528288 -0.844331 -0.089537
Z 0.050222 0.074195 -0.995978

PART 25
OFFSET 27.842245 -1.856693 -4.327843
SCALE 1.000000 1.000000 1.000000
X 0.574371 -0.777053 0.257460
Y -0.793126 -0.606104 -0.059917
Z 0.202606 -0.169784 -0.964430

PART 26
OFFSET 25.297208 -1.165623 -5.764719
SCALE 1.000000 1.000000 1.000000
X 0.815706 -0.553070 -0.169523
Y -0.572050 -0.727709 -0.378417
Z 0.085927 0.405652 -0.909980

PART 27
OFFSET 25.253090 -1.306267 -5.082736
SCALE 1.000000 1.000000 1.000000
X 0.930576 -0.362200 -0.053289
Y -0.345016 -0.818965 -0.458542
Z 0.122442 0.445093 -0.887074

PART 28
OFFSET 24.314380 -1.948774 -4.249461
SCALE 1.000000 1.000000 1.000000
X 0.340887 -0.778246 0.527381
Y -0.889517 -0.085470 0.448836
Z -0.304229 -0.622116 -0.721399

PART 29
OFFSET 26.444656 -2.977055 -3.043878
SCALE 1.000000 1.000000 1.000000
X 0.898176 -0.433938 -0.070559
Y 0.410842 0.771340 0.486049
Z -0.156491 -0.465546 0.871078

PART 30
OFFSET 26.602222 -3.041021 -5.411954
SCALE 1.000000 1.000000 1.000000
X -0.041984 0.414209 -0.909213
Y 0.157648 0.901362 0.403352
Z 0.986602 -0.126401 -0.103142

PART 31
OFFSET 17.116648 -5.101771 -3.086142
SCALE 1.000000 1.000000 1.000000
X -0.971194 -0.208062 0.116160
Y 0.234268 -0.922873 0.305652
Z 0.043606 0.324060 0.945031

PART 32
OFFSET 17.140190 -5.406416 -4.146065
SCALE 1.000000 1.000000 1.000000
X -0.349222 -0.913930 0.206822
Y 0.933243 -0.359079 -0.010946
Z 0.084269 0.189192 0.978317

PART 33
OFFSET 14.151032 -5.501036 -5.116472
SCALE 1.000000 1.000000 1.000000
X -0.941842 -0.145050 0.303141
Y 0.250642 -0.904085 0.346133
Z 0.223859 0.401982 0.887861

PART 34
OFFSET 14.347404 -5.319744 -4.447921
SCALE 1.000000 1.000000 1.000000
X -0.977077 -0.042448 0.208613
Y 0.137267 -0.874631 0.464951
Z 0.162723 0.482928 0.860408

PART 35
OFFSET 13.681123 -4.437799 -3.491841
SCALE 1.000000 1.000000 1.000000
X -0.618905 -0.726232 -0.299239
Y 0.622135 -0.220680 -0.751165
Z 0.479484 -0.651067 0.588394

PART 36
OFFSET 9.072835 -5.435987 -3.307491
SCALE 1.000000 1.000000 1.000000
X -0.949507 -0.187603 0.251478
Y -0.290915 0.826602 -0.481765
Z -0.117491 -0.530598 -0.839441

PART 37
OFFSET 29.033076 -3.140416 -3.264756
SCALE 1.000000 1.000000 1.000000
X -0.106855 -0.971437 0.211878
Y -0.987627 0.079102 -0.135406
Z 0.114779 -0.223725 -0.967870

PART 38
OFFSET 28.947303 -3.400733 -3.817868
SCALE 1.000000 1.000000 1.000000
X -0.463663 -0.873505 0.148344
Y -0.877108 0.476201 0.062568
Z -0.125295 -0.101104 -0.986955

PART 39
OFFSET 27.114198 -2.458734 -6.125117
SCALE 1.000000 1.000000 1.000000
X 0.492649 -0.780801 0.384249
Y -0.869386 -0.422175 0.256782
Z -0.038275 -0.460564 -0.886801

PART 40
OFFSET 27.696755 -2.170734 -5.350262
SCALE 1.000000 1.000000 1.000000
X 0.521647 -0.797075 0.304230
Y -0.845534 -0.435421 0.309000
Z -0.113828 -0.418425 -0.901090

PART 41
OFFSET 25.007991 -3.729190 -3.081690
SCALE 1.000000 1.000000 1.000000
X 0.853983 -0.379485 0.355955
Y -0.519479 -0.583446 0.624285
Z -0.029226 -0.718040 -0.695388

PART 42
OFFSET 18.820562 -4.685455 -3.290654
SCALE 1.000000 1.000000 1.000000
X -0.400132 -0.916347 0.014261
Y 0.905172 -0.392722 0.162581
Z -0.143380 0.077962 0.986592

PART 43
OFFSET 17.821289 -3.618413 -4.549784
SCALE 1.000000 1.000000 1.000000
X 0.497620 -0.863561 0.081463
Y 0.769123 0.395870 -0.501735
Z 0.401030 0.312329 0.861177

PART 44
OFFSET 16.405349 -5.191745 -5.641827
SCALE 1.000000 1.000000 1.000000
X -0.316895 -0.893643 0.317774
Y 0.912364 -0.378767 -0.155329
Z 0.259171 0.240703 0.935357

PART 45
OFFSET 16.864500 -5.262615 -5.124421
SCALE 1.000000 1.000000 1.000000
X -0.302414 -0.937137 0.174127
Y 0.890721 -0.342882 -0.298409
Z 0.339355 0.064855 0.938420

PART 46
OFFSET 14.971795 -2.779807 -2.806069
SCALE 1.000000 1.000000 1.000000
X -0.921204 -0.383237 0.067177
Y 0.212919 -0.641054 -0.737371
Z 0.325652 -0.664966 0.672139

PART 47
OFFSET 28.761188 -4.267168 -2.912806
SCALE 1.000000 1.000000 1.000000
X -0.620869 -0.733773 0.275862
Y -0.782528 0.559204 -0.273755
Z 0.046611 -0.385835 -0.921389

PART 48
OFFSET 28.122748 -4.592529 -3.616069
SCALE 1.000000 1.000000 1.000000
X -0.984600 0.165143 0.057361
Y 0.162651 0.985624 -0.045724
Z -0.064088 -0.035690 -0.997306

PART 49
OFFSET 27.814574 -3.578613 -5.571397
SCALE 1.000000 1.000000 1.000000
X -0.478428 -0.660042 0.579182
Y -0.877031 0.326217 -0.352702
Z 0.043859 -0.676703 -0.734948

PART 50
OFFSET 28.589652 -3.586460 -4.807080
SCALE 1.000000 1.000000 1.000000
X -0.676644 -0.603371 0.422015
Y -0.726727 0.639433 -0.250987
Z -0.118412 -0.476518 -0.871154

PART 51
OFFSET 26.478768 -4.204108 -2.758060
SCALE 1.000000 1.000000 1.000000
X 0.990943 -0.050174 -0.124555
Y 0.064318 -0.636899 0.768260
Z -0.117876 -0.769313 -0.627904

PART 52
OFFSET 19.005573 -3.522988 -3.222056
SCALE 1.000000 1.000000 1.000000
X 0.451856 -0.889793 -0.063989
Y 0.885065 0.438158 0.157088
Z -0.111738 -0.127616 0.985509

PART 53
OFFSET 16.923699 -2.475377 -4.584511
SCALE 1.000000 1.000000 1.000000
X 0.874533 0.240308 -0.421241
Y -0.368908 0.893462 -0.256186
Z 0.314799 0.379443 0.870014

PART 54
OFFSET 16.835830 -3.991452 -6.076302
SCALE 1.000000 1.000000 1.000000
X 0.144463 -0.988726 0.039393
Y 0.973974 0.135056 -0.182029
Z 0.174656 0.064664 0.982504

PART 55
OFFSET 17.358285 -3.786489 -5.417734
SCALE 1.000000 1.000000 1.000000
X 0.298907 -0.953395 -0.041143
Y 0.871745 0.290340 -0.394668
Z 0.388220 0.082103 0.917902

PART 56
OFFSET 16.397757 -2.398983 -3.205511
SCALE 1.000000 1.000000 1.000000
X -0.774361 0.149253 0.614890
Y -0.580867 -0.553044 -0.597273
Z 0.250916 -0.819674 0.514951

PART 57
OFFSET 28.059959 -5.095987 -2.601210
SCALE 1.000000 1.000000 1.000000
X 0.921434 -0.374752 -0.102569
Y 0.346420 0.911949 -0.219869
Z 0.175934 0.167063 0.970122

PART 58
OFFSET 27.007044 -4.406441 -3.558132
SCALE 1.000000 1.000000 1.000000
X 0.655339 -0.753459 0.053204
Y 0.751638 0.643552 -0.144502
Z 0.074637 0.134688 0.988073

PART 59
OFFSET 27.423976 -4.132971 -5.086376
SCALE 1.000000 1.000000 1.000000
X -0.936666 -0.187313 0.295923
Y -0.344492 0.645012 -0.682118
Z -0.063105 -0.740860 -0.668688

PART 60
OFFSET 27.655908 -4.426421 -4.221791
SCALE 1.000000 1.000000 1.000000
X -0.997430 0.007933 0.071206
Y -0.022783 0.907143 -0.420206
Z -0.067928 -0.420748 -0.904631

PART 61
OFFSET 27.546081 -4.304436 -2.908427
SCALE 1.000000 1.000000 1.000000
X 0.820474 0.325852 0.469727
Y -0.501938 0.803898 0.319069
Z -0.273644 -0.497562 0.823135

PART 62
OFFSET 18.495258 -2.517984 -3.149753
SCALE 1.000000 1.000000 1.000000
X -0.977349 -0.141906 0.157007
Y -0.147384 0.988794 -0.023757
Z -0.151876 -0.046359 -0.987312

PART 63
OFFSET 15.930742 -2.749624 -4.113733
SCALE 1.000000 1.000000 1.000000
X -0.456361 -0.780539 0.427192
Y -0.820080 0.555250 0.138444
Z -0.345260 -0.287151 -0.893499

PART 64
OFFSET 16.714129 -3.139642 -6.115211
SCALE 1.000000 1.000000 1.000000
X 0.796536 -0.531123 -0.288857
Y 0.530697 0.843105 -0.086801
Z 0.289639 -0.084155 0.953429

PART 65
OFFSET 16.785261 -2.565359 -5.258583
SCALE 1.000000 1.000000 1.000000
X 0.915086 0.150831 -0.373990
Y -0.168140 0.985665 -0.013887
Z 0.366534 0.075591 0.927329

PART 66
OFFSET 17.233586 -2.513491 -3.883869
SCALE 1.000000 1.000000 1.000000
X -0.852518 0.522698 0.000026
Y 0.430337 0.701906 -0.567572
Z -0.296688 -0.483854 -0.823323

PART 67
OFFSET 26.534120 -4.310923 -4.805240
SCALE 1.000000 1.000000 1.000000
X 0.941735 -0.153648 0.299211
Y 0.334781 0.514150 -0.789665
Z -0.032509 0.843826 0.535632

PART 68
OFFSET 26.574235 -4.417853 -4.144562
SCALE 1.000000 1.000000 1.000000
X 0.826399 -0.547164 0.132952
Y 0.555923 0.755278 -0.347139
Z 0.089526 0.360786 0.928342

PART 69
OFFSET 15.957388 -2.635057 -5.840799
SCALE 1.000000 1.000000 1.000000
X -0.984435 -0.110706 0.136497
Y -0.075479 0.967710 0.240500
Z -0.158714 0.226454 -0.961004

PART 70
OFFSET 15.792825 -2.728885 -4.852960
SCALE 1.000000 1.000000 1.000000
X -0.633852 -0.682351 0.364184
Y -0.677359 0.717021 0.164519
Z -0.373387 -0.142402 -0.916681

PART 71
OFFSET 0.000000 0.000000 0.000000
SCALE 1.000000 1.000000 1.000000
X 1.000000 0.000000 0.000000
Y 0.000000 1.000000 0.000000
Z 0.000000 0.000000 1.000000

PART 72
OFFSET 0.000000 0.000000 0.000000
SCALE 1.000000 1.000000 1.000000
X 1.000000 0.000000 0.000000
Y 0.000000 1.000000 0.000000
Z 0.000000 0.000000 1.000000

PART 73
OFFSET 1.540551 0.000000 4.135826
SCALE 1.000000 1.000000 1.000000
X 1.000000 0.000000 0.000000
Y 0.000000 1.000000 0.000000
Z 0.000000 0.000000 1.000000

PART 74
OFFSET -4.631835 0.000000 -1.376957
