// Export time: Mon Jun 13 22:48:13 2022

ANIMATION
VERSION 3

NUMPARTS 75
PART 0 "tag_torso"
PART 1 "j_shoulder_le"
PART 2 "j_shoulder_ri"
PART 3 "tag_weapon"
PART 4 "tag_weapon1"
PART 5 "j_elbow_le"
PART 6 "j_elbow_ri"
PART 7 "j_gun"
PART 8 "j_sleave_reshape_bottom_le_1"
PART 9 "j_sleave_reshape_bottom_le_2"
PART 10 "j_sleave_reshape_top_le_1"
PART 11 "j_sleave_reshape_top_le_2"
PART 12 "j_sleave_reshape_top_le_3"
PART 13 "j_wrist_le"
PART 14 "j_wristtwist_le"
PART 15 "j_sleave_reshape_top_ri_1"
PART 16 "j_sleave_reshape_top_ri_2"
PART 17 "j_sleave_reshape_top_ri_3"
PART 18 "j_wrist_ri"
PART 19 "j_wristtwist_ri"
PART 20 "tag_bolt_animate"
PART 21 "tag_brass"
PART 22 "tag_flash"
PART 23 "tag_clip"
PART 24 "j_index_le_0"
PART 25 "j_mid_le_0"
PART 26 "j_pinkypalm_le"
PART 27 "j_ringpalm_le"
PART 28 "j_thumb_le_0"
PART 29 "j_webbing_le"
PART 30 "tag_knife_attach"
PART 31 "j_index_ri_0"
PART 32 "j_mid_ri_0"
PART 33 "j_pinkypalm_ri"
PART 34 "j_ringpalm_ri"
PART 35 "j_thumb_ri_0"
PART 36 "j_webbing_ri"
PART 37 "j_index_le_1"
PART 38 "j_mid_le_1"
PART 39 "j_pinky_le_0"
PART 40 "j_ring_le_0"
PART 41 "j_thumb_le_1"
PART 42 "j_index_ri_1"
PART 43 "j_mid_ri_1"
PART 44 "j_pinky_ri_0"
PART 45 "j_ring_ri_0"
PART 46 "j_thumb_ri_1"
PART 47 "j_index_le_2"
PART 48 "j_mid_le_2"
PART 49 "j_pinky_le_1"
PART 50 "j_ring_le_1"
PART 51 "j_thumb_le_2"
PART 52 "j_index_ri_2"
PART 53 "j_mid_ri_2"
PART 54 "j_pinky_ri_1"
PART 55 "j_ring_ri_1"
PART 56 "j_thumb_ri_2"
PART 57 "j_index_le_3"
PART 58 "j_mid_le_3"
PART 59 "j_pinky_le_2"
PART 60 "j_ring_le_2"
PART 61 "j_thumb_le_3"
PART 62 "j_index_ri_3"
PART 63 "j_mid_ri_3"
PART 64 "j_pinky_ri_2"
PART 65 "j_ring_ri_2"
PART 66 "j_thumb_ri_3"
PART 67 "j_pinky_le_3"
PART 68 "j_ring_le_3"
PART 69 "j_pinky_ri_3"
PART 70 "j_ring_ri_3"
PART 71 "tag_cambone"
PART 72 "tag_camera"
PART 73 "tag_gasmask"
PART 74 "tag_gasmask2"

FRAMERATE 30
NUMFRAMES 24
FRAME 0
PART 0
OFFSET 0.000000 0.000000 0.000000
SCALE 1.000000 1.000000 1.000000
X 1.000000 0.000000 0.000000
Y 0.000000 1.000000 0.000000
Z 0.000000 0.000000 1.000000

PART 1
OFFSET 4.137190 2.294026 -4.827522
SCALE 1.000000 1.000000 1.000000
X 0.911096 0.190663 -0.365448
Y 0.089586 -0.956991 -0.275939
Z -0.402341 0.218667 -0.888992

PART 2
OFFSET -4.979446 -5.274010 0.613938
SCALE 1.000000 1.000000 1.000000
X -0.645966 0.127982 0.752562
Y -0.368373 -0.915725 -0.160466
Z 0.668603 -0.380879 0.638672

PART 3
OFFSET 16.110489 -3.541622 -4.360429
SCALE 1.000000 1.000000 1.000000
X 1.000000 0.000000 0.000000
Y 0.000000 1.000000 0.000000
Z 0.000000 0.000000 1.000000

PART 4
OFFSET 13.908927 18.076323 -17.331985
SCALE 1.000000 1.000000 1.000000
X 0.998737 0.041892 -0.027740
Y 0.021387 0.145113 0.989184
Z 0.045465 -0.988528 0.144033

PART 5
OFFSET 15.164322 4.613038 -9.257416
SCALE 1.000000 1.000000 1.000000
X 0.779162 -0.504110 0.372532
Y -0.613197 -0.489759 0.619778
Z -0.129986 -0.711343 -0.690721

PART 6
OFFSET 2.936946 -7.025098 -8.972545
SCALE 1.000000 1.000000 1.000000
X -0.898579 -0.150691 -0.412127
Y 0.431150 -0.128446 -0.893091
Z 0.081644 -0.980201 0.180389

PART 7
OFFSET 16.110489 -3.541622 -4.360429
SCALE 1.000000 1.000000 1.000000
X 1.000000 0.000000 0.000000
Y 0.000000 1.000000 0.000000
Z 0.000000 0.000000 1.000000

PART 8
OFFSET 23.643963 0.776361 -5.603660
SCALE 1.000000 1.000000 1.000000
X 0.783163 -0.499238 0.370698
Y 0.136580 0.719705 0.680714
Z -0.606632 -0.482479 0.631832

PART 9
OFFSET 23.256580 -0.090453 -6.993707
SCALE 1.000000 1.000000 1.000000
X 0.783163 -0.499238 0.370698
Y 0.136580 0.719705 0.680714
Z -0.606632 -0.482479 0.631832

PART 10
OFFSET 22.481484 -0.810512 -3.910539
SCALE 1.000000 1.000000 1.000000
X 0.783163 -0.499238 0.370698
Y 0.136580 0.719705 0.680714
Z -0.606632 -0.482479 0.631832

PART 11
OFFSET 22.099343 -1.808388 -4.728897
SCALE 1.000000 1.000000 1.000000
X 0.783163 -0.499238 0.370698
Y 0.136580 0.719705 0.680714
Z -0.606632 -0.482479 0.631832

PART 12
OFFSET 22.309612 -1.576152 -5.885417
SCALE 1.000000 1.000000 1.000000
X 0.783163 -0.499238 0.370698
Y 0.136580 0.719705 0.680714
Z -0.606632 -0.482479 0.631832

PART 13
OFFSET 24.227309 -1.133415 -4.934942
SCALE 1.000000 1.000000 1.000000
X 0.937317 -0.265117 0.226162
Y -0.310841 -0.342709 0.886526
Z -0.157525 -0.901256 -0.403637

PART 14
OFFSET 21.813445 0.447200 -5.914623
SCALE 1.000000 1.000000 1.000000
X 0.819517 -0.478183 0.315806
Y -0.287027 0.134465 0.948438
Z -0.495992 -0.867906 -0.027055

PART 15
OFFSET 11.731266 -6.034067 -3.208745
SCALE 1.000000 1.000000 1.000000
X -0.901358 -0.147254 -0.407272
Y -0.085299 0.982361 -0.166406
Z 0.424592 -0.115252 -0.898019

PART 16
OFFSET 11.440577 -4.722813 -3.295975
SCALE 1.000000 1.000000 1.000000
X -0.901358 -0.147254 -0.407272
Y -0.085299 0.982361 -0.166406
Z 0.424592 -0.115252 -0.898019

PART 17
OFFSET 11.459638 -4.309618 -4.420529
SCALE 1.000000 1.000000 1.000000
X -0.901358 -0.147254 -0.407272
Y -0.085299 0.982361 -0.166406
Z 0.424592 -0.115252 -0.898019

PART 18
OFFSET 13.367859 -5.218831 -4.095635
SCALE 1.000000 1.000000 1.000000
X -0.998355 -0.028805 -0.049574
Y 0.057242 -0.451650 -0.890357
Z 0.003256 -0.891730 0.452555

PART 19
OFFSET 10.580310 -5.777088 -5.439448
SCALE 1.000000 1.000000 1.000000
X -0.905407 -0.147127 -0.398236
Y 0.397946 0.032693 -0.916826
Z 0.147909 -0.988577 0.028948

PART 20
OFFSET 15.684402 -3.541568 -0.343802
SCALE 1.000000 1.000000 1.000000
X 1.000000 0.000000 0.000000
Y 0.000000 1.000000 0.000000
Z 0.000000 0.000000 1.000000

PART 21
OFFSET 21.652758 -3.686050 -0.892542
SCALE 1.000000 1.000000 1.000000
X 1.000000 0.000000 -0.000000
Y -0.000000 0.822561 -0.568676
Z 0.000000 0.568676 0.822561

PART 22
OFFSET 36.805285 -3.541622 -0.939405
SCALE 1.000000 1.000000 1.000000
X 1.000000 0.000000 0.000000
Y 0.000000 1.000000 0.000000
Z 0.000000 0.000000 1.000000

PART 23
OFFSET 20.975637 -3.541622 -3.927169
SCALE 1.000000 1.000000 1.000000
X 1.000000 0.000000 0.000000
Y 0.000000 1.000000 0.000000
Z 0.000000 0.000000 1.000000

PART 24
OFFSET 27.703427 -2.101588 -3.282952
SCALE 1.000000 1.000000 1.000000
X 0.847661 -0.530530 0.002866
Y -0.528171 -0.844377 -0.089794
Z 0.050059 0.074601 -0.995956

PART 25
OFFSET 27.936076 -1.856809 -4.330176
SCALE 1.000000 1.000000 1.000000
X 0.574531 -0.777068 0.257061
Y -0.793041 -0.606202 -0.060038
Z 0.202485 -0.169366 -0.964528

PART 26
OFFSET 25.390658 -1.165573 -5.766448
SCALE 1.000000 1.000000 1.000000
X 0.815765 -0.552876 -0.169869
Y -0.571995 -0.727646 -0.378620
Z 0.085726 0.406030 -0.909830

PART 27
OFFSET 25.346681 -1.306490 -5.084503
SCALE 1.000000 1.000000 1.000000
X 0.930624 -0.362035 -0.053575
Y -0.344960 -0.818835 -0.458817
Z 0.122238 0.445467 -0.886914

PART 28
OFFSET 24.408194 -1.949471 -4.251357
SCALE 1.000000 1.000000 1.000000
X 0.341087 -0.778404 0.527017
Y -0.889436 -0.085787 0.448938
Z -0.304243 -0.621875 -0.721601

PART 29
OFFSET 26.538799 -2.977915 -3.046511
SCALE 1.000000 1.000000 1.000000
X 0.898232 -0.433771 -0.070869
Y 0.410797 0.771208 0.486295
Z -0.156286 -0.465919 0.870916

PART 30
OFFSET 26.696014 -3.040909 -5.414637
SCALE 1.000000 1.000000 1.000000
X -0.042187 0.414566 -0.909041
Y 0.157570 0.901225 0.403689
Z 0.986606 -0.126208 -0.103343

PART 31
OFFSET 17.209971 -5.099396 -3.084047
SCALE 1.000000 1.000000 1.000000
X -0.971180 -0.208187 0.116046
Y 0.234356 -0.922804 0.305794
Z 0.043425 0.324177 0.944999

PART 32
OFFSET 17.233697 -5.404144 -4.143918
SCALE 1.000000 1.000000 1.000000
X -0.349122 -0.913956 0.206879
Y 0.933296 -0.358947 -0.010771
Z 0.084103 0.189319 0.978307

PART 33
OFFSET 14.244658 -5.499287 -5.114722
SCALE 1.000000 1.000000 1.000000
X -0.941864 -0.145149 0.303023
Y 0.250721 -0.904009 0.346275
Z 0.223674 0.402118 0.887846

PART 34
OFFSET 14.440917 -5.317896 -4.446168
SCALE 1.000000 1.000000 1.000000
X -0.977100 -0.042562 0.208479
Y 0.137326 -0.874556 0.465073
Z 0.162532 0.483052 0.860374

PART 35
OFFSET 13.774391 -4.435953 -3.490312
SCALE 1.000000 1.000000 1.000000
X -0.618759 -0.726355 -0.299243
Y 0.622274 -0.220679 -0.751050
Z 0.479492 -0.650930 0.588539

PART 36
OFFSET 9.166204 -5.434765 -3.306487
SCALE 1.000000 1.000000 1.000000
X -0.949516 -0.187709 0.251364
Y -0.290964 0.826504 -0.481903
Z -0.117296 -0.530713 -0.839396

PART 37
OFFSET 29.127260 -3.140748 -3.267799
SCALE 1.000000 1.000000 1.000000
X -0.106673 -0.971538 0.211505
Y -0.987660 0.079004 -0.135224
Z 0.114666 -0.223320 -0.967977

PART 38
OFFSET 29.041475 -3.400869 -3.820986
SCALE 1.000000 1.000000 1.000000
X -0.463505 -0.873636 0.148065
Y -0.877172 0.476040 0.062892
Z -0.125429 -0.100728 -0.986976

PART 39
OFFSET 27.207804 -2.458263 -6.127639
SCALE 1.000000 1.000000 1.000000
X 0.492828 -0.780878 0.383861
Y -0.869282 -0.422411 0.256745
Z -0.038339 -0.460215 -0.886979

PART 40
OFFSET 27.790450 -2.170461 -5.352757
SCALE 1.000000 1.000000 1.000000
X 0.521816 -0.797116 0.303831
Y -0.845420 -0.435675 0.308955
Z -0.113901 -0.418082 -0.901240

PART 41
OFFSET 25.102251 -3.730281 -3.084399
SCALE 1.000000 1.000000 1.000000
X 0.854096 -0.379495 0.355673
Y -0.519294 -0.583776 0.624131
Z -0.029221 -0.717767 -0.695670

PART 42
OFFSET 18.918567 -4.721578 -3.288515
SCALE 1.000000 1.000000 1.000000
X -0.483838 -0.874889 0.021675
Y 0.864540 -0.473975 0.167090
Z -0.135912 0.099583 0.985703

PART 43
OFFSET 17.914598 -3.616097 -4.547736
SCALE 1.000000 1.000000 1.000000
X 0.497731 -0.863481 0.081636
Y 0.769138 0.395921 -0.501671
Z 0.400862 0.312487 0.861198

PART 44
OFFSET 16.499019 -5.189734 -5.639771
SCALE 1.000000 1.000000 1.000000
X -0.316813 -0.893651 0.317833
Y 0.912440 -0.378655 -0.155154
Z 0.259003 0.240849 0.935366

PART 45
OFFSET 16.958134 -5.260524 -5.122307
SCALE 1.000000 1.000000 1.000000
X -0.302306 -0.937160 0.174193
Y 0.890812 -0.342790 -0.298241
Z 0.339212 0.065013 0.938461

PART 46
OFFSET 15.064741 -2.777662 -2.804559
SCALE 1.000000 1.000000 1.000000
X -0.921159 -0.383361 0.067090
Y 0.213115 -0.641110 -0.737265
Z 0.325651 -0.664841 0.672264

PART 47
OFFSET 28.855597 -4.267692 -2.916264
SCALE 1.000000 1.000000 1.000000
X -0.620713 -0.733979 0.275663
Y -0.782656 0.559192 -0.273412
Z 0.046530 -0.385459 -0.921551

PART 48
OFFSET 28.217117 -4.592874 -3.619529
SCALE 1.000000 1.000000 1.000000
X -0.984617 0.164968 0.057577
Y 0.162491 0.985667 -0.045355
Z -0.064234 -0.035301 -0.997310

PART 49
OFFSET 27.908432 -3.578267 -5.574463
SCALE 1.000000 1.000000 1.000000
X -0.478237 -0.660347 0.578991
Y -0.877135 0.326223 -0.352438
Z 0.043851 -0.676402 -0.735226

PART 50
OFFSET 28.683645 -3.586265 -4.810290
SCALE 1.000000 1.000000 1.000000
X -0.676486 -0.603644 0.421876
Y -0.726864 0.639421 -0.250620
Z -0.118471 -0.476188 -0.871327

PART 51
OFFSET 26.573146 -4.205091 -2.761205
SCALE 1.000000 1.000000 1.000000
X 0.990932 -0.049971 -0.124726
Y 0.064533 -0.637196 0.767995
Z -0.117853 -0.769080 -0.628193

PART 52
OFFSET 19.259104 -3.580833 -3.234118
SCALE 1.000000 1.000000 1.000000
X 0.278906 -0.959146 -0.047438
Y 0.951009 0.269004 0.152379
Z -0.133392 -0.087614 0.987183

PART 53
OFFSET 17.016861 -2.473186 -4.582720
SCALE 1.000000 1.000000 1.000000
X 0.874559 0.240384 -0.421144
Y -0.368999 0.893380 -0.256344
Z 0.314621 0.379590 0.870015

PART 54
OFFSET 16.929381 -3.989416 -6.074316
SCALE 1.000000 1.000000 1.000000
X 0.144599 -0.988700 0.039530
Y 0.973981 0.135173 -0.181905
Z 0.174507 0.064804 0.982521

PART 55
OFFSET 17.451759 -3.784370 -5.415727
SCALE 1.000000 1.000000 1.000000
X 0.299049 -0.953357 -0.040988
Y 0.871760 0.290418 -0.394577
Z 0.388077 0.082266 0.917948

PART 56
OFFSET 16.490689 -2.396693 -3.203859
SCALE 1.000000 1.000000 1.000000
X -0.774470 0.149215 0.614762
Y -0.580703 -0.553197 -0.597292
Z 0.250959 -0.819578 0.515083

PART 57
OFFSET 28.154544 -5.096744 -2.604893
SCALE 1.000000 1.000000 1.000000
X 0.921476 -0.374569 -0.102859
Y 0.346246 0.912090 -0.219557
Z 0.176056 0.166702 0.970162

PART 58
OFFSET 27.101395 -4.406980 -3.561348
SCALE 1.000000 1.000000 1.000000
X 0.655463 -0.753379 0.052803
Y 0.751517 0.643726 -0.144360
Z 0.074767 0.134305 0.988115

PART 59
OFFSET 27.517995 -4.132874 -5.089606
SCALE 1.000000 1.000000 1.000000
X -0.936592 -0.187576 0.295991
Y -0.344695 0.645231 -0.681808
Z -0.063092 -0.740602 -0.668975

PART 60
OFFSET 27.750120 -4.426608 -4.225195
SCALE 1.000000 1.000000 1.000000
X -0.997420 0.007751 0.071361
Y -0.022987 0.907307 -0.419839
Z -0.068000 -0.420397 -0.904789

PART 61
OFFSET 27.640452 -4.305194 -2.911775
SCALE 1.000000 1.000000 1.000000
X 0.820495 0.325790 0.469733
Y -0.502014 0.803693 0.319467
Z -0.273442 -0.497934 0.822977

PART 62
OFFSET 18.944132 -2.497504 -3.180508
SCALE 1.000000 1.000000 1.000000
X -0.986695 0.044612 0.156343
Y 0.038641 0.998411 -0.041027
Z -0.157925 -0.034440 -0.986850

PART 63
OFFSET 16.023876 -2.747519 -4.112051
SCALE 1.000000 1.000000 1.000000
X -0.456311 -0.780554 0.427218
Y -0.820178 0.555149 0.138262
Z -0.345091 -0.287305 -0.893515

PART 64
OFFSET 16.807564 -3.137622 -6.113340
SCALE 1.000000 1.000000 1.000000
X 0.796653 -0.531043 -0.288681
Y 0.530589 0.843171 -0.086824
Z 0.289515 -0.084002 0.953480

PART 65
OFFSET 16.878543 -2.563304 -5.256805
SCALE 1.000000 1.000000 1.000000
X 0.915117 0.150918 -0.373877
Y -0.168279 0.985640 -0.014027
Z 0.366391 0.075752 0.927372

PART 66
OFFSET 17.326631 -2.511162 -3.882084
SCALE 1.000000 1.000000 1.000000
X -0.852592 0.522576 -0.000157
Y 0.430318 0.701901 -0.567593
Z -0.296501 -0.483993 -0.823309

PART 67
OFFSET 26.628209 -4.311076 -4.808406
SCALE 1.000000 1.000000 1.000000
X 0.941804 -0.153622 0.299006
Y 0.334581 0.514518 -0.789511
Z -0.032557 0.843606 0.535974

PART 68
OFFSET 26.668457 -4.418238 -4.147798
SCALE 1.000000 1.000000 1.000000
X 0.826504 -0.547090 0.132608
Y 0.555753 0.755503 -0.346921
Z 0.089611 0.360429 0.928472

PART 69
OFFSET 16.050712 -2.633113 -5.839095
SCALE 1.000000 1.000000 1.000000
X -0.984439 -0.110831 0.136369
Y -0.075651 0.967727 0.240376
Z -0.158609 0.226319 -0.961053

PART 70
OFFSET 15.886073 -2.726924 -4.851304
SCALE 1.000000 1.000000 1.000000
X -0.633806 -0.682398 0.364173
Y -0.677484 0.716944 0.164338
Z -0.373235 -0.142563 -0.916718

PART 71
OFFSET 0.000000 0.000000 0.000000
SCALE 1.000000 1.000000 1.000000
X 1.000000 0.000000 0.000000
Y 0.000000 1.000000 0.000000
Z 0.000000 0.000000 1.000000

PART 72
OFFSET 0.000000 0.000000 0.000000
SCALE 1.000000 1.000000 1.000000
X 1.000000 0.000000 0.000000
Y 0.000000 1.000000 0.000000
Z 0.000000 0.000000 1.000000

PART 73
OFFSET 1.540551 0.000000 4.135826
SCALE 1.000000 1.000000 1.000000
X 1.000000 0.000000 0.000000
Y 0.000000 1.000000 0.000000
Z 0.000000 0.000000 1.000000

PART 74
OFFSET -4.631835 0.000000 -1.376957
SCALE 1.000000 1.000000 1.000000
X 1.000000 0.000000 0.000000
Y 0.000000 1.000000 0.000000
Z 0.000000 0.000000 1.000000

FRAME 1
PART 0
OFFSET 0.000000 0.000000 0.000000
SCALE 1.000000 1.000000 1.000000
X 1.000000 0.000000 0.000000
Y 0.000000 1.000000 0.000000
Z 0.000000 0.000000 1.000000

PART 1
OFFSET 4.196992 3.101705 -4.786462
SCALE 1.000000 1.000000 1.000000
X 0.917031 0.149285 -0.369823
Y 0.050829 -0.963486 -0.262890
Z -0.395564 0.222280 -0.891134

PART 2
OFFSET -4.966824 -5.272064 0.618214
SCALE 1.000000 1.000000 1.000000
X -0.642730 0.128109 0.755305
Y -0.368163 -0.916259 -0.157880
Z 0.671829 -0.379550 0.636072

PART 3
OFFSET 16.104221 -3.521450 -4.439082
SCALE 1.000000 1.000000 1.000000
X 0.999972 0.005770 0.004673
Y -0.005826 0.999911 0.012025
Z -0.004604 -0.012052 0.999917

PART 4
OFFSET 13.908927 18.076323 -17.331985
SCALE 1.000000 1.000000 1.000000
X 0.998737 0.041892 -0.027740
Y 0.021387 0.145113 0.989184
Z 0.045465 -0.988528 0.144033

PART 5
OFFSET 15.281087 4.900975 -9.255005
SCALE 1.000000 1.000000 1.000000
X 0.768189 -0.521442 0.371462
Y -0.620690 -0.464353 0.631759
Z -0.156936 -0.715873 -0.680365

PART 6
OFFSET 2.906151 -7.022500 -8.995257
SCALE 1.000000 1.000000 1.000000
X -0.901774 -0.150874 -0.405020
Y 0.424232 -0.129773 -0.896207
Z 0.082654 -0.979998 0.181031

PART 7
OFFSET 16.104221 -3.521450 -4.439082
SCALE 1.000000 1.000000 1.000000
X 0.999972 0.005770 0.004673
Y -0.005826 0.999911 0.012025
Z -0.004604 -0.012052 0.999917

PART 8
OFFSET 23.684155 0.869907 -5.633780
SCALE 1.000000 1.000000 1.000000
X 0.772308 -0.516709 0.369529
Y 0.163666 0.723919 0.670190
Z -0.613802 -0.457114 0.643656

PART 9
OFFSET 23.258616 -0.002712 -7.008958
SCALE 1.000000 1.000000 1.000000
X 0.772308 -0.516709 0.369529
Y 0.163666 0.723919 0.670190
Z -0.613802 -0.457114 0.643656

PART 10
OFFSET 22.493911 -0.662049 -3.909654
SCALE 1.000000 1.000000 1.000000
X 0.772308 -0.516709 0.369529
Y 0.163666 0.723919 0.670190
Z -0.613802 -0.457114 0.643656

PART 11
OFFSET 22.075543 -1.658717 -4.711601
SCALE 1.000000 1.000000 1.000000
X 0.772308 -0.516709 0.369529
Y 0.163666 0.723919 0.670190
Z -0.613802 -0.457114 0.643656

PART 12
OFFSET 22.280876 -1.446947 -5.872927
SCALE 1.000000 1.000000 1.000000
X 0.772308 -0.516709 0.369529
Y 0.163666 0.723919 0.670190
Z -0.613802 -0.457114 0.643656

PART 13
OFFSET 24.208872 -1.064135 -4.946022
SCALE 1.000000 1.000000 1.000000
X 0.937666 -0.262669 0.227568
Y -0.313190 -0.354814 0.880919
Z -0.150646 -0.897280 -0.414963

PART 14
OFFSET 21.838968 0.582692 -5.927904
SCALE 1.000000 1.000000 1.000000
X 0.807571 -0.497439 0.316834
Y -0.292333 0.128954 0.947583
Z -0.512221 -0.857861 -0.041278

PART 15
OFFSET 11.744843 -6.027433 -3.300437
SCALE 1.000000 1.000000 1.000000
X -0.904514 -0.147430 -0.400148
Y -0.086199 0.982178 -0.167023
Z 0.417641 -0.116582 -0.901102

PART 16
OFFSET 11.453992 -4.716180 -3.387138
SCALE 1.000000 1.000000 1.000000
X -0.904514 -0.147430 -0.400148
Y -0.086199 0.982178 -0.167023
Z 0.417641 -0.116582 -0.901102

PART 17
OFFSET 11.464576 -4.304451 -4.512341
SCALE 1.000000 1.000000 1.000000
X -0.904514 -0.147430 -0.400148
Y -0.086199 0.982178 -0.167023
Z 0.417641 -0.116582 -0.901102

PART 18
OFFSET 13.372540 -5.219843 -4.207347
SCALE 1.000000 1.000000 1.000000
X -0.997939 -0.033781 -0.054551
Y 0.063857 -0.439828 -0.895809
Z 0.006268 -0.897446 0.441079

PART 19
OFFSET 10.576904 -5.775866 -5.520683
SCALE 1.000000 1.000000 1.000000
X -0.909014 -0.147111 -0.389939
Y 0.387779 0.044290 -0.920688
Z 0.152714 -0.988128 0.016787

PART 20
OFFSET 15.659654 -3.572263 -0.424780
SCALE 1.000000 1.000000 1.000000
X 0.999972 0.005770 0.004673
Y -0.005826 0.999911 0.012025
Z -0.004604 -0.012052 0.999917

PART 21
OFFSET 21.631213 -3.675681 -0.947320
SCALE 1.000000 1.000000 1.000000
X 0.999972 0.005770 0.004673
Y -0.002174 0.829342 -0.558738
Z -0.007100 0.558712 0.829331

PART 22
OFFSET 36.782697 -3.443268 -0.921629
SCALE 1.000000 1.000000 1.000000
X 0.999972 0.005770 0.004673
Y -0.005826 0.999911 0.012025
Z -0.004604 -0.012052 0.999917

PART 23
OFFSET 20.967239 -3.498599 -3.983122
SCALE 1.000000 1.000000 1.000000
X 0.999972 0.005770 0.004673
Y -0.005826 0.999911 0.012025
Z -0.004604 -0.012052 0.999917

PART 24
OFFSET 27.678173 -2.023768 -3.290884
SCALE 1.000000 1.000000 1.000000
X 0.889142 -0.457491 -0.011320
Y -0.456575 -0.885139 -0.089819
Z 0.031071 0.085030 -0.995894

PART 25
OFFSET 27.919688 -1.775111 -4.331721
SCALE 1.000000 1.000000 1.000000
X 0.567217 -0.783774 0.252909
Y -0.796578 -0.600092 -0.073163
Z 0.209112 -0.159963 -0.964720

PART 26
OFFSET 25.402788 -1.074829 -5.776003
SCALE 1.000000 1.000000 1.000000
X 0.786361 -0.594765 -0.167006
Y -0.607410 -0.695091 -0.384581
Z 0.112651 0.403860 -0.907858

PART 27
OFFSET 25.330621 -1.219199 -5.095353
SCALE 1.000000 1.000000 1.000000
X 0.926436 -0.373575 -0.046450
Y -0.350636 -0.811404 -0.467630
Z 0.137005 0.449516 -0.882703

PART 28
OFFSET 24.379830 -1.872150 -4.294845
SCALE 1.000000 1.000000 1.000000
X 0.354503 -0.817695 0.453544
Y -0.875122 -0.119278 0.468972
Z -0.329378 -0.563158 -0.757867

PART 29
OFFSET 26.521396 -2.918179 -3.068231
SCALE 1.000000 1.000000 1.000000
X 0.900927 -0.428021 -0.071611
Y 0.404230 0.767645 0.497313
Z -0.157888 -0.476990 0.864611

PART 30
OFFSET 26.690273 -2.952410 -5.436144
SCALE 1.000000 1.000000 1.000000
X -0.040115 0.425013 -0.904298
Y 0.150691 0.897249 0.415015
Z 0.987767 -0.119621 -0.100039

PART 31
OFFSET 17.209271 -5.091818 -3.176570
SCALE 1.000000 1.000000 1.000000
X -0.970499 -0.215123 0.108875
Y 0.238205 -0.925329 0.295000
Z 0.037284 0.312232 0.949274

PART 32
OFFSET 17.239548 -5.382767 -4.240147
SCALE 1.000000 1.000000 1.000000
X -0.344851 -0.918496 0.193504
Y 0.935362 -0.353518 -0.011083
Z 0.078586 0.177174 0.981037

PART 33
OFFSET 14.255544 -5.482228 -5.225889
SCALE 1.000000 1.000000 1.000000
X -0.942392 -0.154332 0.296780
Y 0.254279 -0.906964 0.335794
Z 0.217345 0.391915 0.893960

PART 34
OFFSET 14.447726 -5.308352 -4.554162
SCALE 1.000000 1.000000 1.000000
X -0.977780 -0.050737 0.203399
Y 0.140179 -0.879681 0.454435
Z 0.155869 0.472850 0.867247

PART 35
OFFSET 13.771857 -4.442543 -3.590151
SCALE 1.000000 1.000000 1.000000
X -0.613252 -0.725915 -0.311399
Y 0.626927 -0.207494 -0.750939
Z 0.480504 -0.655739 0.582342

PART 36
OFFSET 9.168635 -5.469547 -3.440456
SCALE 1.000000 1.000000 1.000000
X -0.949567 -0.196266 0.244544
Y -0.293464 0.830986 -0.472591
Z -0.110459 -0.520522 -0.846674

PART 37
OFFSET 29.146019 -2.985062 -3.287915
SCALE 1.000000 1.000000 1.000000
X -0.165654 -0.961244 0.220383
Y -0.979663 0.134741 -0.148679
Z 0.113222 -0.240530 -0.964016

PART 38
OFFSET 29.005441 -3.337468 -3.829403
SCALE 1.000000 1.000000 1.000000
X -0.518513 -0.845100 0.130192
Y -0.848112 0.527681 0.047518
Z -0.108858 -0.085779 -0.990349

PART 39
OFFSET 27.148996 -2.462238 -6.127252
SCALE 1.000000 1.000000 1.000000
X 0.441735 -0.821080 0.361522
Y -0.897058 -0.398595 0.190814
Z -0.012573 -0.408595 -0.912629

PART 40
OFFSET 27.765525 -2.112259 -5.343252
SCALE 1.000000 1.000000 1.000000
X 0.508032 -0.800755 0.317325
Y -0.857135 -0.433643 0.277981
Z -0.084989 -0.413213 -0.906659

PART 41
OFFSET 25.089643 -3.730003 -3.297339
SCALE 1.000000 1.000000 1.000000
X 0.832458 -0.452143 0.320281
Y -0.549654 -0.600876 0.580369
Z -0.069961 -0.659177 -0.748726

PART 42
OFFSET 18.916604 -4.701795 -3.368274
SCALE 1.000000 1.000000 1.000000
X -0.478950 -0.877804 0.008205
Y 0.866451 -0.471214 0.164983
Z -0.140957 0.086128 0.986262

PART 43
OFFSET 17.912090 -3.585863 -4.617807
SCALE 1.000000 1.000000 1.000000
X 0.502261 -0.861644 0.072823
Y 0.769141 0.406673 -0.492990
Z 0.395167 0.303621 0.866982

PART 44
OFFSET 16.510473 -5.153268 -5.736500
SCALE 1.000000 1.000000 1.000000
X -0.313169 -0.899434 0.304866
Y 0.915274 -0.371489 -0.155786
Z 0.253374 0.230249 0.939568

PART 45
OFFSET 16.967625 -5.228125 -5.217873
SCALE 1.000000 1.000000 1.000000
X -0.297762 -0.941009 0.160748
Y 0.894094 -0.333908 -0.298499
Z 0.334566 0.054842 0.940775

PART 46
OFFSET 15.049628 -2.785978 -2.877209
SCALE 1.000000 1.000000 1.000000
X -0.919260 -0.389368 0.057906
Y 0.220107 -0.630363 -0.744443
Z 0.326364 -0.671592 0.665170

PART 47
OFFSET 28.775596 -4.075774 -2.927479
SCALE 1.000000 1.000000 1.000000
X -0.710440 -0.649405 0.271197
Y -0.703368 0.642384 -0.304329
Z 0.023420 -0.406959 -0.913146

PART 48
OFFSET 28.089758 -4.461772 -3.660319
SCALE 1.000000 1.000000 1.000000
X -0.961003 0.275607 0.022658
Y 0.274830 0.960950 -0.032303
Z -0.030676 -0.024816 -0.999221

PART 49
OFFSET 27.776062 -3.657832 -5.594923
SCALE 1.000000 1.000000 1.000000
X -0.631734 -0.602248 0.488067
Y -0.774312 0.460365 -0.434172
Z 0.036791 -0.652198 -0.757156

PART 50
OFFSET 28.632830 -3.549612 -4.770972
SCALE 1.000000 1.000000 1.000000
X -0.732907 -0.560983 0.384897
Y -0.673611 0.677680 -0.294954
Z -0.095373 -0.475444 -0.874561

PART 51
OFFSET 26.532646 -4.308373 -3.020457
SCALE 1.000000 1.000000 1.000000
X 0.986452 -0.094494 -0.134106
Y 0.030581 -0.697206 0.716218
Z -0.161177 -0.710615 -0.684870

PART 52
OFFSET 19.250400 -3.559946 -3.297662
SCALE 1.000000 1.000000 1.000000
X 0.284567 -0.956872 -0.058461
Y 0.948761 0.272367 0.160213
Z -0.137380 -0.101056 0.985350

PART 53
OFFSET 17.008033 -2.447668 -4.642234
SCALE 1.000000 1.000000 1.000000
X 0.875079 0.250708 -0.413984
Y -0.372909 0.894516 -0.246536
Z 0.308507 0.370117 0.876263

PART 54
OFFSET 16.935976 -3.945057 -6.153605
SCALE 1.000000 1.000000 1.000000
X 0.150036 -0.988298 0.027500
Y 0.974014 0.142980 -0.175653
Z 0.169666 0.053140 0.984068

PART 55
OFFSET 17.454180 -3.745565 -5.490031
SCALE 1.000000 1.000000 1.000000
X 0.304647 -0.951053 -0.051842
Y 0.871881 0.300370 -0.386782
Z 0.383422 0.072632 0.920713

PART 56
OFFSET 16.475192 -2.391881 -3.264988
SCALE 1.000000 1.000000 1.000000
X -0.778102 0.136918 0.613034
Y -0.574811 -0.548732 -0.607030
Z 0.253278 -0.824710 0.505672

PART 57
OFFSET 27.973193 -4.809305 -2.621150
SCALE 1.000000 1.000000 1.000000
X 0.872595 -0.483237 -0.071133
Y 0.457818 0.859919 -0.225703
Z 0.170236 0.164382 0.971596

PART 58
OFFSET 27.000938 -4.150480 -3.641709
SCALE 1.000000 1.000000 1.000000
X 0.563349 -0.823131 0.071370
Y 0.824536 0.554590 -0.112118
Z 0.052707 0.122008 0.991129

PART 59
OFFSET 27.256686 -4.165219 -5.185137
SCALE 1.000000 1.000000 1.000000
X -0.982280 -0.059592 0.177691
Y -0.166914 0.709347 -0.684812
Z -0.085235 -0.702336 -0.706724

PART 60
OFFSET 27.604626 -4.316068 -4.240333
SCALE 1.000000 1.000000 1.000000
X -0.992472 0.121842 -0.012382
Y 0.115185 0.894302 -0.432384
Z -0.041609 -0.430555 -0.901605

PART 61
OFFSET 27.592545 -4.454969 -3.184647
SCALE 1.000000 1.000000 1.000000
X 0.838019 0.243001 0.488543
Y -0.456359 0.802945 0.383427
Z -0.299100 -0.544270 0.783779

PART 62
OFFSET 18.929033 -2.479187 -3.231603
SCALE 1.000000 1.000000 1.000000
X -0.987633 0.037045 0.152342
Y 0.033150 0.999057 -0.028025
Z -0.153237 -0.022628 -0.987930

PART 63
OFFSET 16.014500 -2.733627 -4.179712
SCALE 1.000000 1.000000 1.000000
X -0.453796 -0.788549 0.415042
Y -0.823942 0.548696 0.141606
Z -0.339395 -0.277710 -0.898715

PART 64
OFFSET 16.809497 -3.093530 -6.182252
SCALE 1.000000 1.000000 1.000000
X 0.800963 -0.522795 -0.291793
Y 0.526177 0.847189 -0.073538
Z 0.285649 -0.094633 0.953650

PART 65
OFFSET 16.873313 -2.529889 -5.318097
SCALE 1.000000 1.000000 1.000000
X 0.915936 0.160862 -0.367674
Y -0.173814 0.984776 -0.002150
Z 0.361731 0.065876 0.929952

PART 66
OFFSET 17.314857 -2.492893 -3.940749
SCALE 1.000000 1.000000 1.000000
X -0.855549 0.517716 0.002607
Y 0.428891 0.711564 -0.556533
Z -0.289981 -0.475023 -0.830821

PART 67
OFFSET 26.323495 -4.221833 -5.016325
SCALE 1.000000 1.000000 1.000000
X 0.868392 -0.297314 0.396862
Y 0.495410 0.485378 -0.720401
Z 0.021558 0.822200 0.568790

PART 68
OFFSET 26.528325 -4.183969 -4.253752
SCALE 1.000000 1.000000 1.000000
X 0.744967 -0.633668 0.208541
Y 0.664894 0.679882 -0.309316
Z 0.054220 0.369088 0.927812

PART 69
OFFSET 16.048551 -2.596856 -5.905052
SCALE 1.000000 1.000000 1.000000
X -0.984403 -0.118112 0.130385
Y -0.082243 0.964114 0.252430
Z -0.155521 0.237770 -0.958790

PART 70
OFFSET 15.879954 -2.704294 -4.919322
SCALE 1.000000 1.000000 1.000000
X -0.631567 -0.690582 0.352448
Y -0.682290 0.710947 0.170395
Z -0.368244 -0.132856 -0.920188

PART 71
OFFSET 0.000000 0.000000 0.000000
SCALE 1.000000 1.000000 1.000000
X 1.000000 0.000000 0.000000
Y 0.000000 1.000000 0.000000
Z 0.000000 0.000000 1.000000

PART 72
OFFSET 0.000000 0.000000 0.000000
SCALE 1.000000 1.000000 1.000000
X 1.000000 0.000000 0.000000
Y 0.000000 1.000000 0.000000
Z 0.000000 0.000000 1.000000

PART 73
OFFSET 1.540551 0.000000 4.135826
SCALE 1.000000 1.000000 1.000000
X 1.000000 0.000000 0.000000
Y 0.000000 1.000000 0.000000
Z 0.000000 0.000000 1.000000

PART 74
OFFSET -4.631835 0.000000 -1.376957
SCALE 1.000000 1.000000 1.000000
X 1.000000 0.000000 0.000000
Y 0.000000 1.000000 0.000000
Z 0.000000 0.000000 1.000000

FRAME 2
PART 0
OFFSET 0.000000 0.000000 0.000000
SCALE 1.000000 1.000000 1.000000
X 1.000000 0.000000 0.000000
Y 0.000000 1.000000 0.000000
Z 0.000000 0.000000 1.000000

PART 1
OFFSET 4.335482 5.066021 -4.711785
SCALE 1.000000 1.000000 1.000000
X 0.927959 0.038987 -0.370639
Y -0.052020 -0.971227 -0.232404
Z -0.369035 0.234942 -0.899231

PART 2
OFFSET -4.936277 -5.261455 0.627452
SCALE 1.000000 1.000000 1.000000
X -0.634839 0.130508 0.761542
Y -0.368932 -0.917213 -0.150364
Z 0.678873 -0.376414 0.630432

PART 3
OFFSET 16.093642 -3.497267 -4.619236
SCALE 1.000000 1.000000 1.000000
X 0.999705 0.017579 0.016751
Y -0.018217 0.999082 0.038762
Z -0.016054 -0.039055 0.999108

PART 4
OFFSET 13.908927 18.076323 -17.331985
SCALE 1.000000 1.000000 1.000000
X 0.998737 0.041892 -0.027740
Y 0.021387 0.145113 0.989184
Z 0.045465 -0.988528 0.144033

PART 5
OFFSET 15.475169 5.451957 -9.119515
SCALE 1.000000 1.000000 1.000000
X 0.750576 -0.554727 0.359045
Y -0.623585 -0.414897 0.662572
Z -0.218580 -0.721206 -0.657331

PART 6
OFFSET 2.830826 -7.036052 -9.045379
SCALE 1.000000 1.000000 1.000000
X -0.909560 -0.150367 -0.387415
Y 0.407097 -0.135072 -0.903342
Z 0.083504 -0.979360 0.184070

PART 7
OFFSET 16.093642 -3.497267 -4.619236
SCALE 1.000000 1.000000 1.000000
X 0.999705 0.017579 0.016751
Y -0.018217 0.999082 0.038762
Z -0.016054 -0.039055 0.999108

PART 8
OFFSET 23.762168 1.043840 -5.674447
SCALE 1.000000 1.000000 1.000000
X 0.754881 -0.550275 0.356865
Y 0.225395 0.728635 0.646752
Z -0.615916 -0.407785 0.674061

PART 9
OFFSET 23.243646 0.165418 -7.013541
SCALE 1.000000 1.000000 1.000000
X 0.754881 -0.550275 0.356865
Y 0.225395 0.728635 0.646752
Z -0.615916 -0.407785 0.674061

PART 10
OFFSET 22.548520 -0.380591 -3.876048
SCALE 1.000000 1.000000 1.000000
X 0.754881 -0.550275 0.356865
Y 0.225395 0.728635 0.646752
Z -0.615916 -0.407785 0.674061

PART 11
OFFSET 22.049617 -1.370334 -4.639594
SCALE 1.000000 1.000000 1.000000
X 0.754881 -0.550275 0.356865
Y 0.225395 0.728635 0.646752
Z -0.615916 -0.407785 0.674061

PART 12
OFFSET 22.227117 -1.196465 -5.811749
SCALE 1.000000 1.000000 1.000000
X 0.754881 -0.550275 0.356865
Y 0.225395 0.728635 0.646752
Z -0.615916 -0.407785 0.674061

PART 13
OFFSET 24.178585 -0.934251 -4.961629
SCALE 1.000000 1.000000 1.000000
X 0.938220 -0.257179 0.231521
Y -0.318777 -0.382059 0.867417
Z -0.134627 -0.887632 -0.440438

PART 14
OFFSET 21.887802 0.838887 -5.912543
SCALE 1.000000 1.000000 1.000000
X 0.786874 -0.534309 0.308777
Y -0.296222 0.111916 0.948540
Z -0.541370 -0.837848 -0.070210

PART 15
OFFSET 11.776788 -6.037909 -3.521153
SCALE 1.000000 1.000000 1.000000
X -0.912200 -0.146893 -0.382510
Y -0.086782 0.981614 -0.170008
Z 0.400450 -0.121887 -0.908176

PART 16
OFFSET 11.487734 -4.726307 -3.608585
SCALE 1.000000 1.000000 1.000000
X -0.912200 -0.146893 -0.382510
Y -0.086782 0.981614 -0.170008
Z 0.400450 -0.121887 -0.908176

PART 17
OFFSET 11.478371 -4.319854 -4.735716
SCALE 1.000000 1.000000 1.000000
X -0.912200 -0.146893 -0.382510
Y -0.086782 0.981614 -0.170008
Z 0.400450 -0.121887 -0.908176

PART 18
OFFSET 13.383756 -5.251741 -4.477333
SCALE 1.000000 1.000000 1.000000
X -0.996885 -0.042864 -0.066200
Y 0.078038 -0.414835 -0.906544
Z 0.011396 -0.908886 0.416888

PART 19
OFFSET 10.568401 -5.799991 -5.716393
SCALE 1.000000 1.000000 1.000000
X -0.917574 -0.146165 -0.369722
Y 0.363746 0.066687 -0.929108
Z 0.160459 -0.987010 -0.008023

PART 20
OFFSET 15.603195 -3.661574 -0.613327
SCALE 1.000000 1.000000 1.000000
X 0.999705 0.017579 0.016751
Y -0.018217 0.999082 0.038762
Z -0.016054 -0.039055 0.999108

PART 21
OFFSET 21.581233 -3.679577 -1.067202
SCALE 1.000000 1.000000 1.000000
X 0.999705 0.017579 0.016751
Y -0.005855 0.844016 -0.536285
Z -0.023565 0.536029 0.843870

PART 22
OFFSET 36.727414 -3.267090 -0.854606
SCALE 1.000000 1.000000 1.000000
X 0.999705 0.017579 0.016751
Y -0.018217 0.999082 0.038762
Z -0.016054 -0.039055 0.999108

PART 23
OFFSET 20.950399 -3.428665 -4.104867
SCALE 1.000000 1.000000 1.000000
X 0.999705 0.017579 0.016751
Y -0.018217 0.999082 0.038762
Z -0.016054 -0.039055 0.999108

PART 24
OFFSET 27.630651 -1.879648 -3.295846
SCALE 1.000000 1.000000 1.000000
X 0.949583 -0.311431 -0.036087
Y -0.313491 -0.944636 -0.096888
Z -0.003916 0.103316 -0.994641

PART 25
OFFSET 27.892740 -1.617227 -4.322572
SCALE 1.000000 1.000000 1.000000
X 0.554538 -0.796117 0.242250
Y -0.801327 -0.589372 -0.102550
Z 0.224417 -0.137254 -0.964779

PART 26
OFFSET 25.431985 -0.900982 -5.784689
SCALE 1.000000 1.000000 1.000000
X 0.727585 -0.665829 -0.165203
Y -0.666843 -0.629898 -0.398181
Z 0.161059 0.399875 -0.902308

PART 27
OFFSET 25.305734 -1.052244 -5.107255
SCALE 1.000000 1.000000 1.000000
X 0.918882 -0.393098 -0.033613
Y -0.358313 -0.795831 -0.488123
Z 0.165130 0.460572 -0.872127

PART 28
OFFSET 24.330400 -1.723832 -4.370290
SCALE 1.000000 1.000000 1.000000
X 0.374258 -0.875531 0.305576
Y -0.849148 -0.191139 0.492355
Z -0.372664 -0.443747 -0.814991

PART 29
OFFSET 26.492534 -2.809457 -3.106746
SCALE 1.000000 1.000000 1.000000
X 0.906983 -0.414904 -0.072365
Y 0.388857 0.758949 0.522289
Z -0.161779 -0.501847 0.849693

PART 30
OFFSET 26.688910 -2.778256 -5.472579
SCALE 1.000000 1.000000 1.000000
X -0.035090 0.448533 -0.893077
Y 0.134672 0.887599 0.440490
Z 0.990269 -0.104815 -0.091551

PART 31
OFFSET 17.207833 -5.110911 -3.402162
SCALE 1.000000 1.000000 1.000000
X -0.969192 -0.228243 0.092590
Y 0.245144 -0.930366 0.272625
Z 0.023918 0.286923 0.957655

PART 32
OFFSET 17.252439 -5.372765 -4.472774
SCALE 1.000000 1.000000 1.000000
X -0.336847 -0.926979 0.165055
Y 0.939218 -0.343162 -0.010486
Z 0.066361 0.151490 0.986229

PART 33
OFFSET 14.280206 -5.477227 -5.492962
SCALE 1.000000 1.000000 1.000000
X -0.943722 -0.172242 0.282350
Y 0.260588 -0.912938 0.314067
Z 0.203672 0.369969 0.906444

PART 34
OFFSET 14.463423 -5.319484 -4.814779
SCALE 1.000000 1.000000 1.000000
X -0.979253 -0.066549 0.191404
Y 0.144958 -0.890070 0.432160
Z 0.141603 0.450939 0.881250

PART 35
OFFSET 13.768094 -4.487165 -3.835236
SCALE 1.000000 1.000000 1.000000
X -0.602018 -0.723715 -0.337357
Y 0.636996 -0.180539 -0.749427
Z 0.481466 -0.666065 0.569692

PART 36
OFFSET 9.174995 -5.566515 -3.762812
SCALE 1.000000 1.000000 1.000000
X -0.949892 -0.212827 0.228933
Y -0.297505 0.840261 -0.453268
Z -0.095896 -0.498664 -0.861474

PART 37
OFFSET 29.156184 -2.678017 -3.314204
SCALE 1.000000 1.000000 1.000000
X -0.272564 -0.934352 0.229556
Y -0.955592 0.235107 -0.177678
Z 0.112043 -0.267790 -0.956940

PART 38
OFFSET 28.942767 -3.212596 -3.839739
SCALE 1.000000 1.000000 1.000000
X -0.613840 -0.784389 0.089075
Y -0.785913 0.617842 0.024736
Z -0.074437 -0.054822 -0.995718

PART 39
OFFSET 27.035626 -2.449489 -6.126670
SCALE 1.000000 1.000000 1.000000
X 0.348823 -0.882851 0.314478
Y -0.935669 -0.347170 0.063226
Z 0.053358 -0.316302 -0.947157

PART 40
OFFSET 27.724700 -1.993928 -5.317925
SCALE 1.000000 1.000000 1.000000
X 0.480629 -0.808492 0.339614
Y -0.876441 -0.430022 0.216639
Z -0.029110 -0.401774 -0.915276

PART 41
OFFSET 25.059209 -3.687405 -3.707856
SCALE 1.000000 1.000000 1.000000
X 0.782521 -0.576750 0.234564
Y -0.605990 -0.618998 0.499617
Z -0.142959 -0.533104 -0.833884

PART 42
OFFSET 18.912743 -4.697807 -3.564905
SCALE 1.000000 1.000000 1.000000
X -0.469435 -0.882729 -0.020513
Y 0.869745 -0.466286 0.161622
Z -0.152233 0.058030 0.986640

PART 43
OFFSET 17.909314 -3.559310 -4.794802
SCALE 1.000000 1.000000 1.000000
X 0.510814 -0.857925 0.055079
Y 0.769799 0.427939 -0.473580
Z 0.382726 0.284311 0.879027

PART 44
OFFSET 16.536661 -5.110771 -5.970209
SCALE 1.000000 1.000000 1.000000
X -0.306553 -0.910586 0.277233
Y 0.920845 -0.357444 -0.155812
Z 0.240976 0.207524 0.948085

PART 45
OFFSET 16.989130 -5.194728 -5.448875
SCALE 1.000000 1.000000 1.000000
X -0.289182 -0.948098 0.132226
Y 0.900757 -0.316259 -0.297686
Z 0.324054 0.033018 0.945462

PART 46
OFFSET 15.020218 -2.836970 -3.064370
SCALE 1.000000 1.000000 1.000000
X -0.915529 -0.400499 0.037519
Y 0.234754 -0.607713 -0.758667
Z 0.326646 -0.685774 0.650397

PART 47
OFFSET 28.614421 -3.680113 -2.950810
SCALE 1.000000 1.000000 1.000000
X -0.847576 -0.469710 0.246957
Y -0.530248 0.768247 -0.358655
Z -0.021260 -0.434935 -0.900211

PART 48
OFFSET 27.877982 -4.193623 -3.742697
SCALE 1.000000 1.000000 1.000000
X -0.881441 0.471085 -0.033765
Y 0.471090 0.882046 0.008309
Z 0.033697 -0.008583 -0.999395

PART 49
OFFSET 27.515473 -3.768089 -5.647041
SCALE 1.000000 1.000000 1.000000
X -0.854893 -0.430146 0.290057
Y -0.517889 0.674344 -0.526356
Z 0.030812 -0.600195 -0.799260

PART 50
OFFSET 28.536596 -3.472923 -4.695889
SCALE 1.000000 1.000000 1.000000
X -0.826117 -0.475300 0.302691
Y -0.561129 0.743100 -0.364605
Z -0.051633 -0.471055 -0.880592

PART 51
OFFSET 26.435461 -4.444730 -3.547166
SCALE 1.000000 1.000000 1.000000
X 0.970348 -0.174774 -0.166972
Y -0.038203 -0.792993 0.608031
Z -0.238676 -0.583623 -0.776156

PART 52
OFFSET 19.233341 -3.554805 -3.460091
SCALE 1.000000 1.000000 1.000000
X 0.295555 -0.951883 -0.081035
Y 0.944009 0.277983 0.177688
Z -0.146612 -0.129014 0.980745

PART 53
OFFSET 16.993233 -2.430512 -4.798412
SCALE 1.000000 1.000000 1.000000
X 0.876593 0.271032 -0.397651
Y -0.380013 0.896836 -0.226442
Z 0.295255 0.349610 0.889155

PART 54
OFFSET 16.953356 -3.887324 -6.350139
SCALE 1.000000 1.000000 1.000000
X 0.160478 -0.987036 0.002596
Y 0.974192 0.157966 -0.161236
Z 0.158736 0.028404 0.986912

PART 55
OFFSET 17.462364 -3.700304 -5.675900
SCALE 1.000000 1.000000 1.000000
X 0.315500 -0.946032 -0.074045
Y 0.872577 0.319897 -0.369155
Z 0.372919 0.051858 0.926413

PART 56
OFFSET 16.445409 -2.417489 -3.426032
SCALE 1.000000 1.000000 1.000000
X -0.785947 0.112091 0.608048
Y -0.562388 -0.538242 -0.627706
Z 0.256917 -0.835303 0.486069

PART 57
OFFSET 27.657116 -4.210685 -2.671858
SCALE 1.000000 1.000000 1.000000
X 0.748371 -0.663196 -0.010565
Y 0.645121 0.731492 -0.220768
Z 0.154141 0.158400 0.975269

PART 58
OFFSET 26.879589 -3.660766 -3.788021
SCALE 1.000000 1.000000 1.000000
X 0.372661 -0.923718 0.088708
Y 0.927927 0.370046 -0.044909
Z 0.008657 0.099051 0.995045

PART 59
OFFSET 26.807649 -4.133916 -5.401536
SCALE 1.000000 1.000000 1.000000
X -0.979118 0.201823 -0.024385
Y 0.172297 0.760188 -0.626441
Z -0.107893 -0.617561 -0.779087

PART 60
OFFSET 27.357727 -4.086631 -4.291270
SCALE 1.000000 1.000000 1.000000
X -0.930006 0.327913 -0.166017
Y 0.367534 0.832965 -0.413627
Z 0.002652 -0.445693 -0.895182

PART 61
OFFSET 27.473225 -4.673956 -3.752920
SCALE 1.000000 1.000000 1.000000
X 0.861734 0.082425 0.500620
Y -0.367612 0.781492 0.504114
Z -0.349679 -0.618446 0.703739

PART 62
OFFSET 18.899564 -2.479681 -3.368535
SCALE 1.000000 1.000000 1.000000
X -0.989523 0.022467 0.142617
Y 0.022576 0.999745 -0.000855
Z -0.142600 0.002374 -0.989778

PART 63
OFFSET 15.998074 -2.739343 -4.354466
SCALE 1.000000 1.000000 1.000000
X -0.449518 -0.804213 0.388812
Y -0.831303 0.535920 0.147395
Z -0.326909 -0.256964 -0.909450

PART 64
OFFSET 16.817932 -3.036721 -6.357296
SCALE 1.000000 1.000000 1.000000
X 0.809621 -0.506234 -0.297055
Y 0.517676 0.854387 -0.045104
Z 0.276633 -0.117261 0.953795

PART 65
OFFSET 16.866536 -2.495921 -5.477695
SCALE 1.000000 1.000000 1.000000
X 0.917944 0.180398 -0.353321
Y -0.184483 0.982581 0.022391
Z 0.351206 0.044627 0.935234

PART 66
OFFSET 17.293180 -2.491347 -4.095153
SCALE 1.000000 1.000000 1.000000
X -0.861117 0.508355 0.007256
Y 0.426941 0.730809 -0.532578
Z -0.276041 -0.455514 -0.846350

PART 67
OFFSET 25.877462 -3.942179 -5.424701
SCALE 1.000000 1.000000 1.000000
X 0.656378 -0.541495 0.525310
Y 0.746607 0.366204 -0.555403
Z 0.108377 0.756755 0.644652

PART 68
OFFSET 26.349159 -3.731056 -4.471300
SCALE 1.000000 1.000000 1.000000
X 0.552076 -0.768258 0.324025
Y 0.833759 0.512192 -0.206167
Z -0.007574 0.383979 0.923311

PART 69
OFFSET 16.048760 -2.555782 -6.075097
SCALE 1.000000 1.000000 1.000000
X -0.984375 -0.131999 0.116542
Y -0.095369 0.956038 0.277301
Z -0.148022 0.261854 -0.953689

PART 70
OFFSET 15.871000 -2.691515 -5.094485
SCALE 1.000000 1.000000 1.000000
X -0.627685 -0.706475 0.326961
Y -0.691734 0.698833 0.182032
Z -0.357092 -0.111912 -0.927341

PART 71
OFFSET 0.000000 0.000000 0.000000
SCALE 1.000000 1.000000 1.000000
X 1.000000 0.000000 0.000000
Y 0.000000 1.000000 0.000000
Z 0.000000 0.000000 1.000000

PART 72
OFFSET 0.000000 0.000000 0.000000
SCALE 1.000000 1.000000 1.000000
X 1.000000 0.000000 0.000000
Y 0.000000 1.000000 0.000000
Z 0.000000 0.000000 1.000000

PART 73
OFFSET 1.540551 0.000000 4.135826
SCALE 1.000000 1.000000 1.000000
X 1.000000 0.000000 0.000000
Y 0.000000 1.000000 0.000000
Z 0.000000 0.000000 1.000000

PART 74
OFFSET -4.631835 0.000000 -1.376957
