// Export time: Tue Jun 14 20:59:52 2022

ANIMATION
VERSION 3

NUMPARTS 2
PART 0 "tag_view"
PART 1 "tag_torso"

FRAMERATE 30
NUMFRAMES 18
FRAME 0
PART 0
OFFSET 0.000000 0.000000 0.000000
SCALE 1.000000 1.000000 1.000000
X 1.000000 0.000000 0.000000
Y 0.000000 1.000000 0.000000
Z 0.000000 0.000000 1.000000

PART 1
OFFSET -4.631834 -0.000000 -1.374541
SCALE 1.000000 1.000000 1.000000
X 1.000000 0.000000 0.000000
Y 0.000000 1.000000 0.000000
Z 0.000000 0.000000 1.000000

FRAME 1
PART 0
OFFSET 0.000000 0.000000 0.000000
SCALE 1.000000 1.000000 1.000000
X 1.000000 0.000000 0.000000
Y 0.000000 1.000000 0.000000
Z 0.000000 0.000000 1.000000

PART 1
OFFSET -4.636792 0.069497 -1.391510
SCALE 1.000000 1.000000 1.000000
X 1.000000 0.000000 -0.000000
Y -0.000000 0.999996 -0.002686
Z 0.000000 0.002686 0.999996

FRAME 2
PART 0
OFFSET 0.000000 0.000000 0.000000
SCALE 1.000000 1.000000 1.000000
X 1.000000 0.000000 0.000000
Y 0.000000 1.000000 0.000000
Z 0.000000 0.000000 1.000000

PART 1
OFFSET -4.646708 0.250189 -1.431105
SCALE 1.000000 1.000000 1.000000
X 1.000000 0.000000 -0.000000
Y -0.000000 0.999931 -0.011733
Z 0.000000 0.011733 0.999931

FRAME 3
PART 0
OFFSET 0.000000 0.000000 0.000000
SCALE 1.000000 1.000000 1.000000
X 1.000000 0.000000 0.000000
Y 0.000000 1.000000 0.000000
Z 0.000000 0.000000 1.000000

PART 1
OFFSET -4.661581 0.542076 -1.487669
SCALE 1.000000 1.000000 1.000000
X 1.000000 0.000000 -0.000000
Y -0.000000 0.999784 -0.020780
Z 0.000000 0.020780 0.999784

FRAME 4
PART 0
OFFSET 0.000000 0.000000 0.000000
SCALE 1.000000 1.000000 1.000000
X 1.000000 0.000000 0.000000
Y 0.000000 1.000000 0.000000
Z 0.000000 0.000000 1.000000

PART 1
OFFSET -4.691328 0.917359 -1.552717
SCALE 1.000000 1.000000 1.000000
X 1.000000 0.000000 -0.000000
Y -0.000000 0.999407 -0.034440
Z 0.000000 0.034440 0.999407

FRAME 5
PART 0
OFFSET 0.000000 0.000000 0.000000
SCALE 1.000000 1.000000 1.000000
X 1.000000 0.000000 0.000000
Y 0.000000 1.000000 0.000000
Z 0.000000 0.000000 1.000000

PART 1
OFFSET -4.721075 1.292643 -1.617766
SCALE 1.000000 1.000000 1.000000
X 1.000000 0.000000 -0.000000
Y -0.000000 0.998843 -0.048093
Z 0.000000 0.048093 0.998843

FRAME 6
PART 0
OFFSET 0.000000 0.000000 0.000000
SCALE 1.000000 1.000000 1.000000
X 1.000000 0.000000 0.000000
Y 0.000000 1.000000 0.000000
Z 0.000000 0.000000 1.000000

PART 1
OFFSET -4.768175 1.702674 -1.665846
SCALE 1.000000 1.000000 1.000000
X 1.000000 0.000000 -0.000000
Y -0.000000 0.998092 -0.061737
Z 0.000000 0.061737 0.998092

FRAME 7
PART 0
OFFSET 0.000000 0.000000 0.000000
SCALE 1.000000 1.000000 1.000000
X 1.000000 0.000000 0.000000
Y 0.000000 1.000000 0.000000
Z 0.000000 0.000000 1.000000

PART 1
OFFSET -4.815275 2.112706 -1.713925
SCALE 1.000000 1.000000 1.000000
X 1.000000 0.000000 -0.000000
Y -0.000000 0.997156 -0.075369
Z 0.000000 0.075369 0.997156

FRAME 8
PART 0
OFFSET 0.000000 0.000000 0.000000
SCALE 1.000000 1.000000 1.000000
X 1.000000 0.000000 0.000000
Y 0.000000 1.000000 0.000000
Z 0.000000 0.000000 1.000000

PART 1
OFFSET -4.874769 2.487989 -1.725238
SCALE 1.000000 1.000000 1.000000
X 1.000000 0.000000 -0.000000
Y -0.000000 0.996286 -0.086106
Z 0.000000 0.086106 0.996286

FRAME 9
PART 0
OFFSET 0.000000 0.000000 0.000000
SCALE 1.000000 1.000000 1.000000
X 1.000000 0.000000 0.000000
Y 0.000000 1.000000 0.000000
Z 0.000000 0.000000 1.000000

PART 1
OFFSET -4.944180 2.807675 -1.708269
SCALE 1.000000 1.000000 1.000000
X 1.000000 0.000000 -0.000000
Y -0.000000 0.995629 -0.093393
Z 0.000000 0.093393 0.995629

FRAME 10
PART 0
OFFSET 0.000000 0.000000 0.000000
SCALE 1.000000 1.000000 1.000000
X 1.000000 0.000000 0.000000
Y 0.000000 1.000000 0.000000
Z 0.000000 0.000000 1.000000

PART 1
OFFSET -5.018547 3.043965 -1.646048
SCALE 1.000000 1.000000 1.000000
X 1.000000 0.000000 -0.000000
Y -0.000000 0.995375 -0.096063
Z 0.000000 0.096063 0.995375

FRAME 11
PART 0
OFFSET 0.000000 0.000000 0.000000
SCALE 1.000000 1.000000 1.000000
X 1.000000 0.000000 0.000000
Y 0.000000 1.000000 0.000000
Z 0.000000 0.000000 1.000000

PART 1
OFFSET -5.127621 3.210757 -1.510294
SCALE 1.000000 1.000000 1.000000
X 1.000000 -0.000001 -0.000030
Y -0.000001 0.995871 -0.090782
Z 0.000030 0.090782 0.995871

FRAME 12
PART 0
OFFSET 0.000000 0.000000 0.000000
SCALE 1.000000 1.000000 1.000000
X 1.000000 0.000000 0.000000
Y 0.000000 1.000000 0.000000
Z 0.000000 0.000000 1.000000

PART 1
OFFSET -5.276357 3.335852 -1.289694
SCALE 1.000000 1.000000 1.000000
X 1.000000 -0.000002 -0.000061
Y -0.000002 0.997023 -0.077109
Z 0.000061 0.077109 0.997023

FRAME 13
PART 0
OFFSET 0.000000 0.000000 0.000000
SCALE 1.000000 1.000000 1.000000
X 1.000000 0.000000 0.000000
Y 0.000000 1.000000 0.000000
Z 0.000000 0.000000 1.000000

PART 1
OFFSET -5.444924 3.412298 -1.023843
SCALE 1.000000 1.000000 1.000000
X 1.000000 -0.000003 -0.000112
Y -0.000003 0.998329 -0.057782
Z 0.000112 0.057782 0.998329

FRAME 14
PART 0
OFFSET 0.000000 0.000000 0.000000
SCALE 1.000000 1.000000 1.000000
X 1.000000 0.000000 0.000000
Y 0.000000 1.000000 0.000000
Z 0.000000 0.000000 1.000000

PART 1
OFFSET -5.613491 3.488745 -0.757992
SCALE 1.000000 1.000000 1.000000
X 1.000000 -0.000003 -0.000163
Y -0.000003 0.999261 -0.038434
Z 0.000163 0.038434 0.999261

FRAME 15
PART 0
OFFSET 0.000000 0.000000 0.000000
SCALE 1.000000 1.000000 1.000000
X 1.000000 0.000000 0.000000
Y 0.000000 1.000000 0.000000
Z 0.000000 0.000000 1.000000

PART 1
OFFSET -5.757269 3.516544 -0.520423
SCALE 1.000000 1.000000 1.000000
X 1.000000 -0.000002 -0.000214
Y -0.000002 0.999818 -0.019072
Z 0.000214 0.019072 0.999818

FRAME 16
PART 0
OFFSET 0.000000 0.000000 0.000000
SCALE 1.000000 1.000000 1.000000
X 1.000000 0.000000 0.000000
Y 0.000000 1.000000 0.000000
Z 0.000000 0.000000 1.000000

PART 1
OFFSET -5.856426 3.544343 -0.350730
SCALE 1.000000 1.000000 1.000000
X 1.000000 -0.000001 -0.000275
Y -0.000001 0.999986 -0.005341
Z 0.000275 0.005341 0.999986

FRAME 17
PART 0
OFFSET 0.000000 0.000000 0.000000
SCALE 1.000000 1.000000 1.000000
X 1.000000 0.000000 0.000000
Y 0.000000 1.000000 0.000000
Z 0.000000 0.000000 1.000000

PART 1
OFFSET -5.896090 3.544343 -0.282853
SCALE 1.000000 1.000000 1.000000
X 1.000000 0.000000 -0.000275
Y 0.000000 1.000000 0.000000
Z 0.000275 0.000000 1.000000

NOTETRACKS

PART 0
NUMTRACKS 0

PART 1
NUMTRACKS 0

