// Export time: Wed Jun 08 05:47:05 2022

ANIMATION
VERSION 3

NUMPARTS 75
PART 0 "tag_torso"
PART 1 "j_shoulder_le"
PART 2 "j_shoulder_ri"
PART 3 "tag_weapon"
PART 4 "tag_weapon1"
PART 5 "j_elbow_le"
PART 6 "j_elbow_ri"
PART 7 "j_gun"
PART 8 "j_sleave_reshape_bottom_le_1"
PART 9 "j_sleave_reshape_bottom_le_2"
PART 10 "j_sleave_reshape_top_le_1"
PART 11 "j_sleave_reshape_top_le_2"
PART 12 "j_sleave_reshape_top_le_3"
PART 13 "j_wrist_le"
PART 14 "j_wristtwist_le"
PART 15 "j_sleave_reshape_top_ri_1"
PART 16 "j_sleave_reshape_top_ri_2"
PART 17 "j_sleave_reshape_top_ri_3"
PART 18 "j_wrist_ri"
PART 19 "j_wristtwist_ri"
PART 20 "tag_bolt_animate"
PART 21 "tag_brass"
PART 22 "tag_flash"
PART 23 "tag_clip"
PART 24 "j_index_le_0"
PART 25 "j_mid_le_0"
PART 26 "j_pinkypalm_le"
PART 27 "j_ringpalm_le"
PART 28 "j_thumb_le_0"
PART 29 "j_webbing_le"
PART 30 "tag_knife_attach"
PART 31 "j_index_ri_0"
PART 32 "j_mid_ri_0"
PART 33 "j_pinkypalm_ri"
PART 34 "j_ringpalm_ri"
PART 35 "j_thumb_ri_0"
PART 36 "j_webbing_ri"
PART 37 "j_index_le_1"
PART 38 "j_mid_le_1"
PART 39 "j_pinky_le_0"
PART 40 "j_ring_le_0"
PART 41 "j_thumb_le_1"
PART 42 "j_index_ri_1"
PART 43 "j_mid_ri_1"
PART 44 "j_pinky_ri_0"
PART 45 "j_ring_ri_0"
PART 46 "j_thumb_ri_1"
PART 47 "j_index_le_2"
PART 48 "j_mid_le_2"
PART 49 "j_pinky_le_1"
PART 50 "j_ring_le_1"
PART 51 "j_thumb_le_2"
PART 52 "j_index_ri_2"
PART 53 "j_mid_ri_2"
PART 54 "j_pinky_ri_1"
PART 55 "j_ring_ri_1"
PART 56 "j_thumb_ri_2"
PART 57 "j_index_le_3"
PART 58 "j_mid_le_3"
PART 59 "j_pinky_le_2"
PART 60 "j_ring_le_2"
PART 61 "j_thumb_le_3"
PART 62 "j_index_ri_3"
PART 63 "j_mid_ri_3"
PART 64 "j_pinky_ri_2"
PART 65 "j_ring_ri_2"
PART 66 "j_thumb_ri_3"
PART 67 "j_pinky_le_3"
PART 68 "j_ring_le_3"
PART 69 "j_pinky_ri_3"
PART 70 "j_ring_ri_3"
PART 71 "tag_cambone"
PART 72 "tag_camera"
PART 73 "tag_gasmask"
PART 74 "tag_gasmask2"

FRAMERATE 30
NUMFRAMES 120
FRAME 0
PART 0
OFFSET 0.000000 0.000000 0.000000
SCALE 1.000000 1.000000 1.000000
X 1.000000 0.000000 0.000000
Y 0.000000 1.000000 0.000000
Z 0.000000 0.000000 1.000000

PART 1
OFFSET 4.196263 3.101705 -4.786178
SCALE 1.000000 1.000000 1.000000
X 0.917031 0.149285 -0.369823
Y 0.050829 -0.963486 -0.262890
Z -0.395564 0.222280 -0.891134

PART 2
OFFSET -4.966824 -5.272064 0.618214
SCALE 1.000000 1.000000 1.000000
X -0.642730 0.128109 0.755305
Y -0.368163 -0.916259 -0.157880
Z 0.671829 -0.379550 0.636072

PART 3
OFFSET 16.106287 -3.527831 -4.425323
SCALE 1.000000 1.000000 1.000000
X 0.999972 0.005770 0.004673
Y -0.005826 0.999911 0.012025
Z -0.004604 -0.012052 0.999917

PART 4
OFFSET 13.908927 18.076323 -17.331985
SCALE 1.000000 1.000000 1.000000
X 0.998737 0.041892 -0.027740
Y 0.021387 0.145113 0.989184
Z 0.045465 -0.988528 0.144033

PART 5
OFFSET 15.280355 4.900992 -9.254723
SCALE 1.000000 1.000000 1.000000
X 0.768189 -0.521442 0.371462
Y -0.620690 -0.464353 0.631759
Z -0.156936 -0.715873 -0.680365

PART 6
OFFSET 2.906162 -7.022518 -8.995232
SCALE 1.000000 1.000000 1.000000
X -0.901774 -0.150874 -0.405020
Y 0.424232 -0.129773 -0.896207
Z 0.082654 -0.979998 0.181031

PART 7
OFFSET 16.106287 -3.527831 -4.425323
SCALE 1.000000 1.000000 1.000000
X 0.999972 0.005770 0.004673
Y -0.005826 0.999911 0.012025
Z -0.004604 -0.012052 0.999917

PART 8
OFFSET 23.683424 0.869925 -5.633499
SCALE 1.000000 1.000000 1.000000
X 0.772308 -0.516709 0.369529
Y 0.163666 0.723919 0.670190
Z -0.613802 -0.457114 0.643656

PART 9
OFFSET 23.257885 -0.002695 -7.008677
SCALE 1.000000 1.000000 1.000000
X 0.772308 -0.516709 0.369529
Y 0.163666 0.723919 0.670190
Z -0.613802 -0.457114 0.643656

PART 10
OFFSET 22.493180 -0.662031 -3.909372
SCALE 1.000000 1.000000 1.000000
X 0.772308 -0.516709 0.369529
Y 0.163666 0.723919 0.670190
Z -0.613802 -0.457114 0.643656

PART 11
OFFSET 22.074812 -1.658699 -4.711320
SCALE 1.000000 1.000000 1.000000
X 0.772308 -0.516709 0.369529
Y 0.163666 0.723919 0.670190
Z -0.613802 -0.457114 0.643656

PART 12
OFFSET 22.280145 -1.446930 -5.872645
SCALE 1.000000 1.000000 1.000000
X 0.772308 -0.516709 0.369529
Y 0.163666 0.723919 0.670190
Z -0.613802 -0.457114 0.643656

PART 13
OFFSET 24.208129 -1.064117 -4.945736
SCALE 1.000000 1.000000 1.000000
X 0.937666 -0.262669 0.227568
Y -0.313190 -0.354814 0.880919
Z -0.150646 -0.897280 -0.414963

PART 14
OFFSET 21.838224 0.582712 -5.927621
SCALE 1.000000 1.000000 1.000000
X 0.807571 -0.497439 0.316834
Y -0.292333 0.128954 0.947583
Z -0.512221 -0.857861 -0.041278

PART 15
OFFSET 11.744854 -6.027451 -3.300413
SCALE 1.000000 1.000000 1.000000
X -0.904514 -0.147430 -0.400148
Y -0.086199 0.982178 -0.167023
Z 0.417641 -0.116582 -0.901102

PART 16
OFFSET 11.454003 -4.716198 -3.387113
SCALE 1.000000 1.000000 1.000000
X -0.904514 -0.147430 -0.400148
Y -0.086199 0.982178 -0.167023
Z 0.417641 -0.116582 -0.901102

PART 17
OFFSET 11.464587 -4.304469 -4.512316
SCALE 1.000000 1.000000 1.000000
X -0.904514 -0.147430 -0.400148
Y -0.086199 0.982178 -0.167023
Z 0.417641 -0.116582 -0.901102

PART 18
OFFSET 13.372558 -5.219873 -4.207336
SCALE 1.000000 1.000000 1.000000
X -0.997939 -0.033781 -0.054551
Y 0.063857 -0.439828 -0.895809
Z 0.006268 -0.897446 0.441079

PART 19
OFFSET 10.576922 -5.775894 -5.520670
SCALE 1.000000 1.000000 1.000000
X -0.909014 -0.147111 -0.389939
Y 0.387779 0.044290 -0.920688
Z 0.152714 -0.988128 0.016787

PART 20
OFFSET 15.661720 -3.578653 -0.411014
SCALE 1.000000 1.000000 1.000000
X 0.999972 0.005770 0.004673
Y -0.005826 0.999911 0.012025
Z -0.004604 -0.012052 0.999917

PART 21
OFFSET 21.633280 -3.682062 -0.933561
SCALE 1.000000 1.000000 1.000000
X 0.999972 0.005770 0.004673
Y -0.002174 0.829342 -0.558738
Z -0.007100 0.558712 0.829331

PART 22
OFFSET 36.784764 -3.449649 -0.907871
SCALE 1.000000 1.000000 1.000000
X 0.999972 0.005770 0.004673
Y -0.005826 0.999911 0.012025
Z -0.004604 -0.012052 0.999917

PART 23
OFFSET 16.044599 -3.910779 -3.997058
SCALE 1.000000 1.000000 1.000000
X 0.999972 0.005770 0.004673
Y -0.005826 0.999911 0.012025
Z -0.004604 -0.012052 0.999917

PART 24
OFFSET 27.677422 -2.023744 -3.290609
SCALE 1.000000 1.000000 1.000000
X 0.889142 -0.457491 -0.011320
Y -0.456575 -0.885139 -0.089819
Z 0.031071 0.085030 -0.995894

PART 25
OFFSET 27.918941 -1.775083 -4.331452
SCALE 1.000000 1.000000 1.000000
X 0.567217 -0.783774 0.252909
Y -0.796578 -0.600092 -0.073163
Z 0.209112 -0.159963 -0.964720

PART 26
OFFSET 25.402045 -1.074812 -5.775723
SCALE 1.000000 1.000000 1.000000
X 0.786361 -0.594765 -0.167006
Y -0.607410 -0.695091 -0.384581
Z 0.112651 0.403860 -0.907858

PART 27
OFFSET 25.329872 -1.219181 -5.095069
SCALE 1.000000 1.000000 1.000000
X 0.926436 -0.373575 -0.046450
Y -0.350636 -0.811404 -0.467630
Z 0.137005 0.449516 -0.882703

PART 28
OFFSET 24.379086 -1.872132 -4.294558
SCALE 1.000000 1.000000 1.000000
X 0.354503 -0.817695 0.453544
Y -0.875122 -0.119278 0.468972
Z -0.329378 -0.563158 -0.757867

PART 29
OFFSET 26.520652 -2.918160 -3.067945
SCALE 1.000000 1.000000 1.000000
X 0.900927 -0.428021 -0.071611
Y 0.404230 0.767645 0.497313
Z -0.157888 -0.476990 0.864611

PART 30
OFFSET 26.689529 -2.952392 -5.435858
SCALE 1.000000 1.000000 1.000000
X -0.040115 0.425013 -0.904298
Y 0.150691 0.897249 0.415015
Z 0.987767 -0.119621 -0.100039

PART 31
OFFSET 17.209295 -5.091851 -3.176555
SCALE 1.000000 1.000000 1.000000
X -0.970499 -0.215123 0.108875
Y 0.238205 -0.925329 0.295000
Z 0.037284 0.312232 0.949274

PART 32
OFFSET 17.239574 -5.382800 -4.240137
SCALE 1.000000 1.000000 1.000000
X -0.344848 -0.918498 0.193500
Y 0.935363 -0.353516 -0.011090
Z 0.078591 0.177168 0.981038

PART 33
OFFSET 14.255558 -5.482256 -5.225881
SCALE 1.000000 1.000000 1.000000
X -0.942392 -0.154332 0.296780
Y 0.254279 -0.906964 0.335794
Z 0.217345 0.391915 0.893960

PART 34
OFFSET 14.447743 -5.308381 -4.554155
SCALE 1.000000 1.000000 1.000000
X -0.977780 -0.050737 0.203399
Y 0.140179 -0.879681 0.454435
Z 0.155869 0.472850 0.867247

PART 35
OFFSET 13.771876 -4.442573 -3.590134
SCALE 1.000000 1.000000 1.000000
X -0.613252 -0.725915 -0.311399
Y 0.626927 -0.207494 -0.750939
Z 0.480504 -0.655739 0.582342

PART 36
OFFSET 9.168654 -5.469576 -3.440445
SCALE 1.000000 1.000000 1.000000
X -0.949567 -0.196266 0.244544
Y -0.293464 0.830986 -0.472591
Z -0.110459 -0.520522 -0.846674

PART 37
OFFSET 29.145269 -2.985040 -3.287639
SCALE 1.000000 1.000000 1.000000
X -0.165654 -0.961244 0.220383
Y -0.979663 0.134741 -0.148679
Z 0.113222 -0.240530 -0.964016

PART 38
OFFSET 29.004695 -3.337441 -3.829139
SCALE 1.000000 1.000000 1.000000
X -0.518513 -0.845100 0.130192
Y -0.848112 0.527681 0.047518
Z -0.108858 -0.085779 -0.990349

PART 39
OFFSET 27.148255 -2.462226 -6.126959
SCALE 1.000000 1.000000 1.000000
X 0.441735 -0.821080 0.361522
Y -0.897058 -0.398595 0.190814
Z -0.012573 -0.408595 -0.912629

PART 40
OFFSET 27.764784 -2.112246 -5.342960
SCALE 1.000000 1.000000 1.000000
X 0.508032 -0.800755 0.317325
Y -0.857135 -0.433643 0.277981
Z -0.084989 -0.413213 -0.906659

PART 41
OFFSET 25.088901 -3.729985 -3.297055
SCALE 1.000000 1.000000 1.000000
X 0.832458 -0.452143 0.320281
Y -0.549654 -0.600876 0.580369
Z -0.069961 -0.659177 -0.748726

PART 42
OFFSET 18.916630 -4.701830 -3.368259
SCALE 1.000000 1.000000 1.000000
X -0.478950 -0.877804 0.008206
Y 0.866452 -0.471214 0.164983
Z -0.140956 0.086129 0.986262

PART 43
OFFSET 17.912104 -3.585892 -4.617788
SCALE 1.000000 1.000000 1.000000
X 0.502263 -0.861644 0.072815
Y 0.769137 0.406678 -0.492991
Z 0.395171 0.303616 0.866982

PART 44
OFFSET 16.510486 -5.153294 -5.736490
SCALE 1.000000 1.000000 1.000000
X -0.313169 -0.899434 0.304866
Y 0.915274 -0.371489 -0.155786
Z 0.253374 0.230249 0.939568

PART 45
OFFSET 16.967640 -5.228151 -5.217872
SCALE 1.000000 1.000000 1.000000
X -0.297762 -0.941009 0.160748
Y 0.894094 -0.333908 -0.298499
Z 0.334566 0.054842 0.940775

PART 46
OFFSET 15.049647 -2.786009 -2.877190
SCALE 1.000000 1.000000 1.000000
X -0.919260 -0.389368 0.057905
Y 0.220107 -0.630361 -0.744444
Z 0.326364 -0.671593 0.665169

PART 47
OFFSET 28.774848 -4.075752 -2.927202
SCALE 1.000000 1.000000 1.000000
X -0.710440 -0.649405 0.271197
Y -0.703368 0.642384 -0.304329
Z 0.023420 -0.406959 -0.913146

PART 48
OFFSET 28.089016 -4.461745 -3.660058
SCALE 1.000000 1.000000 1.000000
X -0.961003 0.275607 0.022658
Y 0.274830 0.960950 -0.032303
Z -0.030676 -0.024816 -0.999221

PART 49
OFFSET 27.775319 -3.657815 -5.594630
SCALE 1.000000 1.000000 1.000000
X -0.631734 -0.602248 0.488067
Y -0.774312 0.460365 -0.434172
Z 0.036791 -0.652198 -0.757156

PART 50
OFFSET 28.632094 -3.549601 -4.770681
SCALE 1.000000 1.000000 1.000000
X -0.732907 -0.560983 0.384897
Y -0.673611 0.677680 -0.294954
Z -0.095373 -0.475444 -0.874561

PART 51
OFFSET 26.531906 -4.308362 -3.020175
SCALE 1.000000 1.000000 1.000000
X 0.986452 -0.094494 -0.134106
Y 0.030581 -0.697206 0.716218
Z -0.161177 -0.710615 -0.684870

PART 52
OFFSET 19.250431 -3.559986 -3.297649
SCALE 1.000000 1.000000 1.000000
X 0.284567 -0.956872 -0.058460
Y 0.948762 0.272367 0.160211
Z -0.137379 -0.101056 0.985350

PART 53
OFFSET 17.008044 -2.447700 -4.642205
SCALE 1.000000 1.000000 1.000000
X 0.875076 0.250713 -0.413987
Y -0.372912 0.894517 -0.246529
Z 0.308511 0.370112 0.876264

PART 54
OFFSET 16.935991 -3.945080 -6.153592
SCALE 1.000000 1.000000 1.000000
X 0.150035 -0.988298 0.027499
Y 0.974014 0.142979 -0.175652
Z 0.169665 0.053138 0.984068

PART 55
OFFSET 17.454195 -3.745592 -5.490031
SCALE 1.000000 1.000000 1.000000
X 0.304647 -0.951053 -0.051843
Y 0.871880 0.300370 -0.386785
Z 0.383425 0.072632 0.920712

PART 56
OFFSET 16.475203 -2.391915 -3.264972
SCALE 1.000000 1.000000 1.000000
X -0.778093 0.136933 0.613042
Y -0.574827 -0.548724 -0.607022
Z 0.253269 -0.824713 0.505671

PART 57
OFFSET 27.972446 -4.809283 -2.620873
SCALE 1.000000 1.000000 1.000000
X 0.872595 -0.483237 -0.071133
Y 0.457818 0.859919 -0.225703
Z 0.170236 0.164382 0.971596

PART 58
OFFSET 27.000196 -4.150453 -3.641448
SCALE 1.000000 1.000000 1.000000
X 0.563349 -0.823131 0.071370
Y 0.824536 0.554590 -0.112118
Z 0.052707 0.122008 0.991129

PART 59
OFFSET 27.255944 -4.165203 -5.184847
SCALE 1.000000 1.000000 1.000000
X -0.982280 -0.059592 0.177691
Y -0.166914 0.709347 -0.684812
Z -0.085235 -0.702336 -0.706724

PART 60
OFFSET 27.603890 -4.316055 -4.240039
SCALE 1.000000 1.000000 1.000000
X -0.992472 0.121842 -0.012382
Y 0.115185 0.894302 -0.432384
Z -0.041609 -0.430555 -0.901605

PART 61
OFFSET 27.591805 -4.454957 -3.184364
SCALE 1.000000 1.000000 1.000000
X 0.838019 0.243001 0.488543
Y -0.456359 0.802945 0.383427
Z -0.299100 -0.544270 0.783779

PART 62
OFFSET 18.929065 -2.479226 -3.231590
SCALE 1.000000 1.000000 1.000000
X -0.987633 0.037045 0.152343
Y 0.033150 0.999057 -0.028026
Z -0.153238 -0.022629 -0.987930

PART 63
OFFSET 16.014514 -2.733664 -4.179680
SCALE 1.000000 1.000000 1.000000
X -0.453792 -0.788553 0.415039
Y -0.823942 0.548693 0.141614
Z -0.339399 -0.277705 -0.898715

PART 64
OFFSET 16.809513 -3.093549 -6.182244
SCALE 1.000000 1.000000 1.000000
X 0.800963 -0.522795 -0.291794
Y 0.526177 0.847189 -0.073539
Z 0.285650 -0.094633 0.953650

PART 65
OFFSET 16.873327 -2.529917 -5.318095
SCALE 1.000000 1.000000 1.000000
X 0.915936 0.160861 -0.367676
Y -0.173814 0.984776 -0.002149
Z 0.361733 0.065875 0.929951

PART 66
OFFSET 17.314858 -2.492943 -3.940742
SCALE 1.000000 1.000000 1.000000
X -0.855539 0.517731 0.002615
Y 0.428898 0.711555 -0.556539
Z -0.289998 -0.475020 -0.830817

PART 67
OFFSET 26.322753 -4.221818 -5.016035
SCALE 1.000000 1.000000 1.000000
X 0.868392 -0.297314 0.396862
Y 0.495410 0.485378 -0.720401
Z 0.021558 0.822200 0.568790

PART 68
OFFSET 26.527589 -4.183957 -4.253458
SCALE 1.000000 1.000000 1.000000
X 0.744967 -0.633668 0.208541
Y 0.664894 0.679882 -0.309316
Z 0.054220 0.369088 0.927812

PART 69
OFFSET 16.048566 -2.596875 -5.905042
SCALE 1.000000 1.000000 1.000000
X -0.984403 -0.118112 0.130386
Y -0.082243 0.964114 0.252430
Z -0.155522 0.237770 -0.958790

PART 70
OFFSET 15.879969 -2.704322 -4.919318
SCALE 1.000000 1.000000 1.000000
X -0.631566 -0.690582 0.352449
Y -0.682290 0.710947 0.170397
Z -0.368246 -0.132856 -0.920187

PART 71
OFFSET 0.000000 0.000000 0.000000
SCALE 1.000000 1.000000 1.000000
X 1.000000 0.000000 0.000000
Y 0.000000 1.000000 0.000000
Z 0.000000 0.000000 1.000000

PART 72
OFFSET 0.000000 0.000000 0.000000
SCALE 1.000000 1.000000 1.000000
X 1.000000 0.000000 0.000000
Y 0.000000 1.000000 0.000000
Z 0.000000 0.000000 1.000000

PART 73
OFFSET 1.540551 0.000000 4.135826
SCALE 1.000000 1.000000 1.000000
X 1.000000 0.000000 0.000000
Y 0.000000 1.000000 0.000000
Z 0.000000 0.000000 1.000000

PART 74
OFFSET -4.631835 0.000000 -1.376957
SCALE 1.000000 1.000000 1.000000
X 1.000000 0.000000 0.000000
Y 0.000000 1.000000 0.000000
Z 0.000000 0.000000 1.000000

FRAME 1
PART 0
OFFSET 0.000000 0.000000 0.000000
SCALE 1.000000 1.000000 1.000000
X 1.000000 0.000000 0.000000
Y 0.000000 1.000000 0.000000
Z 0.000000 0.000000 1.000000

PART 1
OFFSET 4.331194 5.066021 -4.712486
SCALE 1.000000 1.000000 1.000000
X 0.927959 0.038987 -0.370639
Y -0.052020 -0.971227 -0.232404
Z -0.369035 0.234942 -0.899231

PART 2
OFFSET -4.936277 -5.261455 0.627452
SCALE 1.000000 1.000000 1.000000
X -0.634839 0.130508 0.761542
Y -0.368932 -0.917213 -0.150364
Z 0.678873 -0.376414 0.630432

PART 3
OFFSET 16.093394 -3.497266 -4.620011
SCALE 1.000000 1.000000 1.000000
X 0.999705 0.017579 0.016751
Y -0.018217 0.999082 0.038762
Z -0.016054 -0.039055 0.999108

PART 4
OFFSET 13.908927 18.076323 -17.331985
SCALE 1.000000 1.000000 1.000000
X 0.998737 0.041892 -0.027740
Y 0.021387 0.145113 0.989184
Z 0.045465 -0.988528 0.144033

PART 5
OFFSET 15.470882 5.451974 -9.120220
SCALE 1.000000 1.000000 1.000000
X 0.750576 -0.554727 0.359045
Y -0.623585 -0.414897 0.662572
Z -0.218580 -0.721206 -0.657331

PART 6
OFFSET 2.830837 -7.036070 -9.045354
SCALE 1.000000 1.000000 1.000000
X -0.909560 -0.150367 -0.387415
Y 0.407097 -0.135072 -0.903342
Z 0.083504 -0.979360 0.184070

PART 7
OFFSET 16.093394 -3.497266 -4.620011
SCALE 1.000000 1.000000 1.000000
X 0.999705 0.017579 0.016751
Y -0.018217 0.999082 0.038762
Z -0.016054 -0.039055 0.999108

PART 8
OFFSET 23.757880 1.043857 -5.675151
SCALE 1.000000 1.000000 1.000000
X 0.754881 -0.550275 0.356865
Y 0.225395 0.728635 0.646752
Z -0.615916 -0.407785 0.674061

PART 9
OFFSET 23.239358 0.165435 -7.014245
SCALE 1.000000 1.000000 1.000000
X 0.754881 -0.550275 0.356865
Y 0.225395 0.728635 0.646752
Z -0.615916 -0.407785 0.674061

PART 10
OFFSET 22.544232 -0.380573 -3.876752
SCALE 1.000000 1.000000 1.000000
X 0.754881 -0.550275 0.356865
Y 0.225395 0.728635 0.646752
Z -0.615916 -0.407785 0.674061

PART 11
OFFSET 22.045329 -1.370317 -4.640298
SCALE 1.000000 1.000000 1.000000
X 0.754881 -0.550275 0.356865
Y 0.225395 0.728635 0.646752
Z -0.615916 -0.407785 0.674061

PART 12
OFFSET 22.222829 -1.196447 -5.812454
SCALE 1.000000 1.000000 1.000000
X 0.754881 -0.550275 0.356865
Y 0.225395 0.728635 0.646752
Z -0.615916 -0.407785 0.674061

PART 13
OFFSET 24.174285 -0.934233 -4.962329
SCALE 1.000000 1.000000 1.000000
X 0.938220 -0.257179 0.231521
Y -0.318777 -0.382059 0.867417
Z -0.134627 -0.887632 -0.440438

PART 14
OFFSET 21.883501 0.838908 -5.913245
SCALE 1.000000 1.000000 1.000000
X 0.786874 -0.534309 0.308777
Y -0.296222 0.111916 0.948540
Z -0.541370 -0.837848 -0.070210

PART 15
OFFSET 11.776799 -6.037927 -3.521128
SCALE 1.000000 1.000000 1.000000
X -0.912200 -0.146893 -0.382510
Y -0.086782 0.981614 -0.170008
Z 0.400450 -0.121887 -0.908176

PART 16
OFFSET 11.487745 -4.726325 -3.608561
SCALE 1.000000 1.000000 1.000000
X -0.912200 -0.146893 -0.382510
Y -0.086782 0.981614 -0.170008
Z 0.400450 -0.121887 -0.908176

PART 17
OFFSET 11.478382 -4.319872 -4.735692
SCALE 1.000000 1.000000 1.000000
X -0.912200 -0.146893 -0.382510
Y -0.086782 0.981614 -0.170008
Z 0.400450 -0.121887 -0.908176

PART 18
OFFSET 13.383774 -5.251770 -4.477322
SCALE 1.000000 1.000000 1.000000
X -0.996885 -0.042864 -0.066200
Y 0.078038 -0.414835 -0.906544
Z 0.011396 -0.908886 0.416888

PART 19
OFFSET 10.568419 -5.800019 -5.716380
SCALE 1.000000 1.000000 1.000000
X -0.917574 -0.146165 -0.369722
Y 0.363746 0.066687 -0.929108
Z 0.160459 -0.987010 -0.008023

PART 20
OFFSET 15.602947 -3.661583 -0.614095
SCALE 1.000000 1.000000 1.000000
X 0.999705 0.017579 0.016751
Y -0.018217 0.999082 0.038762
Z -0.016054 -0.039055 0.999108

PART 21
OFFSET 21.580985 -3.679576 -1.067978
SCALE 1.000000 1.000000 1.000000
X 0.999705 0.017579 0.016751
Y -0.005855 0.844016 -0.536285
Z -0.023565 0.536029 0.843870

PART 22
OFFSET 36.727166 -3.267090 -0.855382
SCALE 1.000000 1.000000 1.000000
X 0.999705 0.017579 0.016751
Y -0.018217 0.999082 0.038762
Z -0.016054 -0.039055 0.999108

PART 23
OFFSET 16.031439 -3.892329 -4.202935
SCALE 1.000000 1.000000 1.000000
X 0.999705 0.017579 0.016751
Y -0.018217 0.999082 0.038762
Z -0.016054 -0.039055 0.999108

PART 24
OFFSET 27.626345 -1.879622 -3.296556
SCALE 1.000000 1.000000 1.000000
X 0.949583 -0.311431 -0.036087
Y -0.313491 -0.944636 -0.096888
Z -0.003916 0.103316 -0.994641

PART 25
OFFSET 27.888435 -1.617199 -4.323288
SCALE 1.000000 1.000000 1.000000
X 0.554538 -0.796117 0.242250
Y -0.801327 -0.589372 -0.102550
Z 0.224417 -0.137254 -0.964779

PART 26
OFFSET 25.427686 -0.900965 -5.785395
SCALE 1.000000 1.000000 1.000000
X 0.727585 -0.665829 -0.165203
Y -0.666843 -0.629898 -0.398181
Z 0.161059 0.399875 -0.902308

PART 27
OFFSET 25.301429 -1.052226 -5.107957
SCALE 1.000000 1.000000 1.000000
X 0.918882 -0.393098 -0.033613
Y -0.358313 -0.795831 -0.488123
Z 0.165130 0.460572 -0.872127

PART 28
OFFSET 24.326099 -1.723813 -4.370988
SCALE 1.000000 1.000000 1.000000
X 0.374258 -0.875531 0.305576
Y -0.849148 -0.191139 0.492355
Z -0.372664 -0.443747 -0.814991

PART 29
OFFSET 26.488233 -2.809438 -3.107446
SCALE 1.000000 1.000000 1.000000
X 0.906983 -0.414904 -0.072365
Y 0.388857 0.758949 0.522289
Z -0.161779 -0.501847 0.849693

PART 30
OFFSET 26.684610 -2.778237 -5.473279
SCALE 1.000000 1.000000 1.000000
X -0.035090 0.448533 -0.893077
Y 0.134672 0.887599 0.440490
Z 0.990269 -0.104815 -0.091551

PART 31
OFFSET 17.207858 -5.110944 -3.402147
SCALE 1.000000 1.000000 1.000000
X -0.969192 -0.228243 0.092590
Y 0.245144 -0.930366 0.272625
Z 0.023918 0.286923 0.957655

PART 32
OFFSET 17.252464 -5.372797 -4.472766
SCALE 1.000000 1.000000 1.000000
X -0.336841 -0.926983 0.165047
Y 0.939219 -0.343157 -0.010500
Z 0.066371 0.151478 0.986230

PART 33
OFFSET 14.280221 -5.477255 -5.492955
SCALE 1.000000 1.000000 1.000000
X -0.943722 -0.172242 0.282350
Y 0.260588 -0.912938 0.314067
Z 0.203672 0.369969 0.906444

PART 34
OFFSET 14.463440 -5.319513 -4.814771
SCALE 1.000000 1.000000 1.000000
X -0.979253 -0.066549 0.191404
Y 0.144958 -0.890070 0.432160
Z 0.141603 0.450939 0.881250

PART 35
OFFSET 13.768112 -4.487195 -3.835219
SCALE 1.000000 1.000000 1.000000
X -0.602018 -0.723715 -0.337357
Y 0.636996 -0.180539 -0.749427
Z 0.481466 -0.666065 0.569692

PART 36
OFFSET 9.175014 -5.566544 -3.762802
SCALE 1.000000 1.000000 1.000000
X -0.949892 -0.212827 0.228933
Y -0.297505 0.840261 -0.453268
Z -0.095896 -0.498664 -0.861474

PART 37
OFFSET 29.151878 -2.677994 -3.314912
SCALE 1.000000 1.000000 1.000000
X -0.272564 -0.934352 0.229556
Y -0.955592 0.235107 -0.177678
Z 0.112043 -0.267790 -0.956940

PART 38
OFFSET 28.938464 -3.212567 -3.840461
SCALE 1.000000 1.000000 1.000000
X -0.613840 -0.784389 0.089075
Y -0.785913 0.617842 0.024736
Z -0.074437 -0.054822 -0.995718

PART 39
OFFSET 27.031328 -2.449477 -6.127363
SCALE 1.000000 1.000000 1.000000
X 0.348823 -0.882851 0.314478
Y -0.935669 -0.347170 0.063226
Z 0.053358 -0.316302 -0.947157

PART 40
OFFSET 27.720402 -1.993914 -5.318619
SCALE 1.000000 1.000000 1.000000
X 0.480629 -0.808492 0.339614
Y -0.876441 -0.430022 0.216639
Z -0.029110 -0.401774 -0.915276

PART 41
OFFSET 25.054910 -3.687386 -3.708558
SCALE 1.000000 1.000000 1.000000
X 0.782521 -0.576750 0.234564
Y -0.605990 -0.618998 0.499617
Z -0.142959 -0.533104 -0.833884

PART 42
OFFSET 18.912769 -4.697843 -3.564891
SCALE 1.000000 1.000000 1.000000
X -0.469435 -0.882729 -0.020511
Y 0.869745 -0.466286 0.161621
Z -0.152231 0.058031 0.986640

PART 43
OFFSET 17.909322 -3.559336 -4.794776
SCALE 1.000000 1.000000 1.000000
X 0.510819 -0.857923 0.055064
Y 0.769792 0.427949 -0.473582
Z 0.382732 0.284302 0.879027

PART 44
OFFSET 16.536674 -5.110798 -5.970199
SCALE 1.000000 1.000000 1.000000
X -0.306553 -0.910586 0.277233
Y 0.920845 -0.357444 -0.155812
Z 0.240976 0.207524 0.948085

PART 45
OFFSET 16.989146 -5.194754 -5.448874
SCALE 1.000000 1.000000 1.000000
X -0.289182 -0.948098 0.132226
Y 0.900757 -0.316259 -0.297686
Z 0.324054 0.033018 0.945462

PART 46
OFFSET 15.020237 -2.837001 -3.064351
SCALE 1.000000 1.000000 1.000000
X -0.915529 -0.400498 0.037519
Y 0.234753 -0.607711 -0.758669
Z 0.326646 -0.685776 0.650395

PART 47
OFFSET 28.610117 -3.680090 -2.951518
SCALE 1.000000 1.000000 1.000000
X -0.847576 -0.469710 0.246957
Y -0.530248 0.768247 -0.358655
Z -0.021260 -0.434935 -0.900211

PART 48
OFFSET 27.873684 -4.193595 -3.743421
SCALE 1.000000 1.000000 1.000000
X -0.881441 0.471085 -0.033765
Y 0.471090 0.882046 0.008309
Z 0.033697 -0.008583 -0.999395

PART 49
OFFSET 27.511173 -3.768071 -5.647733
SCALE 1.000000 1.000000 1.000000
X -0.854893 -0.430146 0.290057
Y -0.517889 0.674344 -0.526356
Z 0.030812 -0.600195 -0.799260

PART 50
OFFSET 28.532303 -3.472912 -4.696582
SCALE 1.000000 1.000000 1.000000
X -0.826117 -0.475300 0.302691
Y -0.561129 0.743100 -0.364605
Z -0.051633 -0.471055 -0.880592

PART 51
OFFSET 26.431164 -4.444717 -3.547870
SCALE 1.000000 1.000000 1.000000
X 0.970348 -0.174774 -0.166972
Y -0.038203 -0.792993 0.608031
Z -0.238676 -0.583623 -0.776156

PART 52
OFFSET 19.233373 -3.554844 -3.460080
SCALE 1.000000 1.000000 1.000000
X 0.295555 -0.951883 -0.081034
Y 0.944009 0.277983 0.177685
Z -0.146609 -0.129013 0.980745

PART 53
OFFSET 16.993235 -2.430542 -4.798366
SCALE 1.000000 1.000000 1.000000
X 0.876587 0.271041 -0.397658
Y -0.380019 0.896837 -0.226427
Z 0.295263 0.349601 0.889156

PART 54
OFFSET 16.953370 -3.887347 -6.350126
SCALE 1.000000 1.000000 1.000000
X 0.160477 -0.987036 0.002594
Y 0.974192 0.157965 -0.161235
Z 0.158735 0.028402 0.986913

PART 55
OFFSET 17.462379 -3.700332 -5.675900
SCALE 1.000000 1.000000 1.000000
X 0.315500 -0.946032 -0.074047
Y 0.872575 0.319896 -0.369160
Z 0.372924 0.051858 0.926411

PART 56
OFFSET 16.445416 -2.417530 -3.426019
SCALE 1.000000 1.000000 1.000000
X -0.785930 0.112122 0.608065
Y -0.562421 -0.538226 -0.627690
Z 0.256899 -0.835309 0.486067

PART 57
OFFSET 27.652812 -4.210662 -2.672566
SCALE 1.000000 1.000000 1.000000
X 0.748371 -0.663196 -0.010565
Y 0.645121 0.731492 -0.220768
Z 0.154141 0.158400 0.975269

PART 58
OFFSET 26.875291 -3.660739 -3.788745
SCALE 1.000000 1.000000 1.000000
X 0.372661 -0.923718 0.088708
Y 0.927927 0.370046 -0.044909
Z 0.008657 0.099051 0.995045

PART 59
OFFSET 26.803350 -4.133900 -5.402231
SCALE 1.000000 1.000000 1.000000
X -0.979118 0.201823 -0.024385
Y 0.172297 0.760188 -0.626441
Z -0.107893 -0.617561 -0.779087

PART 60
OFFSET 27.353434 -4.086618 -4.291961
SCALE 1.000000 1.000000 1.000000
X -0.930006 0.327913 -0.166017
Y 0.367534 0.832965 -0.413627
Z 0.002652 -0.445693 -0.895182

PART 61
OFFSET 27.468928 -4.673943 -3.753624
SCALE 1.000000 1.000000 1.000000
X 0.861734 0.082425 0.500620
Y -0.367612 0.781492 0.504114
Z -0.349679 -0.618446 0.703739

PART 62
OFFSET 18.899596 -2.479720 -3.368524
SCALE 1.000000 1.000000 1.000000
X -0.989523 0.022467 0.142619
Y 0.022576 0.999745 -0.000856
Z -0.142602 0.002372 -0.989777

PART 63
OFFSET 15.998082 -2.739384 -4.354412
SCALE 1.000000 1.000000 1.000000
X -0.449510 -0.804220 0.388807
Y -0.831303 0.535915 0.147411
Z -0.326918 -0.256954 -0.909450

PART 64
OFFSET 16.817947 -3.036740 -6.357287
SCALE 1.000000 1.000000 1.000000
X 0.809620 -0.506234 -0.297056
Y 0.517676 0.854387 -0.045105
Z 0.276635 -0.117261 0.953794

PART 65
OFFSET 16.866551 -2.495949 -5.477692
SCALE 1.000000 1.000000 1.000000
X 0.917942 0.180398 -0.353325
Y -0.184482 0.982581 0.022393
Z 0.351210 0.044626 0.935232

PART 66
OFFSET 17.293169 -2.491421 -4.095159
SCALE 1.000000 1.000000 1.000000
X -0.861099 0.508385 0.007273
Y 0.426954 0.730792 -0.532591
Z -0.276076 -0.455509 -0.846341

PART 67
OFFSET 25.873163 -3.942163 -5.425396
SCALE 1.000000 1.000000 1.000000
X 0.656378 -0.541495 0.525310
Y 0.746607 0.366204 -0.555403
Z 0.108377 0.756755 0.644652

PART 68
OFFSET 26.344866 -3.731043 -4.471991
SCALE 1.000000 1.000000 1.000000
X 0.552076 -0.768258 0.324025
Y 0.833759 0.512192 -0.206167
Z -0.007574 0.383979 0.923311

PART 69
OFFSET 16.048776 -2.555800 -6.075086
SCALE 1.000000 1.000000 1.000000
X -0.984375 -0.131999 0.116544
Y -0.095368 0.956038 0.277301
Z -0.148024 0.261854 -0.953688

PART 70
OFFSET 15.871016 -2.691542 -5.094478
SCALE 1.000000 1.000000 1.000000
X -0.627684 -0.706475 0.326963
Y -0.691733 0.698834 0.182035
Z -0.357097 -0.111911 -0.927339

PART 71
OFFSET 0.000000 0.000000 0.000000
SCALE 1.000000 1.000000 1.000000
X 1.000000 0.000000 0.000000
Y 0.000000 1.000000 0.000000
Z 0.000000 0.000000 1.000000

PART 72
OFFSET 0.000000 0.000000 0.000000
SCALE 1.000000 1.000000 1.000000
X 1.000000 0.000000 0.000000
Y 0.000000 1.000000 0.000000
Z 0.000000 0.000000 1.000000

PART 73
OFFSET 1.540551 0.000000 4.135826
SCALE 1.000000 1.000000 1.000000
X 1.000000 0.000000 0.000000
Y 0.000000 1.000000 0.000000
Z 0.000000 0.000000 1.000000

PART 74
OFFSET -4.631835 0.000000 -1.376957
SCALE 1.000000 1.000000 1.000000
X 1.000000 0.000000 0.000000
Y 0.000000 1.000000 0.000000
Z 0.000000 0.000000 1.000000

FRAME 2
PART 0
OFFSET 0.000000 0.000000 0.000000
SCALE 1.000000 1.000000 1.000000
X 1.000000 0.000000 0.000000
Y 0.000000 1.000000 0.000000
Z 0.000000 0.000000 1.000000

PART 1
OFFSET 4.485503 7.517887 -4.689579
SCALE 1.000000 1.000000 1.000000
X 0.929938 -0.122507 -0.346708
Y -0.199174 -0.960392 -0.194875
Z -0.309102 0.250278 -0.917506

PART 2
OFFSET -4.905645 -5.250781 0.636323
SCALE 1.000000 1.000000 1.000000
X -0.626885 0.132939 0.767686
Y -0.369620 -0.918139 -0.142836
Z 0.685854 -0.373294 0.624705

PART 3
OFFSET 16.089095 -3.527831 -4.814699
SCALE 1.000000 1.000000 1.000000
X 0.999074 0.027085 0.033420
Y -0.029248 0.997389 0.066031
Z -0.031544 -0.066947 0.997258

PART 4
OFFSET 13.908927 18.076323 -17.331985
SCALE 1.000000 1.000000 1.000000
X 0.998737 0.041892 -0.027740
Y 0.021387 0.145113 0.989184
Z 0.045465 -0.988528 0.144033

PART 5
OFFSET 15.443608 5.789625 -8.623738
SCALE 1.000000 1.000000 1.000000
X 0.752900 -0.576095 0.318208
Y -0.593673 -0.385805 0.706192
Z -0.284067 -0.720604 -0.632484

PART 6
OFFSET 2.755322 -7.049797 -9.094554
SCALE 1.000000 1.000000 1.000000
X -0.917013 -0.149753 -0.369678
Y 0.389829 -0.140409 -0.910120
Z 0.084387 -0.978703 0.187135

PART 7
OFFSET 16.089095 -3.527831 -4.814699
SCALE 1.000000 1.000000 1.000000
X 0.999074 0.027085 0.033420
Y -0.029248 0.997389 0.066031
Z -0.031544 -0.066947 0.997258

PART 8
OFFSET 23.780752 1.138654 -5.651392
SCALE 1.000000 1.000000 1.000000
X 0.757204 -0.571817 0.315702
Y 0.290439 0.727675 0.621397
Z -0.585054 -0.378832 0.717077

PART 9
OFFSET 23.148822 0.263588 -6.943129
SCALE 1.000000 1.000000 1.000000
X 0.757204 -0.571817 0.315702
Y 0.290439 0.727675 0.621397
Z -0.585054 -0.378832 0.717077

PART 10
OFFSET 22.637049 -0.223050 -3.760920
SCALE 1.000000 1.000000 1.000000
X 0.757204 -0.571817 0.315702
Y 0.290439 0.727675 0.621397
Z -0.585054 -0.378832 0.717077

PART 11
OFFSET 22.057616 -1.203588 -4.478068
SCALE 1.000000 1.000000 1.000000
X 0.757204 -0.571817 0.315702
Y 0.290439 0.727675 0.621397
Z -0.585054 -0.378832 0.717077

PART 12
OFFSET 22.165820 -1.049059 -5.661325
SCALE 1.000000 1.000000 1.000000
X 0.757204 -0.571817 0.315702
Y 0.290439 0.727675 0.621397
Z -0.585054 -0.378832 0.717077

PART 13
OFFSET 24.149353 -0.868382 -4.960184
SCALE 1.000000 1.000000 1.000000
X 0.937000 -0.254398 0.239402
Y -0.328619 -0.409446 0.851096
Z -0.118495 -0.876148 -0.467251

PART 14
OFFSET 21.881359 0.982119 -5.778771
SCALE 1.000000 1.000000 1.000000
X 0.784226 -0.557831 0.271686
Y -0.275570 0.079181 0.958014
Z -0.555923 -0.826169 -0.091626

PART 15
OFFSET 11.805304 -6.049627 -3.742817
SCALE 1.000000 1.000000 1.000000
X -0.919552 -0.146249 -0.364740
Y -0.087396 0.981032 -0.173026
Z 0.383127 -0.127229 -0.914892

PART 16
OFFSET 11.518066 -4.737682 -3.831081
SCALE 1.000000 1.000000 1.000000
X -0.919552 -0.146249 -0.364740
Y -0.087396 0.981032 -0.173026
Z 0.383127 -0.127229 -0.914892

PART 17
OFFSET 11.488737 -4.336512 -4.959761
SCALE 1.000000 1.000000 1.000000
X -0.919552 -0.146249 -0.364740
Y -0.087396 0.981032 -0.173026
Z 0.383127 -0.127229 -0.914892

PART 18
OFFSET 13.389449 -5.285441 -4.750958
SCALE 1.000000 1.000000 1.000000
X -0.994950 -0.052781 -0.085378
Y 0.099230 -0.389074 -0.915846
Z 0.015121 -0.919693 0.392347

PART 19
OFFSET 10.557099 -5.825296 -5.912421
SCALE 1.000000 1.000000 1.000000
X -0.925689 -0.145157 -0.349327
Y 0.339414 0.089024 -0.936415
Z 0.167026 -0.985395 -0.033140

PART 20
OFFSET 15.536700 -3.808228 -0.823316
SCALE 1.000000 1.000000 1.000000
X 0.999074 0.027085 0.033420
Y -0.029248 0.997389 0.066031
Z -0.031544 -0.066947 0.997258

PART 21
OFFSET 21.521067 -3.753936 -1.180637
SCALE 1.000000 1.000000 1.000000
X 0.999074 0.027085 0.033420
Y -0.006120 0.858485 -0.512803
Z -0.042579 0.512124 0.857856

PART 22
OFFSET 36.656822 -3.196345 -0.711441
SCALE 1.000000 1.000000 1.000000
X 0.999074 0.027085 0.033420
Y -0.029248 0.997389 0.066031
Z -0.031544 -0.066947 0.997258

PART 23
OFFSET 16.024633 -3.934923 -4.409747
SCALE 1.000000 1.000000 1.000000
X 0.999074 0.027085 0.033420
Y -0.029248 0.997389 0.066031
Z -0.031544 -0.066947 0.997258

PART 24
OFFSET 27.577602 -1.818689 -3.267903
SCALE 1.000000 1.000000 1.000000
X 0.973423 -0.225143 -0.041929
Y -0.228577 -0.966446 -0.117193
Z -0.014137 0.123662 -0.992224

PART 25
OFFSET 27.860689 -1.533330 -4.280297
SCALE 1.000000 1.000000 1.000000
X 0.548415 -0.803769 0.230646
Y -0.800282 -0.584472 -0.133944
Z 0.242466 -0.111125 -0.963775

PART 26
OFFSET 25.442630 -0.797680 -5.765135
SCALE 1.000000 1.000000 1.000000
X 0.696878 -0.697022 -0.168884
Y -0.690733 -0.588926 -0.419588
Z 0.193002 0.409056 -0.891865

PART 27
OFFSET 25.281093 -0.960960 -5.093364
SCALE 1.000000 1.000000 1.000000
X 0.916070 -0.400295 -0.024088
Y -0.354815 -0.781068 -0.513847
Z 0.186875 0.479266 -0.857544

PART 28
OFFSET 24.287510 -1.652126 -4.407831
SCALE 1.000000 1.000000 1.000000
X 0.382542 -0.898799 0.214061
Y -0.839163 -0.241044 0.487548
Z -0.386609 -0.366140 -0.846448

PART 29
OFFSET 26.452560 -2.772341 -3.121293
SCALE 1.000000 1.000000 1.000000
X 0.912223 -0.403798 -0.069249
Y 0.372694 0.747708 0.549575
Z -0.170140 -0.527143 0.832570

PART 30
OFFSET 26.686257 -2.672586 -5.481831
SCALE 1.000000 1.000000 1.000000
X -0.025457 0.473147 -0.880616
Y 0.118539 0.876115 0.467302
Z 0.992623 -0.092491 -0.078390

PART 31
OFFSET 17.191789 -5.128902 -3.603287
SCALE 1.000000 1.000000 1.000000
X -0.967814 -0.242072 0.068827
Y 0.251643 -0.934487 0.251813
Z 0.003361 0.261028 0.965325

PART 32
OFFSET 17.258639 -5.360991 -4.679601
SCALE 1.000000 1.000000 1.000000
X -0.328324 -0.935036 0.133830
Y 0.943397 -0.331655 -0.002766
Z 0.046972 0.125346 0.991000

PART 33
OFFSET 14.306515 -5.472645 -5.755902
SCALE 1.000000 1.000000 1.000000
X -0.946412 -0.190957 0.260459
Y 0.266133 -0.918012 0.293984
Z 0.182966 0.347547 0.919638

PART 34
OFFSET 14.475695 -5.331264 -5.070502
SCALE 1.000000 1.000000 1.000000
X -0.981613 -0.083256 0.171770
Y 0.148150 -0.899728 0.410537
Z 0.120367 0.428436 0.895519

PART 35
OFFSET 13.752902 -4.534143 -4.081600
SCALE 1.000000 1.000000 1.000000
X -0.587005 -0.721308 -0.367614
Y 0.652391 -0.152574 -0.742366
Z 0.479386 -0.675600 0.560136

PART 36
OFFSET 9.172820 -5.669063 -4.121541
SCALE 1.000000 1.000000 1.000000
X -0.951133 -0.230144 0.205864
Y -0.299675 0.848719 -0.435741
Z -0.074437 -0.476140 -0.876213

PART 37
OFFSET 29.122345 -2.516491 -3.290931
SCALE 1.000000 1.000000 1.000000
X -0.327945 -0.919449 0.216945
Y -0.936905 0.287114 -0.199437
Z 0.121084 -0.268661 -0.955594

PART 38
OFFSET 28.892422 -3.148213 -3.820838
SCALE 1.000000 1.000000 1.000000
X -0.659582 -0.750000 0.049521
Y -0.750237 0.660939 0.017404
Z -0.045783 -0.025673 -0.998621

PART 39
OFFSET 26.970836 -2.417438 -6.114375
SCALE 1.000000 1.000000 1.000000
X 0.299774 -0.912516 0.278299
Y -0.948170 -0.317209 -0.018763
Z 0.105400 -0.258250 -0.960311

PART 40
OFFSET 27.695544 -1.918454 -5.275655
SCALE 1.000000 1.000000 1.000000
X 0.463816 -0.816459 0.343904
Y -0.885863 -0.432231 0.168590
Z 0.010999 -0.382847 -0.923746

PART 41
OFFSET 25.022418 -3.653816 -3.949888
SCALE 1.000000 1.000000 1.000000
X 0.750845 -0.636270 0.177179
Y -0.637574 -0.628207 0.445933
Z -0.172429 -0.447791 -0.877355

PART 42
OFFSET 18.894133 -4.691484 -3.723916
SCALE 1.000000 1.000000 1.000000
X -0.458139 -0.887310 -0.052823
Y 0.872384 -0.460237 0.164705
Z -0.170455 0.029376 0.984927

PART 43
OFFSET 17.898819 -3.531824 -4.940579
SCALE 1.000000 1.000000 1.000000
X 0.520245 -0.853027 0.041109
Y 0.772779 0.449721 -0.447843
Z 0.363534 0.264756 0.893167

PART 44
OFFSET 16.566438 -5.066801 -6.182135
SCALE 1.000000 1.000000 1.000000
X -0.300249 -0.921337 0.246960
Y 0.927784 -0.342208 -0.148697
Z 0.221512 0.184480 0.957549

PART 45
OFFSET 17.010560 -5.159574 -5.655155
SCALE 1.000000 1.000000 1.000000
X -0.279843 -0.954683 0.101332
Y 0.909719 -0.297418 -0.289749
Z 0.306756 0.011100 0.951723

PART 46
OFFSET 14.970793 -2.890903 -3.243926
SCALE 1.000000 1.000000 1.000000
X -0.911073 -0.412121 0.010107
Y 0.255642 -0.584041 -0.770417
Z 0.323408 -0.699323 0.637460

PART 47
OFFSET 28.495903 -3.466482 -2.949629
SCALE 1.000000 1.000000 1.000000
X -0.904585 -0.368588 0.214169
Y -0.424709 0.822492 -0.378324
Z -0.036707 -0.433186 -0.900557

PART 48
OFFSET 27.761493 -4.046969 -3.786668
SCALE 1.000000 1.000000 1.000000
X -0.821470 0.567295 -0.058003
Y 0.565032 0.823460 0.051514
Z 0.076987 0.009544 -0.996986

PART 49
OFFSET 27.366162 -3.796436 -5.684211
SCALE 1.000000 1.000000 1.000000
X -0.935481 -0.312334 0.165294
Y -0.351109 0.768623 -0.534736
Z 0.039967 -0.558271 -0.828695

PART 50
OFFSET 28.471792 -3.426515 -4.642550
SCALE 1.000000 1.000000 1.000000
X -0.869522 -0.431907 0.239559
Y -0.493542 0.778175 -0.388407
Z -0.018663 -0.455961 -0.889804

PART 51
OFFSET 26.356378 -4.494637 -3.866108
SCALE 1.000000 1.000000 1.000000
X 0.959371 -0.210459 -0.187921
Y -0.079764 -0.841175 0.534847
Z -0.270638 -0.498128 -0.823786

PART 52
OFFSET 19.198785 -3.548064 -3.582508
SCALE 1.000000 1.000000 1.000000
X 0.308597 -0.945781 -0.101327
Y 0.937220 0.284142 0.202191
Z -0.162437 -0.157361 0.974090

PART 53
OFFSET 16.969162 -2.414221 -4.930259
SCALE 1.000000 1.000000 1.000000
X 0.880124 0.292074 -0.374265
Y -0.386908 0.898130 -0.208962
Z 0.275106 0.328719 0.903471

PART 54
OFFSET 16.974796 -3.828647 -6.521297
SCALE 1.000000 1.000000 1.000000
X 0.172494 -0.984784 -0.021139
Y 0.974896 0.173751 -0.139241
Z 0.140795 0.003410 0.990033

PART 55
OFFSET 17.469401 -3.654062 -5.833161
SCALE 1.000000 1.000000 1.000000
X 0.328341 -0.939888 -0.093824
Y 0.875016 0.340071 -0.344527
Z 0.355724 0.031025 0.934076

PART 56
OFFSET 16.396931 -2.445000 -3.568268
SCALE 1.000000 1.000000 1.000000
X -0.797936 0.086278 0.596535
Y -0.544527 -0.527535 -0.652071
Z 0.258433 -0.845141 0.467920

PART 57
OFFSET 27.474201 -3.882840 -2.707709
SCALE 1.000000 1.000000 1.000000
X 0.667314 -0.744565 0.017758
Y 0.732609 0.651932 -0.195623
Z 0.134077 0.143552 0.980518

PART 58
OFFSET 26.831263 -3.404978 -3.859457
SCALE 1.000000 1.000000 1.000000
X 0.263755 -0.961305 0.079540
Y 0.964273 0.264884 0.003802
Z -0.024724 0.075695 0.996824

PART 59
OFFSET 26.589610 -4.064863 -5.542688
SCALE 1.000000 1.000000 1.000000
X -0.930806 0.345696 -0.118722
Y 0.351225 0.755991 -0.552375
Z -0.101201 -0.555852 -0.825098

PART 60
OFFSET 27.227093 -3.958757 -4.333711
SCALE 1.000000 1.000000 1.000000
X -0.867713 0.432948 -0.244191
Y 0.495972 0.786681 -0.367620
Z 0.032940 -0.440101 -0.897344

PART 61
OFFSET 27.380101 -4.759358 -4.097943
SCALE 1.000000 1.000000 1.000000
X 0.865596 -0.008765 0.500666
Y -0.324561 0.751569 0.574286
Z -0.381319 -0.659597 0.647710

PART 62
OFFSET 18.850277 -2.479832 -3.468032
SCALE 1.000000 1.000000 1.000000
X -0.992104 0.006928 0.125228
Y 0.010329 0.999595 0.026533
Z -0.124994 0.027617 -0.991773

PART 63
OFFSET 15.970141 -2.746736 -4.512890
SCALE 1.000000 1.000000 1.000000
X -0.446449 -0.819746 0.358747
Y -0.840303 0.521873 0.146764
Z -0.307529 -0.235934 -0.921825

PART 64
OFFSET 16.829103 -2.979813 -6.507951
SCALE 1.000000 1.000000 1.000000
X 0.820921 -0.488399 -0.295898
Y 0.507883 0.861333 -0.012647
Z 0.261043 -0.139899 0.955136

PART 65
OFFSET 16.855420 -2.462615 -5.613347
SCALE 1.000000 1.000000 1.000000
X 0.921801 0.200737 -0.331643
Y -0.196883 0.979368 0.045556
Z 0.333946 0.023302 0.942304

PART 66
OFFSET 17.257294 -2.490674 -4.223693
SCALE 1.000000 1.000000 1.000000
X -0.867260 0.497827 0.005393
Y 0.427369 0.749986 -0.504854
Z -0.255374 -0.435535 -0.863188

PART 67
OFFSET 25.705321 -3.736443 -5.655475
SCALE 1.000000 1.000000 1.000000
X 0.506156 -0.657881 0.557673
Y 0.851440 0.278219 -0.444572
Z 0.137320 0.699848 0.700968

PART 68
OFFSET 26.286075 -3.489273 -4.598520
SCALE 1.000000 1.000000 1.000000
X 0.429333 -0.827566 0.361672
Y 0.901902 0.413874 -0.123615
Z -0.047387 0.379265 0.924074

PART 69
OFFSET 16.049197 -2.515817 -6.226851
SCALE 1.000000 1.000000 1.000000
X -0.984600 -0.146700 0.095091
Y -0.111998 0.946952 0.301229
Z -0.134237 0.285940 -0.948799

PART 70
OFFSET 15.855699 -2.680267 -5.253646
SCALE 1.000000 1.000000 1.000000
X -0.624693 -0.722449 0.296356
Y -0.703377 0.685431 0.188268
Z -0.339146 -0.090840 -0.936338

PART 71
OFFSET 0.000000 0.000000 0.000000
SCALE 1.000000 1.000000 1.000000
X 1.000000 0.000000 0.000000
Y 0.000000 1.000000 0.000000
Z 0.000000 0.000000 1.000000

PART 72
OFFSET 0.000000 0.000000 0.000000
SCALE 1.000000 1.000000 1.000000
X 1.000000 0.000000 0.000000
Y 0.000000 1.000000 0.000000
Z 0.000000 0.000000 1.000000

PART 73
OFFSET 1.540551 0.000000 4.135826
SCALE 1.000000 1.000000 1.000000
X 1.000000 0.000000 0.000000
Y 0.000000 1.000000 0.000000
Z 0.000000 0.000000 1.000000

PART 74
