// Export time: Mon Jun 13 22:56:13 2022

ANIMATION
VERSION 3

NUMPARTS 75
PART 0 "tag_cambone"
PART 1 "tag_camera"
PART 2 "tag_gasmask"
PART 3 "tag_gasmask2"
PART 4 "tag_torso"
PART 5 "j_shoulder_le"
PART 6 "j_shoulder_ri"
PART 7 "tag_weapon"
PART 8 "tag_weapon1"
PART 9 "j_elbow_le"
PART 10 "j_elbow_ri"
PART 11 "j_gun"
PART 12 "j_sleave_reshape_bottom_le_1"
PART 13 "j_sleave_reshape_bottom_le_2"
PART 14 "j_sleave_reshape_top_le_1"
PART 15 "j_sleave_reshape_top_le_2"
PART 16 "j_sleave_reshape_top_le_3"
PART 17 "j_wrist_le"
PART 18 "j_wristtwist_le"
PART 19 "j_sleave_reshape_top_ri_1"
PART 20 "j_sleave_reshape_top_ri_2"
PART 21 "j_sleave_reshape_top_ri_3"
PART 22 "j_wrist_ri"
PART 23 "j_wristtwist_ri"
PART 24 "tag_bolt_animate"
PART 25 "tag_brass"
PART 26 "tag_flash"
PART 27 "tag_clip"
PART 28 "j_index_le_0"
PART 29 "j_mid_le_0"
PART 30 "j_pinkypalm_le"
PART 31 "j_ringpalm_le"
PART 32 "j_thumb_le_0"
PART 33 "j_webbing_le"
PART 34 "tag_knife_attach"
PART 35 "j_index_ri_0"
PART 36 "j_mid_ri_0"
PART 37 "j_pinkypalm_ri"
PART 38 "j_ringpalm_ri"
PART 39 "j_thumb_ri_0"
PART 40 "j_webbing_ri"
PART 41 "j_index_le_1"
PART 42 "j_mid_le_1"
PART 43 "j_pinky_le_0"
PART 44 "j_ring_le_0"
PART 45 "j_thumb_le_1"
PART 46 "j_index_ri_1"
PART 47 "j_mid_ri_1"
PART 48 "j_pinky_ri_0"
PART 49 "j_ring_ri_0"
PART 50 "j_thumb_ri_1"
PART 51 "j_index_le_2"
PART 52 "j_mid_le_2"
PART 53 "j_pinky_le_1"
PART 54 "j_ring_le_1"
PART 55 "j_thumb_le_2"
PART 56 "j_index_ri_2"
PART 57 "j_mid_ri_2"
PART 58 "j_pinky_ri_1"
PART 59 "j_ring_ri_1"
PART 60 "j_thumb_ri_2"
PART 61 "j_index_le_3"
PART 62 "j_mid_le_3"
PART 63 "j_pinky_le_2"
PART 64 "j_ring_le_2"
PART 65 "j_thumb_le_3"
PART 66 "j_index_ri_3"
PART 67 "j_mid_ri_3"
PART 68 "j_pinky_ri_2"
PART 69 "j_ring_ri_2"
PART 70 "j_thumb_ri_3"
PART 71 "j_pinky_le_3"
PART 72 "j_ring_le_3"
PART 73 "j_pinky_ri_3"
PART 74 "j_ring_ri_3"

FRAMERATE 30
NUMFRAMES 6
FRAME 0
PART 0
OFFSET 0.000000 0.000000 0.000000
SCALE 1.000000 1.000000 1.000000
X 1.000000 0.000000 0.000000
Y 0.000000 1.000000 0.000000
Z 0.000000 0.000000 1.000000

PART 1
OFFSET 0.000000 0.000000 0.000000
SCALE 1.000000 1.000000 1.000000
X 1.000000 0.000000 0.000000
Y 0.000000 1.000000 0.000000
Z 0.000000 0.000000 1.000000

PART 2
OFFSET 1.540551 0.000000 4.135826
SCALE 1.000000 1.000000 1.000000
X 1.000000 0.000000 0.000000
Y 0.000000 1.000000 0.000000
Z 0.000000 0.000000 1.000000

PART 3
OFFSET -4.631835 0.000000 -1.376957
SCALE 1.000000 1.000000 1.000000
X 1.000000 0.000000 0.000000
Y 0.000000 1.000000 0.000000
Z 0.000000 0.000000 1.000000

PART 4
OFFSET 0.000000 0.000000 0.000000
SCALE 1.000000 1.000000 1.000000
X 1.000000 0.000000 0.000000
Y 0.000000 1.000000 0.000000
Z 0.000000 0.000000 1.000000

PART 5
OFFSET 4.139100 2.294026 -4.827522
SCALE 1.000000 1.000000 1.000000
X 0.911096 0.190663 -0.365448
Y 0.089586 -0.956991 -0.275939
Z -0.402341 0.218667 -0.888992

PART 6
OFFSET -4.979446 -5.274010 0.613938
SCALE 1.000000 1.000000 1.000000
X -0.645966 0.127982 0.752562
Y -0.368373 -0.915725 -0.160466
Z 0.668603 -0.380879 0.638672

PART 7
OFFSET 16.109587 -3.541676 -4.360429
SCALE 1.000000 1.000000 1.000000
X 1.000000 0.000000 0.000000
Y 0.000000 1.000000 0.000000
Z 0.000000 0.000000 1.000000

PART 8
OFFSET 13.908927 18.076323 -17.331985
SCALE 1.000000 1.000000 1.000000
X 0.998737 0.041892 -0.027740
Y 0.021387 0.145113 0.989184
Z 0.045465 -0.988528 0.144033

PART 9
OFFSET 15.166234 4.613084 -9.257349
SCALE 1.000000 1.000000 1.000000
X 0.779162 -0.504110 0.372532
Y -0.613197 -0.489759 0.619778
Z -0.129986 -0.711343 -0.690721

PART 10
OFFSET 2.936894 -7.025161 -8.972565
SCALE 1.000000 1.000000 1.000000
X -0.898579 -0.150691 -0.412127
Y 0.431150 -0.128446 -0.893091
Z 0.081644 -0.980201 0.180389

PART 11
OFFSET 16.109587 -3.541676 -4.360429
SCALE 1.000000 1.000000 1.000000
X 1.000000 0.000000 0.000000
Y 0.000000 1.000000 0.000000
Z 0.000000 0.000000 1.000000

PART 12
OFFSET 23.645874 0.776407 -5.603592
SCALE 1.000000 1.000000 1.000000
X 0.783163 -0.499238 0.370698
Y 0.136580 0.719705 0.680714
Z -0.606632 -0.482479 0.631832

PART 13
OFFSET 23.258492 -0.090406 -6.993640
SCALE 1.000000 1.000000 1.000000
X 0.783163 -0.499238 0.370698
Y 0.136580 0.719705 0.680714
Z -0.606632 -0.482479 0.631832

PART 14
OFFSET 22.483396 -0.810466 -3.910471
SCALE 1.000000 1.000000 1.000000
X 0.783163 -0.499238 0.370698
Y 0.136580 0.719705 0.680714
Z -0.606632 -0.482479 0.631832

PART 15
OFFSET 22.101255 -1.808342 -4.728830
SCALE 1.000000 1.000000 1.000000
X 0.783163 -0.499238 0.370698
Y 0.136580 0.719705 0.680714
Z -0.606632 -0.482479 0.631832

PART 16
OFFSET 22.311524 -1.576106 -5.885350
SCALE 1.000000 1.000000 1.000000
X 0.783163 -0.499238 0.370698
Y 0.136580 0.719705 0.680714
Z -0.606632 -0.482479 0.631832

PART 17
OFFSET 24.229241 -1.133303 -4.934851
SCALE 1.000000 1.000000 1.000000
X 0.937317 -0.265117 0.226162
Y -0.310841 -0.342709 0.886526
Z -0.157525 -0.901256 -0.403637

PART 18
OFFSET 21.815374 0.447304 -5.914536
SCALE 1.000000 1.000000 1.000000
X 0.819517 -0.478183 0.315806
Y -0.287027 0.134465 0.948438
Z -0.495992 -0.867906 -0.027055

PART 19
OFFSET 11.731215 -6.034130 -3.208765
SCALE 1.000000 1.000000 1.000000
X -0.901358 -0.147254 -0.407272
Y -0.085299 0.982361 -0.166406
Z 0.424592 -0.115252 -0.898019

PART 20
OFFSET 11.440526 -4.722876 -3.295995
SCALE 1.000000 1.000000 1.000000
X -0.901358 -0.147254 -0.407272
Y -0.085299 0.982361 -0.166406
Z 0.424592 -0.115252 -0.898019

PART 21
OFFSET 11.459587 -4.309680 -4.420549
SCALE 1.000000 1.000000 1.000000
X -0.901358 -0.147254 -0.407272
Y -0.085299 0.982361 -0.166406
Z 0.424592 -0.115252 -0.898019

PART 22
OFFSET 13.367810 -5.218939 -4.095566
SCALE 1.000000 1.000000 1.000000
X -0.998355 -0.028805 -0.049574
Y 0.057242 -0.451650 -0.890357
Z 0.003256 -0.891730 0.452555

PART 23
OFFSET 10.580260 -5.777190 -5.439390
SCALE 1.000000 1.000000 1.000000
X -0.905407 -0.147127 -0.398236
Y 0.397946 0.032693 -0.916826
Z 0.147909 -0.988577 0.028948

PART 24
OFFSET 19.826450 -3.541623 -0.343801
SCALE 1.000000 1.000000 1.000000
X 1.000000 0.000000 0.000000
Y 0.000000 1.000000 0.000000
Z 0.000000 0.000000 1.000000

PART 25
OFFSET 21.651855 -3.686105 -0.892542
SCALE 1.000000 1.000000 1.000000
X 1.000000 0.000000 -0.000000
Y -0.000000 0.822561 -0.568676
Z 0.000000 0.568676 0.822561

PART 26
OFFSET 36.804382 -3.541677 -0.939405
SCALE 1.000000 1.000000 1.000000
X 1.000000 0.000000 0.000000
Y 0.000000 1.000000 0.000000
Z 0.000000 0.000000 1.000000

PART 27
OFFSET 20.974734 -3.541676 -3.927169
SCALE 1.000000 1.000000 1.000000
X 1.000000 0.000000 0.000000
Y 0.000000 1.000000 0.000000
Z 0.000000 0.000000 1.000000

PART 28
OFFSET 27.705341 -2.101472 -3.282872
SCALE 1.000000 1.000000 1.000000
X 0.847661 -0.530530 0.002866
Y -0.528171 -0.844377 -0.089794
Z 0.050059 0.074601 -0.995956

PART 29
OFFSET 27.937995 -1.856691 -4.330099
SCALE 1.000000 1.000000 1.000000
X 0.574531 -0.777068 0.257061
Y -0.793041 -0.606202 -0.060038
Z 0.202485 -0.169366 -0.964528

PART 30
OFFSET 25.392592 -1.165469 -5.766349
SCALE 1.000000 1.000000 1.000000
X 0.815765 -0.552876 -0.169869
Y -0.571995 -0.727646 -0.378620
Z 0.085726 0.406030 -0.909830

PART 31
OFFSET 25.348608 -1.306381 -5.084408
SCALE 1.000000 1.000000 1.000000
X 0.930624 -0.362035 -0.053575
Y -0.344960 -0.818835 -0.458817
Z 0.122238 0.445467 -0.886914

PART 32
OFFSET 24.410122 -1.949358 -4.251265
SCALE 1.000000 1.000000 1.000000
X 0.341087 -0.778404 0.527017
Y -0.889436 -0.085787 0.448938
Z -0.304243 -0.621875 -0.721601

PART 33
OFFSET 26.540732 -2.977804 -3.046420
SCALE 1.000000 1.000000 1.000000
X 0.898232 -0.433771 -0.070869
Y 0.410797 0.771208 0.486295
Z -0.156286 -0.465919 0.870916

PART 34
OFFSET 26.697947 -3.040798 -5.414545
SCALE 1.000000 1.000000 1.000000
X -0.042187 0.414566 -0.909041
Y 0.157570 0.901225 0.403689
Z 0.986606 -0.126208 -0.103343

PART 35
OFFSET 17.209937 -5.099495 -3.083964
SCALE 1.000000 1.000000 1.000000
X -0.971180 -0.208187 0.116046
Y 0.234356 -0.922804 0.305794
Z 0.043425 0.324177 0.944999

PART 36
OFFSET 17.233657 -5.404248 -4.143839
SCALE 1.000000 1.000000 1.000000
X -0.349122 -0.913956 0.206879
Y 0.933296 -0.358947 -0.010771
Z 0.084103 0.189319 0.978307

PART 37
OFFSET 14.244613 -5.499395 -5.114657
SCALE 1.000000 1.000000 1.000000
X -0.941864 -0.145149 0.303023
Y 0.250721 -0.904009 0.346275
Z 0.223674 0.402118 0.887846

PART 38
OFFSET 14.440871 -5.318003 -4.446101
SCALE 1.000000 1.000000 1.000000
X -0.977100 -0.042562 0.208479
Y 0.137326 -0.874556 0.465073
Z 0.162532 0.483052 0.860374

PART 39
OFFSET 13.774338 -4.436063 -3.490234
SCALE 1.000000 1.000000 1.000000
X -0.618759 -0.726355 -0.299243
Y 0.622274 -0.220679 -0.751050
Z 0.479492 -0.650930 0.588539

PART 40
OFFSET 9.166155 -5.434873 -3.306418
SCALE 1.000000 1.000000 1.000000
X -0.949516 -0.187709 0.251364
Y -0.290964 0.826504 -0.481903
Z -0.117296 -0.530713 -0.839396

PART 41
OFFSET 29.129185 -3.140644 -3.267723
SCALE 1.000000 1.000000 1.000000
X -0.106673 -0.971538 0.211505
Y -0.987660 0.079004 -0.135224
Z 0.114666 -0.223320 -0.967977

PART 42
OFFSET 29.043375 -3.400766 -3.820909
SCALE 1.000000 1.000000 1.000000
X -0.463505 -0.873636 0.148065
Y -0.877172 0.476040 0.062892
Z -0.125429 -0.100728 -0.986976

PART 43
OFFSET 27.209728 -2.458161 -6.127526
SCALE 1.000000 1.000000 1.000000
X 0.492828 -0.780878 0.383861
Y -0.869282 -0.422411 0.256745
Z -0.038339 -0.460215 -0.886979

PART 44
OFFSET 27.792360 -2.170354 -5.352651
SCALE 1.000000 1.000000 1.000000
X 0.521816 -0.797116 0.303831
Y -0.845420 -0.435675 0.308955
Z -0.113901 -0.418082 -0.901240

PART 45
OFFSET 25.104187 -3.730142 -3.084293
SCALE 1.000000 1.000000 1.000000
X 0.854096 -0.379495 0.355673
Y -0.519294 -0.583776 0.624131
Z -0.029221 -0.717767 -0.695670

PART 46
OFFSET 18.913807 -4.682947 -3.288294
SCALE 1.000000 1.000000 1.000000
X -0.400003 -0.916402 0.014311
Y 0.905205 -0.392574 0.162756
Z -0.143532 0.078057 0.986562

PART 47
OFFSET 17.914567 -3.616200 -4.547672
SCALE 1.000000 1.000000 1.000000
X 0.497731 -0.863481 0.081636
Y 0.769138 0.395921 -0.501671
Z 0.400862 0.312487 0.861198

PART 48
OFFSET 16.498985 -5.189842 -5.639717
SCALE 1.000000 1.000000 1.000000
X -0.316813 -0.893651 0.317833
Y 0.912440 -0.378655 -0.155154
Z 0.259003 0.240849 0.935366

PART 49
OFFSET 16.958080 -5.260618 -5.122233
SCALE 1.000000 1.000000 1.000000
X -0.302306 -0.937160 0.174193
Y 0.890812 -0.342790 -0.298241
Z 0.339212 0.065013 0.938461

PART 50
OFFSET 15.064690 -2.777803 -2.804489
SCALE 1.000000 1.000000 1.000000
X -0.921159 -0.383361 0.067090
Y 0.213115 -0.641110 -0.737265
Z 0.325651 -0.664841 0.672264

PART 51
OFFSET 28.857525 -4.267580 -2.916183
SCALE 1.000000 1.000000 1.000000
X -0.620713 -0.733979 0.275663
Y -0.782656 0.559192 -0.273412
Z 0.046530 -0.385459 -0.921551

PART 52
OFFSET 28.219037 -4.592778 -3.619463
SCALE 1.000000 1.000000 1.000000
X -0.984617 0.164968 0.057577
Y 0.162491 0.985667 -0.045355
Z -0.064234 -0.035301 -0.997310

PART 53
OFFSET 27.910359 -3.578160 -5.574366
SCALE 1.000000 1.000000 1.000000
X -0.478237 -0.660347 0.578991
Y -0.877135 0.326223 -0.352438
Z 0.043851 -0.676402 -0.735226

PART 54
OFFSET 28.685552 -3.586164 -4.810167
SCALE 1.000000 1.000000 1.000000
X -0.676486 -0.603644 0.421876
Y -0.726864 0.639421 -0.250620
Z -0.118471 -0.476188 -0.871327

PART 55
OFFSET 26.575083 -4.204959 -2.761086
SCALE 1.000000 1.000000 1.000000
X 0.990932 -0.049971 -0.124726
Y 0.064533 -0.637196 0.767995
Z -0.117853 -0.769080 -0.628193

PART 56
OFFSET 19.098645 -3.520445 -3.219806
SCALE 1.000000 1.000000 1.000000
X 0.451992 -0.889736 -0.063820
Y 0.884980 0.438303 0.157163
Z -0.111861 -0.127516 0.985508

PART 57
OFFSET 17.016817 -2.473292 -4.582660
SCALE 1.000000 1.000000 1.000000
X 0.874559 0.240384 -0.421144
Y -0.368999 0.893380 -0.256344
Z 0.314621 0.379590 0.870015

PART 58
OFFSET 16.929357 -3.989541 -6.074270
SCALE 1.000000 1.000000 1.000000
X 0.144599 -0.988700 0.039530
Y 0.973981 0.135173 -0.181905
Z 0.174507 0.064804 0.982521

PART 59
OFFSET 17.451697 -3.784460 -5.415647
SCALE 1.000000 1.000000 1.000000
X 0.299049 -0.953357 -0.040988
Y 0.871760 0.290418 -0.394577
Z 0.388077 0.082266 0.917948

PART 60
OFFSET 16.490647 -2.396836 -3.203780
SCALE 1.000000 1.000000 1.000000
X -0.774470 0.149215 0.614762
Y -0.580703 -0.553197 -0.597292
Z 0.250959 -0.819578 0.515083

PART 61
OFFSET 28.156472 -5.096632 -2.604812
SCALE 1.000000 1.000000 1.000000
X 0.921476 -0.374569 -0.102859
Y 0.346246 0.912090 -0.219557
Z 0.176056 0.166702 0.970162

PART 62
OFFSET 27.103314 -4.406885 -3.561281
SCALE 1.000000 1.000000 1.000000
X 0.655463 -0.753379 0.052803
Y 0.751517 0.643726 -0.144360
Z 0.074767 0.134305 0.988115

PART 63
OFFSET 27.519922 -4.132769 -5.089514
SCALE 1.000000 1.000000 1.000000
X -0.936592 -0.187576 0.295991
Y -0.344695 0.645231 -0.681808
Z -0.063092 -0.740602 -0.668975

PART 64
OFFSET 27.752027 -4.426505 -4.225070
SCALE 1.000000 1.000000 1.000000
X -0.997420 0.007751 0.071361
Y -0.022987 0.907307 -0.419839
Z -0.068000 -0.420397 -0.904789

PART 65
OFFSET 27.642389 -4.305062 -2.911656
SCALE 1.000000 1.000000 1.000000
X 0.820495 0.325790 0.469733
Y -0.502014 0.803693 0.319467
Z -0.273442 -0.497934 0.822977

PART 66
OFFSET 18.588176 -2.515505 -3.147694
SCALE 1.000000 1.000000 1.000000
X -0.977351 -0.142027 0.156884
Y -0.147522 0.988770 -0.023894
Z -0.151728 -0.046496 -0.987328

PART 67
OFFSET 16.023832 -2.747625 -4.111992
SCALE 1.000000 1.000000 1.000000
X -0.456311 -0.780554 0.427218
Y -0.820178 0.555149 0.138262
Z -0.345091 -0.287305 -0.893515

PART 68
OFFSET 16.807538 -3.137751 -6.113295
SCALE 1.000000 1.000000 1.000000
X 0.796653 -0.531043 -0.288681
Y 0.530589 0.843171 -0.086824
Z 0.289515 -0.084002 0.953480

PART 69
OFFSET 16.878476 -2.563394 -5.256721
SCALE 1.000000 1.000000 1.000000
X 0.915117 0.150918 -0.373877
Y -0.168279 0.985640 -0.014027
Z 0.366391 0.075752 0.927372

PART 70
OFFSET 17.326590 -2.511305 -3.882005
SCALE 1.000000 1.000000 1.000000
X -0.852592 0.522576 -0.000157
Y 0.430318 0.701901 -0.567593
Z -0.296501 -0.483993 -0.823309

PART 71
OFFSET 26.630136 -4.310971 -4.808314
SCALE 1.000000 1.000000 1.000000
X 0.941804 -0.153622 0.299006
Y 0.334581 0.514518 -0.789511
Z -0.032557 0.843606 0.535974

PART 72
OFFSET 26.670364 -4.418134 -4.147673
SCALE 1.000000 1.000000 1.000000
X 0.826504 -0.547090 0.132608
Y 0.555753 0.755503 -0.346921
Z 0.089611 0.360429 0.928472

PART 73
OFFSET 16.050686 -2.633242 -5.839050
SCALE 1.000000 1.000000 1.000000
X -0.984439 -0.110831 0.136369
Y -0.075651 0.967727 0.240376
Z -0.158609 0.226319 -0.961053

PART 74
OFFSET 15.886006 -2.727014 -4.851220
SCALE 1.000000 1.000000 1.000000
X -0.633806 -0.682398 0.364173
Y -0.677484 0.716944 0.164338
Z -0.373235 -0.142563 -0.916718

FRAME 1
PART 0
OFFSET 0.000000 0.000000 0.000000
SCALE 1.000000 1.000000 1.000000
X 1.000000 0.000000 0.000000
Y 0.000000 1.000000 0.000000
Z 0.000000 0.000000 1.000000

PART 1
OFFSET 0.000000 0.000000 0.000000
SCALE 1.000000 1.000000 1.000000
X 1.000000 0.000000 0.000000
Y 0.000000 1.000000 0.000000
Z 0.000000 0.000000 1.000000

PART 2
OFFSET 1.540551 0.000000 4.135826
SCALE 1.000000 1.000000 1.000000
X 1.000000 0.000000 0.000000
Y 0.000000 1.000000 0.000000
Z 0.000000 0.000000 1.000000

PART 3
OFFSET -4.631835 0.000000 -1.376957
SCALE 1.000000 1.000000 1.000000
X 1.000000 0.000000 0.000000
Y 0.000000 1.000000 0.000000
Z 0.000000 0.000000 1.000000

PART 4
OFFSET 0.000000 0.000000 0.000000
SCALE 1.000000 1.000000 1.000000
X 1.000000 0.000000 0.000000
Y 0.000000 1.000000 0.000000
Z 0.000000 0.000000 1.000000

PART 5
OFFSET 4.301516 2.138621 -4.748511
SCALE 1.000000 1.000000 1.000000
X 0.880637 0.251183 -0.401728
Y 0.137357 -0.946838 -0.290913
Z -0.453444 0.201008 -0.868323

PART 6
OFFSET -4.748719 -5.215538 0.678987
SCALE 1.000000 1.000000 1.000000
X -0.584986 0.150591 0.796940
Y -0.396948 -0.910040 -0.119413
Z 0.707265 -0.386199 0.592137

PART 7
OFFSET 15.314751 -3.470944 -4.503084
SCALE 1.000000 1.000000 1.000000
X 0.999933 0.000000 0.011596
Y -0.000000 1.000000 0.000000
Z -0.011596 -0.000000 0.999933

PART 8
OFFSET 13.908927 18.076323 -17.331985
SCALE 1.000000 1.000000 1.000000
X 0.998737 0.041892 -0.027740
Y 0.021387 0.145113 0.989184
Z 0.045465 -0.988528 0.144033

PART 9
OFFSET 15.154482 5.443675 -9.798746
SCALE 1.000000 1.000000 1.000000
X 0.712484 -0.566722 0.413755
Y -0.684685 -0.432476 0.586660
Z -0.153535 -0.701278 -0.696159

PART 10
OFFSET 2.481476 -7.353164 -9.704402
SCALE 1.000000 1.000000 1.000000
X -0.869401 -0.183743 -0.458672
Y 0.482242 -0.113333 -0.868676
Z 0.107630 -0.976419 0.187140

PART 11
OFFSET 15.314751 -3.470944 -4.503084
SCALE 1.000000 1.000000 1.000000
X 0.999933 0.000000 0.011596
Y -0.000000 1.000000 0.000000
Z -0.011596 -0.000000 0.999933

PART 12
OFFSET 23.070478 0.917472 -5.696937
SCALE 1.000000 1.000000 1.000000
X 0.716977 -0.562219 0.412133
Y 0.161339 0.708995 0.686510
Z -0.678169 -0.425719 0.599041

PART 13
OFFSET 22.684555 0.079572 -7.105004
SCALE 1.000000 1.000000 1.000000
X 0.716977 -0.562219 0.412133
Y 0.161339 0.708995 0.686510
Z -0.678169 -0.425719 0.599041

PART 14
OFFSET 21.688860 -0.555693 -4.066877
SCALE 1.000000 1.000000 1.000000
X 0.716977 -0.562219 0.412133
Y 0.161339 0.708995 0.686510
Z -0.678169 -0.425719 0.599041

PART 15
OFFSET 21.266732 -1.521636 -4.903692
SCALE 1.000000 1.000000 1.000000
X 0.716977 -0.562219 0.412133
Y 0.161339 0.708995 0.686510
Z -0.678169 -0.425719 0.599041

PART 16
OFFSET 21.556923 -1.314211 -6.047567
SCALE 1.000000 1.000000 1.000000
X 0.716977 -0.562219 0.412133
Y 0.161339 0.708995 0.686510
Z -0.678169 -0.425719 0.599041

PART 17
OFFSET 23.438810 -1.062487 -4.981420
SCALE 1.000000 1.000000 1.000000
X 0.934516 -0.265312 0.237256
Y -0.321338 -0.342289 0.882938
Z -0.153044 -0.901359 -0.405129

PART 18
OFFSET 21.237577 0.743940 -6.104476
SCALE 1.000000 1.000000 1.000000
X 0.757848 -0.544625 0.359235
Y -0.324250 0.163390 0.931754
Z -0.566152 -0.822610 -0.052769

PART 19
OFFSET 10.916215 -6.036940 -3.486177
SCALE 1.000000 1.000000 1.000000
X -0.872557 -0.180406 -0.453980
Y -0.112096 0.978456 -0.173376
Z 0.475477 -0.100391 -0.873981

PART 20
OFFSET 10.582978 -4.737248 -3.592254
SCALE 1.000000 1.000000 1.000000
X -0.872557 -0.180406 -0.453980
Y -0.112096 0.978456 -0.173376
Z 0.475477 -0.100391 -0.873981

PART 21
OFFSET 10.646510 -4.324539 -4.715353
SCALE 1.000000 1.000000 1.000000
X -0.872557 -0.180406 -0.453980
Y -0.112096 0.978456 -0.173376
Z 0.475477 -0.100391 -0.873981

PART 22
OFFSET 12.571856 -5.149852 -4.271961
SCALE 1.000000 1.000000 1.000000
X -0.997719 -0.028770 -0.061070
Y 0.067478 -0.451827 -0.889550
Z -0.002001 -0.891642 0.452737

PART 23
OFFSET 9.876435 -5.825151 -5.774547
SCALE 1.000000 1.000000 1.000000
X -0.877308 -0.180351 -0.444751
Y 0.443130 0.051460 -0.894979
Z 0.184297 -0.982255 0.034773

PART 24
OFFSET 16.913413 -3.470890 -0.467623
SCALE 1.000000 1.000000 1.000000
X 0.999933 0.000000 0.011596
Y -0.000000 1.000000 0.000000
Z -0.011596 -0.000000 0.999933

PART 25
OFFSET 20.816432 -3.615372 -0.971161
SCALE 1.000000 1.000000 1.000000
X 0.999933 0.000000 0.011596
Y 0.006595 0.822561 -0.568638
Z -0.009539 0.568676 0.822506

PART 26
OFFSET 35.968484 -3.470944 -0.842308
SCALE 1.000000 1.000000 1.000000
X 0.999933 0.000000 0.011596
Y -0.000000 1.000000 0.000000
Z -0.011596 -0.000000 0.999933

PART 27
OFFSET 20.174547 -3.470944 -4.013436
SCALE 1.000000 1.000000 1.000000
X 0.999933 0.000000 0.011596
Y -0.000000 1.000000 0.000000
Z -0.011596 -0.000000 0.999933

PART 28
OFFSET 26.894971 -2.031075 -3.288362
SCALE 1.000000 1.000000 1.000000
X 0.847409 -0.530781 0.013019
Y -0.527334 -0.844253 -0.095684
Z 0.061779 0.074218 -0.995327

PART 29
OFFSET 27.139985 -1.786750 -4.332873
SCALE 1.000000 1.000000 1.000000
X 0.571237 -0.777143 0.264078
Y -0.792464 -0.605989 -0.069129
Z 0.213752 -0.169783 -0.962021

PART 30
OFFSET 24.611839 -1.095305 -5.799181
SCALE 1.000000 1.000000 1.000000
X 0.817538 -0.553181 -0.160071
Y -0.567726 -0.727616 -0.385048
Z 0.096531 0.405668 -0.908909

PART 31
OFFSET 24.559804 -1.235952 -5.117752
SCALE 1.000000 1.000000 1.000000
X 0.931080 -0.362330 -0.042505
Y -0.339792 -0.818902 -0.462538
Z 0.132784 0.445103 -0.885580

PART 32
OFFSET 23.611402 -1.878342 -4.295457
SCALE 1.000000 1.000000 1.000000
X 0.334638 -0.778310 0.531273
Y -0.894674 -0.085357 0.438488
Z -0.295932 -0.622051 -0.724898

PART 33
OFFSET 25.727400 -2.906974 -3.065287
SCALE 1.000000 1.000000 1.000000
X 0.898872 -0.434063 -0.060152
Y 0.405288 0.771266 0.490805
Z -0.166647 -0.465550 0.869190

PART 34
OFFSET 25.912407 -2.970890 -5.431379
SCALE 1.000000 1.000000 1.000000
X -0.031379 0.414242 -0.909626
Y 0.153088 0.901328 0.405182
Z 0.987714 -0.126538 -0.091698

PART 35
OFFSET 16.402075 -5.030380 -3.216171
SCALE 1.000000 1.000000 1.000000
X -0.972463 -0.208121 0.104887
Y 0.230773 -0.922754 0.308655
Z 0.032547 0.324361 0.945373

PART 36
OFFSET 16.437994 -5.335342 -4.275642
SCALE 1.000000 1.000000 1.000000
X -0.351525 -0.913900 0.203021
Y 0.933341 -0.358991 0.000056
Z 0.072832 0.189507 0.979174

PART 37
OFFSET 13.460332 -5.430547 -5.280824
SCALE 1.000000 1.000000 1.000000
X -0.945301 -0.145048 0.292177
Y 0.246672 -0.903952 0.349318
Z 0.213446 0.402283 0.890286

PART 38
OFFSET 13.648881 -5.249033 -4.610087
SCALE 1.000000 1.000000 1.000000
X -0.979440 -0.042478 0.197213
Y 0.131916 -0.874471 0.466796
Z 0.152628 0.483214 0.862096

PART 39
OFFSET 12.971418 -4.366875 -3.662137
SCALE 1.000000 1.000000 1.000000
X -0.615303 -0.726386 -0.306211
Y 0.630878 -0.220854 -0.743786
Z 0.472648 -0.650835 0.594153

PART 40
OFFSET 8.361375 -5.365445 -3.531244
SCALE 1.000000 1.000000 1.000000
X -0.952359 -0.187617 0.240441
Y -0.285353 0.826422 -0.485386
Z -0.107639 -0.530873 -0.840588

PART 41
OFFSET 28.318225 -3.070664 -3.256105
SCALE 1.000000 1.000000 1.000000
X -0.109442 -0.971428 0.210593
Y -0.985980 0.079247 -0.146847
Z 0.125963 -0.223712 -0.966481

PART 42
OFFSET 28.238842 -3.330965 -3.810165
SCALE 1.000000 1.000000 1.000000
X -0.465476 -0.873444 0.142930
Y -0.877707 0.476323 0.052407
Z -0.113856 -0.101056 -0.988344

PART 43
OFFSET 26.432704 -2.388669 -6.138511
SCALE 1.000000 1.000000 1.000000
X 0.488049 -0.780882 0.389911
Y -0.872365 -0.422059 0.246669
Z -0.028055 -0.460532 -0.887200

PART 44
OFFSET 27.006279 -2.100749 -5.356950
SCALE 1.000000 1.000000 1.000000
X 0.517971 -0.797159 0.310233
Y -0.849122 -0.435310 0.299160
Z -0.103431 -0.418382 -0.902363

PART 45
OFFSET 24.291172 -3.658900 -3.119759
SCALE 1.000000 1.000000 1.000000
X 0.849744 -0.379617 0.365822
Y -0.526766 -0.583391 0.618201
Z -0.021262 -0.718015 -0.695703

PART 46
OFFSET 18.108207 -4.613948 -3.400931
SCALE 1.000000 1.000000 1.000000
X -0.400184 -0.916382 0.009877
Y 0.903250 -0.392582 0.173258
Z -0.154893 0.078256 0.984827

PART 47
OFFSET 17.123596 -3.547404 -4.671952
SCALE 1.000000 1.000000 1.000000
X 0.496717 -0.863487 0.087535
Y 0.774887 0.395788 -0.492852
Z 0.390925 0.312638 0.865699

PART 48
OFFSET 15.720620 -5.121197 -5.779930
SCALE 1.000000 1.000000 1.000000
X -0.320496 -0.893574 0.314336
Y 0.914150 -0.378726 -0.144554
Z 0.248217 0.241021 0.938241

PART 49
OFFSET 16.173717 -5.191892 -5.257175
SCALE 1.000000 1.000000 1.000000
X -0.304337 -0.937112 0.170881
Y 0.894174 -0.342888 -0.287888
Z 0.328377 0.065183 0.942295

PART 50
OFFSET 14.253859 -2.708538 -2.961892
SCALE 1.000000 1.000000 1.000000
X -0.921889 -0.383307 0.056545
Y 0.221568 -0.641264 -0.734635
Z 0.317851 -0.664723 0.676102

PART 51
OFFSET 28.042115 -4.197389 -2.907368
SCALE 1.000000 1.000000 1.000000
X -0.624130 -0.733693 0.268620
Y -0.779221 0.559323 -0.282793
Z 0.057238 -0.385814 -0.920799

PART 52
OFFSET 27.411835 -4.522658 -3.617981
SCALE 1.000000 1.000000 1.000000
X -0.985176 0.165281 0.045945
Y 0.163310 0.985602 -0.043803
Z -0.052524 -0.035651 -0.997983

PART 53
OFFSET 27.126451 -3.508671 -5.576748
SCALE 1.000000 1.000000 1.000000
X -0.485205 -0.659991 0.573575
Y -0.872836 0.326353 -0.362838
Z 0.052282 -0.676687 -0.734412

PART 54
OFFSET 27.892610 -3.516623 -4.803491
SCALE 1.000000 1.000000 1.000000
X -0.681578 -0.603287 0.414121
Y -0.723677 0.639544 -0.259377
Z -0.108370 -0.476475 -0.872484

PART 55
OFFSET 25.758027 -4.134034 -2.779120
SCALE 1.000000 1.000000 1.000000
X 0.992314 -0.050311 -0.113057
Y 0.055314 -0.636931 0.768934
Z -0.110696 -0.769277 -0.629253

PART 56
OFFSET 18.292297 -3.451440 -3.330543
SCALE 1.000000 1.000000 1.000000
X 0.452656 -0.889768 -0.058432
Y 0.883130 0.438294 0.167272
Z -0.123224 -0.127320 0.984178

PART 57
OFFSET 16.226362 -2.404462 -4.717507
SCALE 1.000000 1.000000 1.000000
X 0.879366 0.240262 -0.411084
Y -0.365979 0.893346 -0.260754
Z 0.304591 0.379746 0.873508

PART 58
OFFSET 16.156028 -3.921000 -6.209729
SCALE 1.000000 1.000000 1.000000
X 0.144087 -0.988699 0.041387
Y 0.976019 0.135094 -0.170695
Z 0.163175 0.064990 0.984454

PART 59
OFFSET 16.670752 -3.715814 -5.545170
SCALE 1.000000 1.000000 1.000000
X 0.299457 -0.953378 -0.037352
Y 0.876263 0.290302 -0.384562
Z 0.377476 0.082429 0.922343

PART 60
OFFSET 15.684340 -2.327713 -3.344797
SCALE 1.000000 1.000000 1.000000
X -0.781496 0.149370 0.605766
Y -0.573807 -0.553288 -0.603836
Z 0.244969 -0.819488 0.518102

PART 61
OFFSET 27.337203 -5.026118 -2.603951
SCALE 1.000000 1.000000 1.000000
X 0.922508 -0.374880 -0.091889
Y 0.349076 0.911906 -0.215808
Z 0.164697 0.167009 0.972102

PART 62
OFFSET 26.295562 -4.336412 -3.572980
SCALE 1.000000 1.000000 1.000000
X 0.654571 -0.753553 0.060776
Y 0.753355 0.643449 -0.135756
Z 0.063193 0.134648 0.988876

PART 63
OFFSET 26.730178 -4.062985 -5.096313
SCALE 1.000000 1.000000 1.000000
X -0.940061 -0.187188 0.285036
Y -0.336467 0.645081 -0.686047
Z -0.055451 -0.740831 -0.669399

PART 64
OFFSET 26.952022 -4.356470 -4.229094
SCALE 1.000000 1.000000 1.000000
X -0.998188 0.008073 0.059635
Y -0.017780 0.907159 -0.420413
Z -0.057492 -0.420711 -0.905371

PART 65
OFFSET 26.826998 -4.234509 -2.917103
SCALE 1.000000 1.000000 1.000000
X 0.815018 0.325721 0.479220
Y -0.505490 0.803960 0.313253
Z -0.283241 -0.497548 0.819890

PART 66
OFFSET 17.781077 -2.446464 -3.264516
SCALE 1.000000 1.000000 1.000000
X -0.979102 -0.141953 0.145630
Y -0.147190 0.988772 -0.025785
Z -0.140335 -0.046681 -0.989003

PART 67
OFFSET 15.228006 -2.678659 -4.258260
SCALE 1.000000 1.000000 1.000000
X -0.461240 -0.780450 0.422084
Y -0.821691 0.555213 0.128692
Z -0.334784 -0.287465 -0.897376

PART 68
OFFSET 16.034706 -3.069213 -6.250322
SCALE 1.000000 1.000000 1.000000
X 0.799902 -0.531135 -0.279377
Y 0.531594 0.843130 -0.080869
Z 0.278504 -0.083828 0.956770

PART 69
OFFSET 16.095794 -2.494691 -5.393100
SCALE 1.000000 1.000000 1.000000
X 0.919372 0.150804 -0.363336
Y -0.168060 0.985644 -0.016158
Z 0.355683 0.075918 0.931518

PART 70
OFFSET 16.528038 -2.442352 -4.013321
SCALE 1.000000 1.000000 1.000000
X -0.852510 0.522614 -0.010085
Y 0.436863 0.701770 -0.562734
Z -0.287016 -0.484142 -0.826577

PART 71
OFFSET 25.837096 -4.240819 -4.825521
SCALE 1.000000 1.000000 1.000000
X 0.938180 -0.153791 0.310106
Y 0.343988 0.514126 -0.785714
Z -0.038598 0.843814 0.535246

PART 72
OFFSET 25.869528 -4.347750 -4.164413
SCALE 1.000000 1.000000 1.000000
X 0.824724 -0.547286 0.142509
Y 0.560018 0.755209 -0.340645
Z 0.078806 0.360745 0.929329

PART 73
OFFSET 15.274767 -2.564616 -5.984917
SCALE 1.000000 1.000000 1.000000
X -0.985950 -0.110760 0.125037
Y -0.078371 0.967778 0.239299
Z -0.147512 0.226137 -0.962861

PART 74
OFFSET 15.098709 -2.658187 -4.999032
SCALE 1.000000 1.000000 1.000000
X -0.637993 -0.682299 0.356978
Y -0.679300 0.717006 0.156379
Z -0.362653 -0.142727 -0.920930

FRAME 2
PART 0
OFFSET 0.000000 0.000000 0.000000
SCALE 1.000000 1.000000 1.000000
X 1.000000 0.000000 0.000000
Y 0.000000 1.000000 0.000000
Z 0.000000 0.000000 1.000000

PART 1
OFFSET 0.000000 0.000000 0.000000
SCALE 1.000000 1.000000 1.000000
X 1.000000 0.000000 0.000000
Y 0.000000 1.000000 0.000000
Z 0.000000 0.000000 1.000000

PART 2
OFFSET 1.540551 0.000000 4.135826
SCALE 1.000000 1.000000 1.000000
X 1.000000 0.000000 0.000000
Y 0.000000 1.000000 0.000000
Z 0.000000 0.000000 1.000000

PART 3
OFFSET -4.631835 0.000000 -1.376957
SCALE 1.000000 1.000000 1.000000
X 1.000000 0.000000 0.000000
Y 0.000000 1.000000 0.000000
Z 0.000000 0.000000 1.000000

PART 4
OFFSET 0.000000 0.000000 0.000000
SCALE 1.000000 1.000000 1.000000
X 1.000000 0.000000 0.000000
Y 0.000000 1.000000 0.000000
Z 0.000000 0.000000 1.000000

PART 5
OFFSET 4.173549 2.259665 -4.809147
SCALE 1.000000 1.000000 1.000000
X 0.904878 0.203899 -0.373659
Y 0.100026 -0.955084 -0.278943
Z -0.413752 0.215034 -0.884630

PART 6
OFFSET -4.940365 -5.262805 0.626227
SCALE 1.000000 1.000000 1.000000
X -0.635892 0.130314 0.760697
Y -0.369099 -0.916966 -0.151457
Z 0.677796 -0.377083 0.631190

PART 7
OFFSET 16.010230 -3.470944 -4.458329
SCALE 1.000000 1.000000 1.000000
X 0.999992 0.000000 0.003891
Y -0.000000 1.000000 0.000000
Z -0.003891 -0.000000 0.999992

PART 8
OFFSET 13.908927 18.076323 -17.331985
SCALE 1.000000 1.000000 1.000000
X 0.998737 0.041892 -0.027740
Y 0.021387 0.145113 0.989184
Z 0.045465 -0.988528 0.144033

PART 9
OFFSET 15.156309 4.780550 -9.368198
SCALE 1.000000 1.000000 1.000000
X 0.771548 -0.512207 0.377304
Y -0.622084 -0.483329 0.615958
Z -0.133137 -0.709956 -0.691547

PART 10
OFFSET 2.858289 -7.055822 -9.087948
SCALE 1.000000 1.000000 1.000000
X -0.897037 -0.158973 -0.412373
Y 0.432872 -0.127840 -0.892345
Z 0.089141 -0.978971 0.183492

PART 11
OFFSET 16.010230 -3.470944 -4.458329
SCALE 1.000000 1.000000 1.000000
X 0.999992 0.000000 0.003891
Y -0.000000 1.000000 0.000000
Z -0.003891 -0.000000 0.999992

PART 12
OFFSET 23.572765 0.855660 -5.662412
SCALE 1.000000 1.000000 1.000000
X 0.775610 -0.507377 0.375496
Y 0.139880 0.718248 0.681581
Z -0.615518 -0.476117 0.628053

PART 13
OFFSET 23.184942 -0.007081 -7.054868
SCALE 1.000000 1.000000 1.000000
X 0.775610 -0.507377 0.375496
Y 0.139880 0.718248 0.681581
Z -0.615518 -0.476117 0.628053

PART 14
OFFSET 22.383373 -0.718980 -3.976578
SCALE 1.000000 1.000000 1.000000
X 0.775610 -0.507377 0.375496
Y 0.139880 0.718248 0.681581
Z -0.615518 -0.476117 0.628053

PART 15
OFFSET 21.995898 -1.712824 -4.797331
SCALE 1.000000 1.000000 1.000000
X 0.775610 -0.507377 0.375496
Y 0.139880 0.718248 0.681581
Z -0.615518 -0.476117 0.628053

PART 16
OFFSET 22.215708 -1.482808 -5.952519
SCALE 1.000000 1.000000 1.000000
X 0.775610 -0.507377 0.375496
Y 0.139880 0.718248 0.681581
Z -0.615518 -0.476117 0.628053

PART 17
OFFSET 24.129866 -1.063636 -4.989912
SCALE 1.000000 1.000000 1.000000
X 0.935979 -0.265517 0.231179
Y -0.315719 -0.342500 0.884881
Z -0.155772 -0.901218 -0.404402

PART 18
OFFSET 21.740883 0.545668 -5.984658
SCALE 1.000000 1.000000 1.000000
X 0.812520 -0.486703 0.320829
Y -0.291453 0.137463 0.946657
Z -0.504843 -0.862684 -0.030160

PART 19
OFFSET 11.639881 -5.978360 -3.320252
SCALE 1.000000 1.000000 1.000000
X -0.899847 -0.155544 -0.407531
Y -0.092824 0.981146 -0.169519
Z 0.426215 -0.114712 -0.897319

PART 20
OFFSET 11.339042 -4.669691 -3.411778
SCALE 1.000000 1.000000 1.000000
X -0.899847 -0.155544 -0.407531
Y -0.092824 0.981146 -0.169519
Z 0.426215 -0.114712 -0.897319

PART 21
OFFSET 11.355801 -4.259841 -4.537592
SCALE 1.000000 1.000000 1.000000
X -0.899847 -0.155544 -0.407531
Y -0.092824 0.981146 -0.169519
Z 0.426215 -0.114712 -0.897319

PART 22
OFFSET 13.268727 -5.151105 -4.210237
SCALE 1.000000 1.000000 1.000000
X -0.998115 -0.028476 -0.054360
Y 0.061361 -0.451120 -0.890351
Z 0.000830 -0.892009 0.452017

PART 23
OFFSET 10.488794 -5.738170 -5.552041
SCALE 1.000000 1.000000 1.000000
X -0.904057 -0.155363 -0.398175
Y 0.397503 0.036733 -0.916865
Z 0.157073 -0.987174 0.028548

PART 24
OFFSET 15.568443 -3.470890 -0.443343
SCALE 1.000000 1.000000 1.000000
X 0.999992 0.000000 0.003891
Y -0.000000 1.000000 0.000000
Z -0.003891 -0.000000 0.999992

PART 25
OFFSET 21.538964 -3.615372 -0.968904
SCALE 1.000000 1.000000 1.000000
X 0.999992 0.000000 0.003891
Y 0.002213 0.822561 -0.568672
Z -0.003201 0.568676 0.822555

PART 26
OFFSET 36.691559 -3.470944 -0.956810
SCALE 1.000000 1.000000 1.000000
X 0.999992 0.000000 0.003891
Y -0.000000 1.000000 0.000000
Z -0.003891 -0.000000 0.999992

PART 27
OFFSET 20.873655 -3.470944 -4.006143
SCALE 1.000000 1.000000 1.000000
X 0.999992 0.000000 0.003891
Y -0.000000 1.000000 0.000000
Z -0.003891 -0.000000 0.999992

PART 28
OFFSET 27.596673 -2.033222 -3.319340
SCALE 1.000000 1.000000 1.000000
X 0.847397 -0.530908 0.007429
Y -0.528061 -0.844149 -0.092545
Z 0.055404 0.074500 -0.995681

PART 29
OFFSET 27.835018 -1.788627 -4.365330
SCALE 1.000000 1.000000 1.000000
X 0.572805 -0.777303 0.260182
Y -0.792980 -0.605854 -0.064221
Z 0.207552 -0.169533 -0.963421

PART 30
OFFSET 25.297621 -1.096385 -5.815190
SCALE 1.000000 1.000000 1.000000
X 0.816413 -0.553253 -0.165472
Y -0.570292 -0.727421 -0.381610
Z 0.090759 0.405919 -0.909391

PART 31
OFFSET 25.249937 -1.237224 -5.133482
SCALE 1.000000 1.000000 1.000000
X 0.930735 -0.362453 -0.048582
Y -0.342872 -0.818717 -0.460587
Z 0.127166 0.445342 -0.886284

PART 32
OFFSET 24.306734 -1.879717 -4.305308
SCALE 1.000000 1.000000 1.000000
X 0.337924 -0.778514 0.528889
Y -0.891856 -0.085355 0.444193
Z -0.300667 -0.621796 -0.723166

PART 33
OFFSET 26.430427 -2.909016 -3.089036
SCALE 1.000000 1.000000 1.000000
X 0.898404 -0.434177 -0.066043
Y 0.408541 0.771064 0.488420
Z -0.161137 -0.465780 0.870106

PART 34
OFFSET 26.600244 -2.972268 -5.456284
SCALE 1.000000 1.000000 1.000000
X -0.037152 0.414512 -0.909285
Y 0.155817 0.901187 0.404454
Z 0.987087 -0.126655 -0.098069

PART 35
OFFSET 17.106013 -5.033431 -3.180221
SCALE 1.000000 1.000000 1.000000
X -0.971785 -0.207968 0.111278
Y 0.232619 -0.923062 0.306342
Z 0.039007 0.323584 0.945395

PART 36
OFFSET 17.134706 -5.337541 -4.240158
SCALE 1.000000 1.000000 1.000000
X -0.350377 -0.913978 0.204647
Y 0.933230 -0.359220 -0.006534
Z 0.079485 0.188693 0.978814

PART 37
OFFSET 14.150305 -5.431198 -5.225301
SCALE 1.000000 1.000000 1.000000
X -0.943344 -0.145053 0.298432
Y 0.248797 -0.904297 0.346912
Z 0.219550 0.401506 0.889152

PART 38
OFFSET 14.343421 -5.250275 -4.555703
SCALE 1.000000 1.000000 1.000000
X -0.978098 -0.042398 0.203783
Y 0.134844 -0.874883 0.465185
Z 0.158563 0.482475 0.861438

PART 39
OFFSET 13.672591 -4.368722 -3.602488
SCALE 1.000000 1.000000 1.000000
X -0.617537 -0.725986 -0.302642
Y 0.625789 -0.220404 -0.748205
Z 0.476483 -0.651434 0.590422

PART 40
OFFSET 9.063286 -5.366268 -3.441301
SCALE 1.000000 1.000000 1.000000
X -0.950762 -0.187579 0.246710
Y -0.288414 0.826887 -0.482779
Z -0.113442 -0.530162 -0.840273

PART 41
OFFSET 29.019952 -3.073027 -3.296516
SCALE 1.000000 1.000000 1.000000
X -0.108232 -0.971474 0.211008
Y -0.986890 0.079433 -0.140497
Z 0.119728 -0.223448 -0.967335

PART 42
OFFSET 28.936978 -3.333155 -3.850131
SCALE 1.000000 1.000000 1.000000
X -0.464678 -0.873418 0.145658
Y -0.877283 0.476436 0.058175
Z -0.120208 -0.100751 -0.987623

PART 43
OFFSET 27.116081 -2.389916 -6.166569
SCALE 1.000000 1.000000 1.000000
X 0.490425 -0.781067 0.386545
Y -0.870827 -0.422004 0.252137
Z -0.033813 -0.460268 -0.887136

PART 44
OFFSET 27.694700 -2.102307 -5.388620
SCALE 1.000000 1.000000 1.000000
X 0.519833 -0.797324 0.306672
Y -0.847250 -0.435274 0.304474
Z -0.109278 -0.418103 -0.901803

PART 45
OFFSET 24.993770 -3.660717 -3.134513
SCALE 1.000000 1.000000 1.000000
X 0.852017 -0.379847 0.360253
Y -0.522876 -0.583495 0.621397
Z -0.025830 -0.717809 -0.695761

PART 46
OFFSET 18.810965 -4.617268 -3.376150
SCALE 1.000000 1.000000 1.000000
X -0.400338 -0.916291 0.011830
Y 0.904299 -0.392945 0.166844
Z -0.148229 0.077492 0.985912

PART 47
OFFSET 17.818066 -3.549449 -4.639634
SCALE 1.000000 1.000000 1.000000
X 0.497080 -0.863680 0.083481
Y 0.771643 0.395998 -0.497748
Z 0.396837 0.311838 0.863295

PART 48
OFFSET 16.407251 -5.121996 -5.739396
SCALE 1.000000 1.000000 1.000000
X -0.318592 -0.893751 0.315767
Y 0.913059 -0.378833 -0.151027
Z 0.254603 0.240197 0.936740

PART 49
OFFSET 16.863848 -5.193228 -5.219769
SCALE 1.000000 1.000000 1.000000
X -0.303412 -0.937176 0.172171
Y 0.892125 -0.342874 -0.294194
Z 0.334744 0.064336 0.940110

PART 50
OFFSET 14.960144 -2.711270 -2.909568
SCALE 1.000000 1.000000 1.000000
X -0.921582 -0.383126 0.062453
Y 0.216445 -0.640721 -0.736633
Z 0.322239 -0.665350 0.673402

PART 51
OFFSET 28.745918 -4.199814 -2.946343
SCALE 1.000000 1.000000 1.000000
X -0.622502 -0.733680 0.272404
Y -0.780937 0.559519 -0.277626
Z 0.051274 -0.385553 -0.921260

PART 52
OFFSET 28.111045 -4.524783 -3.652993
SCALE 1.000000 1.000000 1.000000
X -0.984836 0.165411 0.052312
Y 0.163171 0.985591 -0.044563
Z -0.058929 -0.035351 -0.997636

PART 53
OFFSET 27.813252 -3.510182 -5.609594
SCALE 1.000000 1.000000 1.000000
X -0.481613 -0.660088 0.576483
Y -0.875097 0.326586 -0.357137
Z 0.047471 -0.676480 -0.734929

PART 54
OFFSET 28.584354 -3.518472 -4.841269
SCALE 1.000000 1.000000 1.000000
X -0.678996 -0.603309 0.418308
Y -0.725231 0.639725 -0.254543
Z -0.114034 -0.476204 -0.871909

PART 55
OFFSET 26.462709 -4.136164 -2.803428
SCALE 1.000000 1.000000 1.000000
X 0.991561 -0.050422 -0.119435
Y 0.060151 -0.637164 0.768378
Z -0.114843 -0.769077 -0.628754

PART 56
OFFSET 18.995816 -3.454863 -3.306060
SCALE 1.000000 1.000000 1.000000
X 0.452029 -0.889832 -0.062205
Y 0.884347 0.437941 0.161672
Z -0.116619 -0.128092 0.984882

PART 57
OFFSET 16.920832 -2.406251 -4.678206
SCALE 1.000000 1.000000 1.000000
X 0.876632 0.240380 -0.416814
Y -0.367506 0.893647 -0.257554
Z 0.310574 0.378961 0.871741

PART 58
OFFSET 16.840050 -3.921558 -6.171150
SCALE 1.000000 1.000000 1.000000
X 0.144115 -0.988768 0.039612
Y 0.974879 0.134993 -0.177168
Z 0.169830 0.064149 0.983383

PART 59
OFFSET 17.359298 -3.717038 -5.509913
SCALE 1.000000 1.000000 1.000000
X 0.298959 -0.953421 -0.040146
Y 0.873721 0.290399 -0.390230
Z 0.383712 0.081586 0.919842

PART 60
OFFSET 16.388105 -2.330485 -3.301808
SCALE 1.000000 1.000000 1.000000
X -0.777353 0.149069 0.611147
Y -0.578007 -0.552656 -0.600399
Z 0.248253 -0.819969 0.515772

PART 61
OFFSET 28.042844 -5.028529 -2.638653
SCALE 1.000000 1.000000 1.000000
X 0.921844 -0.374988 -0.097914
Y 0.347819 0.911918 -0.217777
Z 0.170953 0.166701 0.971075

PART 62
OFFSET 26.995111 -4.338388 -3.600779
SCALE 1.000000 1.000000 1.000000
X 0.654837 -0.753666 0.056356
Y 0.752563 0.643379 -0.140398
Z 0.069555 0.134350 0.988490

PART 63
OFFSET 27.419987 -4.064579 -5.126789
SCALE 1.000000 1.000000 1.000000
X -0.938241 -0.187135 0.291005
Y -0.340766 0.645331 -0.683686
Z -0.059853 -0.740627 -0.669245

PART 64
OFFSET 27.647346 -4.358350 -4.261096
SCALE 1.000000 1.000000 1.000000
X -0.997783 0.008201 0.066039
Y -0.020343 0.907284 -0.420026
Z -0.063361 -0.420438 -0.905106

PART 65
OFFSET 27.530759 -4.236755 -2.948295
SCALE 1.000000 1.000000 1.000000
X 0.818123 0.325462 0.474078
Y -0.503352 0.803942 0.316723
Z -0.278050 -0.497746 0.821545

PART 66
OFFSET 18.485306 -2.449816 -3.235771
SCALE 1.000000 1.000000 1.000000
X -0.978134 -0.141831 0.152111
Y -0.147112 0.988829 -0.023988
Z -0.147010 -0.045841 -0.988072

PART 67
OFFSET 15.925529 -2.680576 -4.212455
SCALE 1.000000 1.000000 1.000000
X -0.458577 -0.780680 0.424553
Y -0.820665 0.555310 0.134685
Z -0.340904 -0.286653 -0.895329

PART 68
OFFSET 16.718670 -3.069708 -6.210232
SCALE 1.000000 1.000000 1.000000
X 0.797866 -0.531104 -0.285200
Y 0.531247 0.843065 -0.083770
Z 0.284933 -0.084674 0.954800

PART 69
OFFSET 16.785686 -2.495898 -5.352976
SCALE 1.000000 1.000000 1.000000
X 0.916938 0.150873 -0.369409
Y -0.167918 0.985698 -0.014224
Z 0.361980 0.075073 0.929158

PART 70
OFFSET 17.227243 -2.444787 -3.976103
SCALE 1.000000 1.000000 1.000000
X -0.852427 0.522831 -0.003908
Y 0.433232 0.702120 -0.565099
Z -0.292708 -0.483399 -0.825014

PART 71
OFFSET 26.528635 -4.242362 -4.850325
SCALE 1.000000 1.000000 1.000000
X 0.940128 -0.154018 0.304037
Y 0.339017 0.514306 -0.787754
Z -0.035040 0.843663 0.535728

PART 72
OFFSET 26.565290 -4.349492 -4.189471
SCALE 1.000000 1.000000 1.000000
X 0.825540 -0.547447 0.137057
Y 0.557933 0.755227 -0.344010
Z 0.084818 0.360462 0.928909

PART 73
OFFSET 15.960666 -2.565141 -5.939295
SCALE 1.000000 1.000000 1.000000
X -0.985112 -0.110620 0.131597
Y -0.076512 0.967602 0.240607
Z -0.153950 0.226956 -0.961660

PART 74
OFFSET 15.791241 -2.659470 -4.952321
