// Export time: Wed Jun 08 05:17:56 2022

ANIMATION
VERSION 3

NUMPARTS 75
PART 0 "tag_torso"
PART 1 "j_shoulder_le"
PART 2 "j_shoulder_ri"
PART 3 "tag_weapon"
PART 4 "tag_weapon1"
PART 5 "j_elbow_le"
PART 6 "j_elbow_ri"
PART 7 "j_gun"
PART 8 "j_sleave_reshape_bottom_le_1"
PART 9 "j_sleave_reshape_bottom_le_2"
PART 10 "j_sleave_reshape_top_le_1"
PART 11 "j_sleave_reshape_top_le_2"
PART 12 "j_sleave_reshape_top_le_3"
PART 13 "j_wrist_le"
PART 14 "j_wristtwist_le"
PART 15 "j_sleave_reshape_top_ri_1"
PART 16 "j_sleave_reshape_top_ri_2"
PART 17 "j_sleave_reshape_top_ri_3"
PART 18 "j_wrist_ri"
PART 19 "j_wristtwist_ri"
PART 20 "tag_bolt_animate"
PART 21 "tag_brass"
PART 22 "tag_flash"
PART 23 "tag_clip"
PART 24 "j_index_le_0"
PART 25 "j_mid_le_0"
PART 26 "j_pinkypalm_le"
PART 27 "j_ringpalm_le"
PART 28 "j_thumb_le_0"
PART 29 "j_webbing_le"
PART 30 "tag_knife_attach"
PART 31 "j_index_ri_0"
PART 32 "j_mid_ri_0"
PART 33 "j_pinkypalm_ri"
PART 34 "j_ringpalm_ri"
PART 35 "j_thumb_ri_0"
PART 36 "j_webbing_ri"
PART 37 "j_index_le_1"
PART 38 "j_mid_le_1"
PART 39 "j_pinky_le_0"
PART 40 "j_ring_le_0"
PART 41 "j_thumb_le_1"
PART 42 "j_index_ri_1"
PART 43 "j_mid_ri_1"
PART 44 "j_pinky_ri_0"
PART 45 "j_ring_ri_0"
PART 46 "j_thumb_ri_1"
PART 47 "j_index_le_2"
PART 48 "j_mid_le_2"
PART 49 "j_pinky_le_1"
PART 50 "j_ring_le_1"
PART 51 "j_thumb_le_2"
PART 52 "j_index_ri_2"
PART 53 "j_mid_ri_2"
PART 54 "j_pinky_ri_1"
PART 55 "j_ring_ri_1"
PART 56 "j_thumb_ri_2"
PART 57 "j_index_le_3"
PART 58 "j_mid_le_3"
PART 59 "j_pinky_le_2"
PART 60 "j_ring_le_2"
PART 61 "j_thumb_le_3"
PART 62 "j_index_ri_3"
PART 63 "j_mid_ri_3"
PART 64 "j_pinky_ri_2"
PART 65 "j_ring_ri_2"
PART 66 "j_thumb_ri_3"
PART 67 "j_pinky_le_3"
PART 68 "j_ring_le_3"
PART 69 "j_pinky_ri_3"
PART 70 "j_ring_ri_3"
PART 71 "tag_cambone"
PART 72 "tag_camera"
PART 73 "tag_gasmask"
PART 74 "tag_gasmask2"

FRAMERATE 30
NUMFRAMES 120
FRAME 0
PART 0
OFFSET 0.000000 0.000000 0.000000
SCALE 1.000000 1.000000 1.000000
X 1.000000 0.000000 0.000000
Y 0.000000 1.000000 0.000000
Z 0.000000 0.000000 1.000000

PART 1
OFFSET 4.139100 2.294026 -4.827522
SCALE 1.000000 1.000000 1.000000
X 0.911096 0.190663 -0.365448
Y 0.089586 -0.956991 -0.275939
Z -0.402341 0.218667 -0.888992

PART 2
OFFSET -4.979446 -5.274010 0.613938
SCALE 1.000000 1.000000 1.000000
X -0.645966 0.127982 0.752562
Y -0.368373 -0.915725 -0.160466
Z 0.668603 -0.380879 0.638672

PART 3
OFFSET 16.110468 -3.541676 -4.360429
SCALE 1.000000 1.000000 1.000000
X 1.000000 0.000000 0.000000
Y 0.000000 1.000000 0.000000
Z 0.000000 0.000000 1.000000

PART 4
OFFSET 13.908927 18.076323 -17.331985
SCALE 1.000000 1.000000 1.000000
X 0.998737 0.041892 -0.027740
Y 0.021387 0.145113 0.989184
Z 0.045465 -0.988528 0.144033

PART 5
OFFSET 15.166372 4.613173 -9.257342
SCALE 1.000000 1.000000 1.000000
X 0.779162 -0.504110 0.372532
Y -0.613197 -0.489759 0.619778
Z -0.129986 -0.711343 -0.690721

PART 6
OFFSET 2.936826 -7.025255 -8.972587
SCALE 1.000000 1.000000 1.000000
X -0.898579 -0.150691 -0.412127
Y 0.431150 -0.128446 -0.893091
Z 0.081644 -0.980201 0.180389

PART 7
OFFSET 16.110468 -3.541676 -4.360429
SCALE 1.000000 1.000000 1.000000
X 1.000000 0.000000 0.000000
Y 0.000000 1.000000 0.000000
Z 0.000000 0.000000 1.000000

PART 8
OFFSET 23.646013 0.776496 -5.603585
SCALE 1.000000 1.000000 1.000000
X 0.783163 -0.499238 0.370698
Y 0.136580 0.719705 0.680714
Z -0.606632 -0.482479 0.631832

PART 9
OFFSET 23.258630 -0.090318 -6.993633
SCALE 1.000000 1.000000 1.000000
X 0.783163 -0.499238 0.370698
Y 0.136580 0.719705 0.680714
Z -0.606632 -0.482479 0.631832

PART 10
OFFSET 22.483534 -0.810377 -3.910464
SCALE 1.000000 1.000000 1.000000
X 0.783163 -0.499238 0.370698
Y 0.136580 0.719705 0.680714
Z -0.606632 -0.482479 0.631832

PART 11
OFFSET 22.101393 -1.808253 -4.728823
SCALE 1.000000 1.000000 1.000000
X 0.783163 -0.499238 0.370698
Y 0.136580 0.719705 0.680714
Z -0.606632 -0.482479 0.631832

PART 12
OFFSET 22.311662 -1.576017 -5.885343
SCALE 1.000000 1.000000 1.000000
X 0.783163 -0.499238 0.370698
Y 0.136580 0.719705 0.680714
Z -0.606632 -0.482479 0.631832

PART 13
OFFSET 24.229475 -1.133259 -4.934705
SCALE 1.000000 1.000000 1.000000
X 0.937317 -0.265117 0.226162
Y -0.310841 -0.342709 0.886526
Z -0.157525 -0.901256 -0.403637

PART 14
OFFSET 21.815594 0.447354 -5.914407
SCALE 1.000000 1.000000 1.000000
X 0.819517 -0.478183 0.315806
Y -0.287027 0.134465 0.948438
Z -0.495992 -0.867906 -0.027055

PART 15
OFFSET 11.731146 -6.034224 -3.208788
SCALE 1.000000 1.000000 1.000000
X -0.901358 -0.147254 -0.407272
Y -0.085299 0.982361 -0.166406
Z 0.424592 -0.115252 -0.898019

PART 16
OFFSET 11.440457 -4.722970 -3.296018
SCALE 1.000000 1.000000 1.000000
X -0.901358 -0.147254 -0.407272
Y -0.085299 0.982361 -0.166406
Z 0.424592 -0.115252 -0.898019

PART 17
OFFSET 11.459518 -4.309775 -4.420572
SCALE 1.000000 1.000000 1.000000
X -0.901358 -0.147254 -0.407272
Y -0.085299 0.982361 -0.166406
Z 0.424592 -0.115252 -0.898019

PART 18
OFFSET 13.367687 -5.218949 -4.095634
SCALE 1.000000 1.000000 1.000000
X -0.998355 -0.028805 -0.049574
Y 0.057242 -0.451650 -0.890357
Z 0.003256 -0.891730 0.452555

PART 19
OFFSET 10.580142 -5.777210 -5.439452
SCALE 1.000000 1.000000 1.000000
X -0.905407 -0.147127 -0.398236
Y 0.397946 0.032693 -0.916826
Z 0.147909 -0.988577 0.028948

PART 20
OFFSET 15.684371 -3.541623 -0.343801
SCALE 1.000000 1.000000 1.000000
X 1.000000 0.000000 0.000000
Y 0.000000 1.000000 0.000000
Z 0.000000 0.000000 1.000000

PART 21
OFFSET 21.652737 -3.686105 -0.892542
SCALE 1.000000 1.000000 1.000000
X 1.000000 0.000000 -0.000000
Y -0.000000 0.822561 -0.568676
Z 0.000000 0.568676 0.822561

PART 22
OFFSET 36.805264 -3.541677 -0.939405
SCALE 1.000000 1.000000 1.000000
X 1.000000 0.000000 0.000000
Y 0.000000 1.000000 0.000000
Z 0.000000 0.000000 1.000000

PART 23
OFFSET 16.048573 -3.919081 -3.927300
SCALE 1.000000 1.000000 1.000000
X 1.000000 0.000000 0.000000
Y 0.000000 1.000000 0.000000
Z 0.000000 0.000000 1.000000

PART 24
OFFSET 27.705534 -2.101454 -3.282770
SCALE 1.000000 1.000000 1.000000
X 0.847661 -0.530530 0.002866
Y -0.528171 -0.844377 -0.089794
Z 0.050059 0.074601 -0.995956

PART 25
OFFSET 27.938188 -1.856668 -4.330002
SCALE 1.000000 1.000000 1.000000
X 0.574531 -0.777068 0.257061
Y -0.793041 -0.606202 -0.060038
Z 0.202485 -0.169366 -0.964528

PART 26
OFFSET 25.392823 -1.165417 -5.766215
SCALE 1.000000 1.000000 1.000000
X 0.815765 -0.552876 -0.169869
Y -0.571995 -0.727646 -0.378620
Z 0.085726 0.406030 -0.909830

PART 27
OFFSET 25.348832 -1.306340 -5.084282
SCALE 1.000000 1.000000 1.000000
X 0.930624 -0.362035 -0.053575
Y -0.344960 -0.818835 -0.458817
Z 0.122238 0.445467 -0.886914

PART 28
OFFSET 24.410348 -1.949326 -4.251120
SCALE 1.000000 1.000000 1.000000
X 0.341087 -0.778404 0.527017
Y -0.889436 -0.085787 0.448938
Z -0.304243 -0.621875 -0.721601

PART 29
OFFSET 26.540966 -2.977760 -3.046274
SCALE 1.000000 1.000000 1.000000
X 0.898232 -0.433771 -0.070869
Y 0.410797 0.771208 0.486295
Z -0.156286 -0.465919 0.870916

PART 30
OFFSET 26.698181 -3.040754 -5.414400
SCALE 1.000000 1.000000 1.000000
X -0.042187 0.414566 -0.909041
Y 0.157570 0.901225 0.403689
Z 0.986606 -0.126208 -0.103343

PART 31
OFFSET 17.209765 -5.099495 -3.084028
SCALE 1.000000 1.000000 1.000000
X -0.971180 -0.208187 0.116046
Y 0.234356 -0.922804 0.305794
Z 0.043425 0.324177 0.944999

PART 32
OFFSET 17.233501 -5.404261 -4.143912
SCALE 1.000000 1.000000 1.000000
X -0.349122 -0.913956 0.206879
Y 0.933296 -0.358947 -0.010771
Z 0.084103 0.189319 0.978307

PART 33
OFFSET 14.244496 -5.499421 -5.114735
SCALE 1.000000 1.000000 1.000000
X -0.941864 -0.145149 0.303023
Y 0.250721 -0.904009 0.346275
Z 0.223674 0.402118 0.887846

PART 34
OFFSET 14.440746 -5.318022 -4.446176
SCALE 1.000000 1.000000 1.000000
X -0.977100 -0.042562 0.208479
Y 0.137326 -0.874556 0.465073
Z 0.162532 0.483052 0.860374

PART 35
OFFSET 13.774202 -4.436060 -3.490296
SCALE 1.000000 1.000000 1.000000
X -0.618759 -0.726355 -0.299243
Y 0.622274 -0.220679 -0.751050
Z 0.479492 -0.650930 0.588539

PART 36
OFFSET 9.166031 -5.434884 -3.306486
SCALE 1.000000 1.000000 1.000000
X -0.949516 -0.187709 0.251364
Y -0.290964 0.826504 -0.481903
Z -0.117296 -0.530713 -0.839396

PART 37
OFFSET 29.129376 -3.140631 -3.267611
SCALE 1.000000 1.000000 1.000000
X -0.106673 -0.971538 0.211505
Y -0.987660 0.079004 -0.135224
Z 0.114666 -0.223320 -0.967977

PART 38
OFFSET 29.043562 -3.400740 -3.820814
SCALE 1.000000 1.000000 1.000000
X -0.463505 -0.873636 0.148065
Y -0.877172 0.476040 0.062892
Z -0.125429 -0.100728 -0.986976

PART 39
OFFSET 27.209956 -2.458103 -6.127407
SCALE 1.000000 1.000000 1.000000
X 0.492828 -0.780878 0.383861
Y -0.869282 -0.422411 0.256745
Z -0.038339 -0.460215 -0.886979

PART 40
OFFSET 27.792591 -2.170322 -5.352526
SCALE 1.000000 1.000000 1.000000
X 0.521816 -0.797116 0.303831
Y -0.845420 -0.435675 0.308955
Z -0.113901 -0.418082 -0.901240

PART 41
OFFSET 25.104410 -3.730103 -3.084167
SCALE 1.000000 1.000000 1.000000
X 0.854096 -0.379495 0.355673
Y -0.519294 -0.583776 0.624131
Z -0.029221 -0.717767 -0.695670

PART 42
OFFSET 18.918374 -4.721690 -3.288488
SCALE 1.000000 1.000000 1.000000
X -0.483838 -0.874889 0.021675
Y 0.864540 -0.473975 0.167090
Z -0.135912 0.099583 0.985703

PART 43
OFFSET 17.914403 -3.616208 -4.547744
SCALE 1.000000 1.000000 1.000000
X 0.497731 -0.863481 0.081636
Y 0.769138 0.395921 -0.501671
Z 0.400862 0.312487 0.861198

PART 44
OFFSET 16.498845 -5.189870 -5.639805
SCALE 1.000000 1.000000 1.000000
X -0.316813 -0.893651 0.317833
Y 0.912440 -0.378655 -0.155154
Z 0.259003 0.240849 0.935366

PART 45
OFFSET 16.957931 -5.260613 -5.122324
SCALE 1.000000 1.000000 1.000000
X -0.302306 -0.937160 0.174193
Y 0.890812 -0.342790 -0.298241
Z 0.339212 0.065013 0.938461

PART 46
OFFSET 15.064540 -2.777804 -2.804533
SCALE 1.000000 1.000000 1.000000
X -0.921159 -0.383361 0.067090
Y 0.213115 -0.641110 -0.737265
Z 0.325651 -0.664841 0.672264

PART 47
OFFSET 28.857713 -4.267566 -2.916070
SCALE 1.000000 1.000000 1.000000
X -0.620713 -0.733979 0.275663
Y -0.782656 0.559192 -0.273412
Z 0.046530 -0.385459 -0.921551

PART 48
OFFSET 28.219219 -4.592744 -3.619367
SCALE 1.000000 1.000000 1.000000
X -0.984617 0.164968 0.057577
Y 0.162491 0.985667 -0.045355
Z -0.064234 -0.035301 -0.997310

PART 49
OFFSET 27.910590 -3.578095 -5.574242
SCALE 1.000000 1.000000 1.000000
X -0.478237 -0.660347 0.578991
Y -0.877135 0.326223 -0.352438
Z 0.043851 -0.676402 -0.735226

PART 50
OFFSET 28.685786 -3.586129 -4.810045
SCALE 1.000000 1.000000 1.000000
X -0.676486 -0.603644 0.421876
Y -0.726864 0.639421 -0.250620
Z -0.118471 -0.476188 -0.871327

PART 51
OFFSET 26.575311 -4.204924 -2.760950
SCALE 1.000000 1.000000 1.000000
X 0.990932 -0.049971 -0.124726
Y 0.064533 -0.637196 0.767995
Z -0.117853 -0.769080 -0.628193

PART 52
OFFSET 19.258907 -3.580941 -3.234100
SCALE 1.000000 1.000000 1.000000
X 0.278906 -0.959146 -0.047438
Y 0.951009 0.269004 0.152379
Z -0.133392 -0.087614 0.987183

PART 53
OFFSET 17.016655 -2.473304 -4.582733
SCALE 1.000000 1.000000 1.000000
X 0.874559 0.240384 -0.421144
Y -0.368999 0.893380 -0.256344
Z 0.314621 0.379590 0.870015

PART 54
OFFSET 16.929218 -3.989567 -6.074360
SCALE 1.000000 1.000000 1.000000
X 0.144599 -0.988700 0.039530
Y 0.973981 0.135173 -0.181905
Z 0.174507 0.064804 0.982521

PART 55
OFFSET 17.451547 -3.784451 -5.415740
SCALE 1.000000 1.000000 1.000000
X 0.299049 -0.953357 -0.040988
Y 0.871760 0.290418 -0.394577
Z 0.388077 0.082266 0.917948

PART 56
OFFSET 16.490505 -2.396823 -3.203816
SCALE 1.000000 1.000000 1.000000
X -0.774470 0.149215 0.614762
Y -0.580703 -0.553197 -0.597292
Z 0.250959 -0.819578 0.515083

PART 57
OFFSET 28.156660 -5.096617 -2.604699
SCALE 1.000000 1.000000 1.000000
X 0.921476 -0.374569 -0.102859
Y 0.346246 0.912090 -0.219557
Z 0.176056 0.166702 0.970162

PART 58
OFFSET 27.103496 -4.406851 -3.561185
SCALE 1.000000 1.000000 1.000000
X 0.655463 -0.753379 0.052803
Y 0.751517 0.643726 -0.144360
Z 0.074767 0.134305 0.988115

PART 59
OFFSET 27.520149 -4.132708 -5.089382
SCALE 1.000000 1.000000 1.000000
X -0.936592 -0.187576 0.295991
Y -0.344695 0.645231 -0.681808
Z -0.063092 -0.740602 -0.668975

PART 60
OFFSET 27.752260 -4.426467 -4.224950
SCALE 1.000000 1.000000 1.000000
X -0.997420 0.007751 0.071361
Y -0.022987 0.907307 -0.419839
Z -0.068000 -0.420397 -0.904789

PART 61
OFFSET 27.642617 -4.305027 -2.911520
SCALE 1.000000 1.000000 1.000000
X 0.820495 0.325790 0.469733
Y -0.502014 0.803693 0.319467
Z -0.273442 -0.497934 0.822977

PART 62
OFFSET 18.943934 -2.497613 -3.180490
SCALE 1.000000 1.000000 1.000000
X -0.986695 0.044612 0.156343
Y 0.038641 0.998411 -0.041027
Z -0.157925 -0.034440 -0.986850

PART 63
OFFSET 16.023670 -2.747637 -4.112065
SCALE 1.000000 1.000000 1.000000
X -0.456311 -0.780554 0.427218
Y -0.820178 0.555149 0.138262
Z -0.345091 -0.287305 -0.893515

PART 64
OFFSET 16.807400 -3.137779 -6.113385
SCALE 1.000000 1.000000 1.000000
X 0.796653 -0.531043 -0.288681
Y 0.530589 0.843171 -0.086824
Z 0.289515 -0.084002 0.953480

PART 65
OFFSET 16.878325 -2.563385 -5.256813
SCALE 1.000000 1.000000 1.000000
X 0.915117 0.150918 -0.373877
Y -0.168279 0.985640 -0.014027
Z 0.366391 0.075752 0.927372

PART 66
OFFSET 17.326447 -2.511292 -3.882042
SCALE 1.000000 1.000000 1.000000
X -0.852592 0.522576 -0.000157
Y 0.430318 0.701901 -0.567593
Z -0.296501 -0.483993 -0.823309

PART 67
OFFSET 26.630363 -4.310909 -4.808182
SCALE 1.000000 1.000000 1.000000
X 0.941804 -0.153622 0.299006
Y 0.334581 0.514518 -0.789511
Z -0.032557 0.843606 0.535974

PART 68
OFFSET 26.670597 -4.418097 -4.147553
SCALE 1.000000 1.000000 1.000000
X 0.826504 -0.547090 0.132608
Y 0.555753 0.755503 -0.346921
Z 0.089611 0.360429 0.928472

PART 69
OFFSET 16.050548 -2.633270 -5.839140
SCALE 1.000000 1.000000 1.000000
X -0.984439 -0.110831 0.136369
Y -0.075651 0.967727 0.240376
Z -0.158609 0.226319 -0.961053

PART 70
OFFSET 15.885855 -2.727005 -4.851312
SCALE 1.000000 1.000000 1.000000
X -0.633806 -0.682398 0.364173
Y -0.677484 0.716944 0.164338
Z -0.373235 -0.142563 -0.916718

PART 71
OFFSET 0.000000 0.000000 0.000000
SCALE 1.000000 1.000000 1.000000
X 1.000000 0.000000 0.000000
Y 0.000000 1.000000 0.000000
Z 0.000000 0.000000 1.000000

PART 72
OFFSET 0.000000 0.000000 0.000000
SCALE 1.000000 1.000000 1.000000
X 1.000000 0.000000 0.000000
Y 0.000000 1.000000 0.000000
Z 0.000000 0.000000 1.000000

PART 73
OFFSET 1.540551 0.000000 4.135826
SCALE 1.000000 1.000000 1.000000
X 1.000000 0.000000 0.000000
Y 0.000000 1.000000 0.000000
Z 0.000000 0.000000 1.000000

PART 74
OFFSET -4.631835 0.000000 -1.376957
SCALE 1.000000 1.000000 1.000000
X 1.000000 0.000000 0.000000
Y 0.000000 1.000000 0.000000
Z 0.000000 0.000000 1.000000

FRAME 1
PART 0
OFFSET 0.000000 0.000000 0.000000
SCALE 1.000000 1.000000 1.000000
X 1.000000 0.000000 0.000000
Y 0.000000 1.000000 0.000000
Z 0.000000 0.000000 1.000000

PART 1
OFFSET 4.139100 2.294026 -4.827522
SCALE 1.000000 1.000000 1.000000
X 0.911096 0.190663 -0.365448
Y 0.089586 -0.956991 -0.275939
Z -0.402341 0.218667 -0.888992

PART 2
OFFSET -4.979446 -5.274010 0.613938
SCALE 1.000000 1.000000 1.000000
X -0.645966 0.127982 0.752562
Y -0.368373 -0.915725 -0.160466
Z 0.668603 -0.380879 0.638672

PART 3
OFFSET 16.110468 -3.541676 -4.360429
SCALE 1.000000 1.000000 1.000000
X 1.000000 0.000000 0.000000
Y 0.000000 1.000000 0.000000
Z 0.000000 0.000000 1.000000

PART 4
OFFSET 13.908927 18.076323 -17.331985
SCALE 1.000000 1.000000 1.000000
X 0.998737 0.041892 -0.027740
Y 0.021387 0.145113 0.989184
Z 0.045465 -0.988528 0.144033

PART 5
OFFSET 15.166372 4.613173 -9.257342
SCALE 1.000000 1.000000 1.000000
X 0.779162 -0.504110 0.372532
Y -0.613197 -0.489759 0.619778
Z -0.129986 -0.711343 -0.690721

PART 6
OFFSET 2.936826 -7.025255 -8.972587
SCALE 1.000000 1.000000 1.000000
X -0.898579 -0.150691 -0.412127
Y 0.431150 -0.128446 -0.893091
Z 0.081644 -0.980201 0.180389

PART 7
OFFSET 16.110468 -3.541676 -4.360429
SCALE 1.000000 1.000000 1.000000
X 1.000000 0.000000 0.000000
Y 0.000000 1.000000 0.000000
Z 0.000000 0.000000 1.000000

PART 8
OFFSET 23.646013 0.776496 -5.603585
SCALE 1.000000 1.000000 1.000000
X 0.783163 -0.499238 0.370698
Y 0.136580 0.719705 0.680714
Z -0.606632 -0.482479 0.631832

PART 9
OFFSET 23.258630 -0.090318 -6.993633
SCALE 1.000000 1.000000 1.000000
X 0.783163 -0.499238 0.370698
Y 0.136580 0.719705 0.680714
Z -0.606632 -0.482479 0.631832

PART 10
OFFSET 22.483534 -0.810377 -3.910464
SCALE 1.000000 1.000000 1.000000
X 0.783163 -0.499238 0.370698
Y 0.136580 0.719705 0.680714
Z -0.606632 -0.482479 0.631832

PART 11
OFFSET 22.101393 -1.808253 -4.728823
SCALE 1.000000 1.000000 1.000000
X 0.783163 -0.499238 0.370698
Y 0.136580 0.719705 0.680714
Z -0.606632 -0.482479 0.631832

PART 12
OFFSET 22.311662 -1.576017 -5.885343
SCALE 1.000000 1.000000 1.000000
X 0.783163 -0.499238 0.370698
Y 0.136580 0.719705 0.680714
Z -0.606632 -0.482479 0.631832

PART 13
OFFSET 24.229475 -1.133259 -4.934705
SCALE 1.000000 1.000000 1.000000
X 0.937317 -0.265117 0.226162
Y -0.310841 -0.342709 0.886526
Z -0.157525 -0.901256 -0.403637

PART 14
OFFSET 21.815594 0.447354 -5.914407
SCALE 1.000000 1.000000 1.000000
X 0.819517 -0.478183 0.315806
Y -0.287027 0.134465 0.948438
Z -0.495992 -0.867906 -0.027055

PART 15
OFFSET 11.731146 -6.034224 -3.208788
SCALE 1.000000 1.000000 1.000000
X -0.901358 -0.147254 -0.407272
Y -0.085299 0.982361 -0.166406
Z 0.424592 -0.115252 -0.898019

PART 16
OFFSET 11.440457 -4.722970 -3.296018
SCALE 1.000000 1.000000 1.000000
X -0.901358 -0.147254 -0.407272
Y -0.085299 0.982361 -0.166406
Z 0.424592 -0.115252 -0.898019

PART 17
OFFSET 11.459518 -4.309775 -4.420572
SCALE 1.000000 1.000000 1.000000
X -0.901358 -0.147254 -0.407272
Y -0.085299 0.982361 -0.166406
Z 0.424592 -0.115252 -0.898019

PART 18
OFFSET 13.367687 -5.218949 -4.095634
SCALE 1.000000 1.000000 1.000000
X -0.998355 -0.028805 -0.049574
Y 0.057242 -0.451650 -0.890357
Z 0.003256 -0.891730 0.452555

PART 19
OFFSET 10.580142 -5.777210 -5.439452
SCALE 1.000000 1.000000 1.000000
X -0.905407 -0.147127 -0.398236
Y 0.397946 0.032693 -0.916826
Z 0.147909 -0.988577 0.028948

PART 20
OFFSET 15.684371 -3.541623 -0.343801
SCALE 1.000000 1.000000 1.000000
X 1.000000 0.000000 0.000000
Y 0.000000 1.000000 0.000000
Z 0.000000 0.000000 1.000000

PART 21
OFFSET 21.652737 -3.686105 -0.892542
SCALE 1.000000 1.000000 1.000000
X 1.000000 0.000000 -0.000000
Y -0.000000 0.822561 -0.568676
Z 0.000000 0.568676 0.822561

PART 22
OFFSET 36.805264 -3.541677 -0.939405
SCALE 1.000000 1.000000 1.000000
X 1.000000 0.000000 0.000000
Y 0.000000 1.000000 0.000000
Z 0.000000 0.000000 1.000000

PART 23
OFFSET 16.048573 -3.919081 -3.927300
SCALE 1.000000 1.000000 1.000000
X 1.000000 0.000000 0.000000
Y 0.000000 1.000000 0.000000
Z 0.000000 0.000000 1.000000

PART 24
OFFSET 27.705534 -2.101454 -3.282770
SCALE 1.000000 1.000000 1.000000
X 0.847661 -0.530530 0.002866
Y -0.528171 -0.844377 -0.089794
Z 0.050059 0.074601 -0.995956

PART 25
OFFSET 27.938188 -1.856668 -4.330002
SCALE 1.000000 1.000000 1.000000
X 0.574531 -0.777068 0.257061
Y -0.793041 -0.606202 -0.060038
Z 0.202485 -0.169366 -0.964528

PART 26
OFFSET 25.392823 -1.165417 -5.766215
SCALE 1.000000 1.000000 1.000000
X 0.815765 -0.552876 -0.169869
Y -0.571995 -0.727646 -0.378620
Z 0.085726 0.406030 -0.909830

PART 27
OFFSET 25.348832 -1.306340 -5.084282
SCALE 1.000000 1.000000 1.000000
X 0.930624 -0.362035 -0.053575
Y -0.344960 -0.818835 -0.458817
Z 0.122238 0.445467 -0.886914

PART 28
OFFSET 24.410348 -1.949326 -4.251120
SCALE 1.000000 1.000000 1.000000
X 0.341087 -0.778404 0.527017
Y -0.889436 -0.085787 0.448938
Z -0.304243 -0.621875 -0.721601

PART 29
OFFSET 26.540966 -2.977760 -3.046274
SCALE 1.000000 1.000000 1.000000
X 0.898232 -0.433771 -0.070869
Y 0.410797 0.771208 0.486295
Z -0.156286 -0.465919 0.870916

PART 30
OFFSET 26.698181 -3.040754 -5.414400
SCALE 1.000000 1.000000 1.000000
X -0.042187 0.414566 -0.909041
Y 0.157570 0.901225 0.403689
Z 0.986606 -0.126208 -0.103343

PART 31
OFFSET 17.209765 -5.099495 -3.084028
SCALE 1.000000 1.000000 1.000000
X -0.971180 -0.208187 0.116046
Y 0.234356 -0.922804 0.305794
Z 0.043425 0.324177 0.944999

PART 32
OFFSET 17.233501 -5.404261 -4.143912
SCALE 1.000000 1.000000 1.000000
X -0.349122 -0.913956 0.206879
Y 0.933296 -0.358947 -0.010771
Z 0.084103 0.189319 0.978307

PART 33
OFFSET 14.244496 -5.499421 -5.114735
SCALE 1.000000 1.000000 1.000000
X -0.941864 -0.145149 0.303023
Y 0.250721 -0.904009 0.346275
Z 0.223674 0.402118 0.887846

PART 34
OFFSET 14.440746 -5.318022 -4.446176
SCALE 1.000000 1.000000 1.000000
X -0.977100 -0.042562 0.208479
Y 0.137326 -0.874556 0.465073
Z 0.162532 0.483052 0.860374

PART 35
OFFSET 13.774202 -4.436060 -3.490296
SCALE 1.000000 1.000000 1.000000
X -0.618759 -0.726355 -0.299243
Y 0.622274 -0.220679 -0.751050
Z 0.479492 -0.650930 0.588539

PART 36
OFFSET 9.166031 -5.434884 -3.306486
SCALE 1.000000 1.000000 1.000000
X -0.949516 -0.187709 0.251364
Y -0.290964 0.826504 -0.481903
Z -0.117296 -0.530713 -0.839396

PART 37
OFFSET 29.129376 -3.140631 -3.267611
SCALE 1.000000 1.000000 1.000000
X -0.106673 -0.971538 0.211505
Y -0.987660 0.079004 -0.135224
Z 0.114666 -0.223320 -0.967977

PART 38
OFFSET 29.043562 -3.400740 -3.820814
SCALE 1.000000 1.000000 1.000000
X -0.463505 -0.873636 0.148065
Y -0.877172 0.476040 0.062892
Z -0.125429 -0.100728 -0.986976

PART 39
OFFSET 27.209956 -2.458103 -6.127407
SCALE 1.000000 1.000000 1.000000
X 0.492828 -0.780878 0.383861
Y -0.869282 -0.422411 0.256745
Z -0.038339 -0.460215 -0.886979

PART 40
OFFSET 27.792591 -2.170322 -5.352526
SCALE 1.000000 1.000000 1.000000
X 0.521816 -0.797116 0.303831
Y -0.845420 -0.435675 0.308955
Z -0.113901 -0.418082 -0.901240

PART 41
OFFSET 25.104410 -3.730103 -3.084167
SCALE 1.000000 1.000000 1.000000
X 0.854096 -0.379495 0.355673
Y -0.519294 -0.583776 0.624131
Z -0.029221 -0.717767 -0.695670

PART 42
OFFSET 18.918374 -4.721690 -3.288488
SCALE 1.000000 1.000000 1.000000
X -0.483838 -0.874889 0.021675
Y 0.864540 -0.473975 0.167090
Z -0.135912 0.099583 0.985703

PART 43
OFFSET 17.914403 -3.616208 -4.547744
SCALE 1.000000 1.000000 1.000000
X 0.497731 -0.863481 0.081636
Y 0.769138 0.395921 -0.501671
Z 0.400862 0.312487 0.861198

PART 44
OFFSET 16.498845 -5.189870 -5.639805
SCALE 1.000000 1.000000 1.000000
X -0.316813 -0.893651 0.317833
Y 0.912440 -0.378655 -0.155154
Z 0.259003 0.240849 0.935366

PART 45
OFFSET 16.957931 -5.260613 -5.122324
SCALE 1.000000 1.000000 1.000000
X -0.302306 -0.937160 0.174193
Y 0.890812 -0.342790 -0.298241
Z 0.339212 0.065013 0.938461

PART 46
OFFSET 15.064540 -2.777804 -2.804533
SCALE 1.000000 1.000000 1.000000
X -0.921159 -0.383361 0.067090
Y 0.213115 -0.641110 -0.737265
Z 0.325651 -0.664841 0.672264

PART 47
OFFSET 28.857713 -4.267566 -2.916070
SCALE 1.000000 1.000000 1.000000
X -0.620713 -0.733979 0.275663
Y -0.782656 0.559192 -0.273412
Z 0.046530 -0.385459 -0.921551

PART 48
OFFSET 28.219219 -4.592744 -3.619367
SCALE 1.000000 1.000000 1.000000
X -0.984617 0.164968 0.057577
Y 0.162491 0.985667 -0.045355
Z -0.064234 -0.035301 -0.997310

PART 49
OFFSET 27.910590 -3.578095 -5.574242
SCALE 1.000000 1.000000 1.000000
X -0.478237 -0.660347 0.578991
Y -0.877135 0.326223 -0.352438
Z 0.043851 -0.676402 -0.735226

PART 50
OFFSET 28.685786 -3.586129 -4.810045
SCALE 1.000000 1.000000 1.000000
X -0.676486 -0.603644 0.421876
Y -0.726864 0.639421 -0.250620
Z -0.118471 -0.476188 -0.871327

PART 51
OFFSET 26.575311 -4.204924 -2.760950
SCALE 1.000000 1.000000 1.000000
X 0.990932 -0.049971 -0.124726
Y 0.064533 -0.637196 0.767995
Z -0.117853 -0.769080 -0.628193

PART 52
OFFSET 19.258907 -3.580941 -3.234100
SCALE 1.000000 1.000000 1.000000
X 0.278906 -0.959146 -0.047438
Y 0.951009 0.269004 0.152379
Z -0.133392 -0.087614 0.987183

PART 53
OFFSET 17.016655 -2.473304 -4.582733
SCALE 1.000000 1.000000 1.000000
X 0.874559 0.240384 -0.421144
Y -0.368999 0.893380 -0.256344
Z 0.314621 0.379590 0.870015

PART 54
OFFSET 16.929218 -3.989567 -6.074360
SCALE 1.000000 1.000000 1.000000
X 0.144599 -0.988700 0.039530
Y 0.973981 0.135173 -0.181905
Z 0.174507 0.064804 0.982521

PART 55
OFFSET 17.451547 -3.784451 -5.415740
SCALE 1.000000 1.000000 1.000000
X 0.299049 -0.953357 -0.040988
Y 0.871760 0.290418 -0.394577
Z 0.388077 0.082266 0.917948

PART 56
OFFSET 16.490505 -2.396823 -3.203816
SCALE 1.000000 1.000000 1.000000
X -0.774470 0.149215 0.614762
Y -0.580703 -0.553197 -0.597292
Z 0.250959 -0.819578 0.515083

PART 57
OFFSET 28.156660 -5.096617 -2.604699
SCALE 1.000000 1.000000 1.000000
X 0.921476 -0.374569 -0.102859
Y 0.346246 0.912090 -0.219557
Z 0.176056 0.166702 0.970162

PART 58
OFFSET 27.103496 -4.406851 -3.561185
SCALE 1.000000 1.000000 1.000000
X 0.655463 -0.753379 0.052803
Y 0.751517 0.643726 -0.144360
Z 0.074767 0.134305 0.988115

PART 59
OFFSET 27.520149 -4.132708 -5.089382
SCALE 1.000000 1.000000 1.000000
X -0.936592 -0.187576 0.295991
Y -0.344695 0.645231 -0.681808
Z -0.063092 -0.740602 -0.668975

PART 60
OFFSET 27.752260 -4.426467 -4.224950
SCALE 1.000000 1.000000 1.000000
X -0.997420 0.007751 0.071361
Y -0.022987 0.907307 -0.419839
Z -0.068000 -0.420397 -0.904789

PART 61
OFFSET 27.642617 -4.305027 -2.911520
SCALE 1.000000 1.000000 1.000000
X 0.820495 0.325790 0.469733
Y -0.502014 0.803693 0.319467
Z -0.273442 -0.497934 0.822977

PART 62
OFFSET 18.943934 -2.497613 -3.180490
SCALE 1.000000 1.000000 1.000000
X -0.986695 0.044612 0.156343
Y 0.038641 0.998411 -0.041027
Z -0.157925 -0.034440 -0.986850

PART 63
OFFSET 16.023670 -2.747637 -4.112065
SCALE 1.000000 1.000000 1.000000
X -0.456311 -0.780554 0.427218
Y -0.820178 0.555149 0.138262
Z -0.345091 -0.287305 -0.893515

PART 64
OFFSET 16.807400 -3.137779 -6.113385
SCALE 1.000000 1.000000 1.000000
X 0.796653 -0.531043 -0.288681
Y 0.530589 0.843171 -0.086824
Z 0.289515 -0.084002 0.953480

PART 65
OFFSET 16.878325 -2.563385 -5.256813
SCALE 1.000000 1.000000 1.000000
X 0.915117 0.150918 -0.373877
Y -0.168279 0.985640 -0.014027
Z 0.366391 0.075752 0.927372

PART 66
OFFSET 17.326447 -2.511292 -3.882042
SCALE 1.000000 1.000000 1.000000
X -0.852592 0.522576 -0.000157
Y 0.430318 0.701901 -0.567593
Z -0.296501 -0.483993 -0.823309

PART 67
OFFSET 26.630363 -4.310909 -4.808182
SCALE 1.000000 1.000000 1.000000
X 0.941804 -0.153622 0.299006
Y 0.334581 0.514518 -0.789511
Z -0.032557 0.843606 0.535974

PART 68
OFFSET 26.670597 -4.418097 -4.147553
SCALE 1.000000 1.000000 1.000000
X 0.826504 -0.547090 0.132608
Y 0.555753 0.755503 -0.346921
Z 0.089611 0.360429 0.928472

PART 69
OFFSET 16.050548 -2.633270 -5.839140
SCALE 1.000000 1.000000 1.000000
X -0.984439 -0.110831 0.136369
Y -0.075651 0.967727 0.240376
Z -0.158609 0.226319 -0.961053

PART 70
OFFSET 15.885855 -2.727005 -4.851312
SCALE 1.000000 1.000000 1.000000
X -0.633806 -0.682398 0.364173
Y -0.677484 0.716944 0.164338
Z -0.373235 -0.142563 -0.916718

PART 71
OFFSET 0.000000 0.000000 0.000000
SCALE 1.000000 1.000000 1.000000
X 1.000000 0.000000 0.000000
Y 0.000000 1.000000 0.000000
Z 0.000000 0.000000 1.000000

PART 72
OFFSET 0.000000 0.000000 0.000000
SCALE 1.000000 1.000000 1.000000
X 1.000000 0.000000 0.000000
Y 0.000000 1.000000 0.000000
Z 0.000000 0.000000 1.000000

PART 73
OFFSET 1.540551 0.000000 4.135826
SCALE 1.000000 1.000000 1.000000
X 1.000000 0.000000 0.000000
Y 0.000000 1.000000 0.000000
Z 0.000000 0.000000 1.000000

PART 74
OFFSET -4.631835 0.000000 -1.376957
SCALE 1.000000 1.000000 1.000000
X 1.000000 0.000000 0.000000
Y 0.000000 1.000000 0.000000
Z 0.000000 0.000000 1.000000

FRAME 2
PART 0
OFFSET 0.000000 0.000000 0.000000
SCALE 1.000000 1.000000 1.000000
X 1.000000 0.000000 0.000000
Y 0.000000 1.000000 0.000000
Z 0.000000 0.000000 1.000000

PART 1
OFFSET 4.139100 2.294026 -4.827522
SCALE 1.000000 1.000000 1.000000
X 0.911096 0.190663 -0.365448
Y 0.089586 -0.956991 -0.275939
Z -0.402341 0.218667 -0.888992

PART 2
OFFSET -4.979446 -5.274010 0.613938
SCALE 1.000000 1.000000 1.000000
X -0.645966 0.127982 0.752562
Y -0.368373 -0.915725 -0.160466
Z 0.668603 -0.380879 0.638672

PART 3
OFFSET 16.110468 -3.541676 -4.360429
SCALE 1.000000 1.000000 1.000000
X 1.000000 0.000000 0.000000
Y 0.000000 1.000000 0.000000
Z 0.000000 0.000000 1.000000

PART 4
OFFSET 13.908927 18.076323 -17.331985
SCALE 1.000000 1.000000 1.000000
X 0.998737 0.041892 -0.027740
Y 0.021387 0.145113 0.989184
Z 0.045465 -0.988528 0.144033

PART 5
OFFSET 15.166372 4.613173 -9.257342
SCALE 1.000000 1.000000 1.000000
X 0.779162 -0.504110 0.372532
Y -0.613197 -0.489759 0.619778
Z -0.129986 -0.711343 -0.690721

PART 6
OFFSET 2.936826 -7.025255 -8.972587
SCALE 1.000000 1.000000 1.000000
X -0.898579 -0.150691 -0.412127
Y 0.431150 -0.128446 -0.893091
Z 0.081644 -0.980201 0.180389

PART 7
OFFSET 16.110468 -3.541676 -4.360429
SCALE 1.000000 1.000000 1.000000
X 1.000000 0.000000 0.000000
Y 0.000000 1.000000 0.000000
Z 0.000000 0.000000 1.000000

PART 8
OFFSET 23.646013 0.776496 -5.603585
SCALE 1.000000 1.000000 1.000000
X 0.783163 -0.499238 0.370698
Y 0.136580 0.719705 0.680714
Z -0.606632 -0.482479 0.631832

PART 9
OFFSET 23.258630 -0.090318 -6.993633
SCALE 1.000000 1.000000 1.000000
X 0.783163 -0.499238 0.370698
Y 0.136580 0.719705 0.680714
Z -0.606632 -0.482479 0.631832

PART 10
OFFSET 22.483534 -0.810377 -3.910464
SCALE 1.000000 1.000000 1.000000
X 0.783163 -0.499238 0.370698
Y 0.136580 0.719705 0.680714
Z -0.606632 -0.482479 0.631832

PART 11
OFFSET 22.101393 -1.808253 -4.728823
SCALE 1.000000 1.000000 1.000000
X 0.783163 -0.499238 0.370698
Y 0.136580 0.719705 0.680714
Z -0.606632 -0.482479 0.631832

PART 12
OFFSET 22.311662 -1.576017 -5.885343
SCALE 1.000000 1.000000 1.000000
X 0.783163 -0.499238 0.370698
Y 0.136580 0.719705 0.680714
Z -0.606632 -0.482479 0.631832

PART 13
OFFSET 24.229475 -1.133259 -4.934705
SCALE 1.000000 1.000000 1.000000
X 0.937317 -0.265117 0.226162
Y -0.310841 -0.342709 0.886526
Z -0.157525 -0.901256 -0.403637

PART 14
OFFSET 21.815594 0.447354 -5.914407
SCALE 1.000000 1.000000 1.000000
X 0.819517 -0.478183 0.315806
Y -0.287027 0.134465 0.948438
Z -0.495992 -0.867906 -0.027055

PART 15
OFFSET 11.731146 -6.034224 -3.208788
SCALE 1.000000 1.000000 1.000000
X -0.901358 -0.147254 -0.407272
Y -0.085299 0.982361 -0.166406
Z 0.424592 -0.115252 -0.898019

PART 16
OFFSET 11.440457 -4.722970 -3.296018
SCALE 1.000000 1.000000 1.000000
X -0.901358 -0.147254 -0.407272
Y -0.085299 0.982361 -0.166406
Z 0.424592 -0.115252 -0.898019

PART 17
OFFSET 11.459518 -4.309775 -4.420572
SCALE 1.000000 1.000000 1.000000
X -0.901358 -0.147254 -0.407272
Y -0.085299 0.982361 -0.166406
Z 0.424592 -0.115252 -0.898019

PART 18
OFFSET 13.367687 -5.218949 -4.095634
SCALE 1.000000 1.000000 1.000000
X -0.998355 -0.028805 -0.049574
Y 0.057242 -0.451650 -0.890357
Z 0.003256 -0.891730 0.452555

PART 19
OFFSET 10.580142 -5.777210 -5.439452
SCALE 1.000000 1.000000 1.000000
X -0.905407 -0.147127 -0.398236
Y 0.397946 0.032693 -0.916826
Z 0.147909 -0.988577 0.028948

PART 20
OFFSET 15.684371 -3.541623 -0.343801
SCALE 1.000000 1.000000 1.000000
X 1.000000 0.000000 0.000000
Y 0.000000 1.000000 0.000000
Z 0.000000 0.000000 1.000000

PART 21
OFFSET 21.652737 -3.686105 -0.892542
SCALE 1.000000 1.000000 1.000000
X 1.000000 0.000000 -0.000000
Y -0.000000 0.822561 -0.568676
Z 0.000000 0.568676 0.822561

PART 22
OFFSET 36.805264 -3.541677 -0.939405
SCALE 1.000000 1.000000 1.000000
X 1.000000 0.000000 0.000000
Y 0.000000 1.000000 0.000000
Z 0.000000 0.000000 1.000000

PART 23
OFFSET 16.048573 -3.919081 -3.927300
SCALE 1.000000 1.000000 1.000000
X 1.000000 0.000000 0.000000
Y 0.000000 1.000000 0.000000
Z 0.000000 0.000000 1.000000

PART 24
OFFSET 27.705534 -2.101454 -3.282770
SCALE 1.000000 1.000000 1.000000
X 0.847661 -0.530530 0.002866
Y -0.528171 -0.844377 -0.089794
Z 0.050059 0.074601 -0.995956

PART 25
OFFSET 27.938188 -1.856668 -4.330002
SCALE 1.000000 1.000000 1.000000
X 0.574531 -0.777068 0.257061
Y -0.793041 -0.606202 -0.060038
Z 0.202485 -0.169366 -0.964528

PART 26
OFFSET 25.392823 -1.165417 -5.766215
SCALE 1.000000 1.000000 1.000000
X 0.815765 -0.552876 -0.169869
Y -0.571995 -0.727646 -0.378620
Z 0.085726 0.406030 -0.909830

PART 27
OFFSET 25.348832 -1.306340 -5.084282
SCALE 1.000000 1.000000 1.000000
X 0.930624 -0.362035 -0.053575
Y -0.344960 -0.818835 -0.458817
Z 0.122238 0.445467 -0.886914

PART 28
OFFSET 24.410348 -1.949326 -4.251120
SCALE 1.000000 1.000000 1.000000
X 0.341087 -0.778404 0.527017
Y -0.889436 -0.085787 0.448938
Z -0.304243 -0.621875 -0.721601

PART 29
OFFSET 26.540966 -2.977760 -3.046274
SCALE 1.000000 1.000000 1.000000
X 0.898232 -0.433771 -0.070869
Y 0.410797 0.771208 0.486295
Z -0.156286 -0.465919 0.870916

PART 30
OFFSET 26.698181 -3.040754 -5.414400
SCALE 1.000000 1.000000 1.000000
X -0.042187 0.414566 -0.909041
Y 0.157570 0.901225 0.403689
Z 0.986606 -0.126208 -0.103343

PART 31
OFFSET 17.209765 -5.099495 -3.084028
SCALE 1.000000 1.000000 1.000000
X -0.971180 -0.208187 0.116046
Y 0.234356 -0.922804 0.305794
Z 0.043425 0.324177 0.944999

PART 32
OFFSET 17.233501 -5.404261 -4.143912
SCALE 1.000000 1.000000 1.000000
X -0.349122 -0.913956 0.206879
Y 0.933296 -0.358947 -0.010771
Z 0.084103 0.189319 0.978307

PART 33
OFFSET 14.244496 -5.499421 -5.114735
SCALE 1.000000 1.000000 1.000000
X -0.941864 -0.145149 0.303023
Y 0.250721 -0.904009 0.346275
Z 0.223674 0.402118 0.887846

PART 34
OFFSET 14.440746 -5.318022 -4.446176
SCALE 1.000000 1.000000 1.000000
X -0.977100 -0.042562 0.208479
Y 0.137326 -0.874556 0.465073
Z 0.162532 0.483052 0.860374

PART 35
OFFSET 13.774202 -4.436060 -3.490296
SCALE 1.000000 1.000000 1.000000
X -0.618759 -0.726355 -0.299243
Y 0.622274 -0.220679 -0.751050
Z 0.479492 -0.650930 0.588539

PART 36
OFFSET 9.166031 -5.434884 -3.306486
SCALE 1.000000 1.000000 1.000000
X -0.949516 -0.187709 0.251364
Y -0.290964 0.826504 -0.481903
Z -0.117296 -0.530713 -0.839396

PART 37
OFFSET 29.129376 -3.140631 -3.267611
SCALE 1.000000 1.000000 1.000000
X -0.106673 -0.971538 0.211505
Y -0.987660 0.079004 -0.135224
Z 0.114666 -0.223320 -0.967977

PART 38
OFFSET 29.043562 -3.400740 -3.820814
SCALE 1.000000 1.000000 1.000000
X -0.463505 -0.873636 0.148065
Y -0.877172 0.476040 0.062892
Z -0.125429 -0.100728 -0.986976

PART 39
OFFSET 27.209956 -2.458103 -6.127407
SCALE 1.000000 1.000000 1.000000
X 0.492828 -0.780878 0.383861
Y -0.869282 -0.422411 0.256745
Z -0.038339 -0.460215 -0.886979

PART 40
OFFSET 27.792591 -2.170322 -5.352526
SCALE 1.000000 1.000000 1.000000
X 0.521816 -0.797116 0.303831
Y -0.845420 -0.435675 0.308955
Z -0.113901 -0.418082 -0.901240

PART 41
OFFSET 25.104410 -3.730103 -3.084167
SCALE 1.000000 1.000000 1.000000
X 0.854096 -0.379495 0.355673
Y -0.519294 -0.583776 0.624131
Z -0.029221 -0.717767 -0.695670

PART 42
OFFSET 18.918374 -4.721690 -3.288488
SCALE 1.000000 1.000000 1.000000
X -0.483838 -0.874889 0.021675
Y 0.864540 -0.473975 0.167090
Z -0.135912 0.099583 0.985703

PART 43
OFFSET 17.914403 -3.616208 -4.547744
SCALE 1.000000 1.000000 1.000000
X 0.497731 -0.863481 0.081636
Y 0.769138 0.395921 -0.501671
Z 0.400862 0.312487 0.861198

PART 44
OFFSET 16.498845 -5.189870 -5.639805
SCALE 1.000000 1.000000 1.000000
X -0.316813 -0.893651 0.317833
Y 0.912440 -0.378655 -0.155154
Z 0.259003 0.240849 0.935366

PART 45
OFFSET 16.957931 -5.260613 -5.122324
SCALE 1.000000 1.000000 1.000000
X -0.302306 -0.937160 0.174193
Y 0.890812 -0.342790 -0.298241
Z 0.339212 0.065013 0.938461

PART 46
OFFSET 15.064540 -2.777804 -2.804533
SCALE 1.000000 1.000000 1.000000
X -0.921159 -0.383361 0.067090
Y 0.213115 -0.641110 -0.737265
Z 0.325651 -0.664841 0.672264

PART 47
OFFSET 28.857713 -4.267566 -2.916070
SCALE 1.000000 1.000000 1.000000
X -0.620713 -0.733979 0.275663
Y -0.782656 0.559192 -0.273412
Z 0.046530 -0.385459 -0.921551

PART 48
OFFSET 28.219219 -4.592744 -3.619367
SCALE 1.000000 1.000000 1.000000
X -0.984617 0.164968 0.057577
Y 0.162491 0.985667 -0.045355
Z -0.064234 -0.035301 -0.997310

PART 49
OFFSET 27.910590 -3.578095 -5.574242
SCALE 1.000000 1.000000 1.000000
X -0.478237 -0.660347 0.578991
Y -0.877135 0.326223 -0.352438
Z 0.043851 -0.676402 -0.735226

PART 50
OFFSET 28.685786 -3.586129 -4.810045
SCALE 1.000000 1.000000 1.000000
X -0.676486 -0.603644 0.421876
Y -0.726864 0.639421 -0.250620
Z -0.118471 -0.476188 -0.871327

PART 51
OFFSET 26.575311 -4.204924 -2.760950
SCALE 1.000000 1.000000 1.000000
X 0.990932 -0.049971 -0.124726
Y 0.064533 -0.637196 0.767995
Z -0.117853 -0.769080 -0.628193

PART 52
OFFSET 19.258907 -3.580941 -3.234100
SCALE 1.000000 1.000000 1.000000
X 0.278906 -0.959146 -0.047438
Y 0.951009 0.269004 0.152379
Z -0.133392 -0.087614 0.987183

PART 53
OFFSET 17.016655 -2.473304 -4.582733
SCALE 1.000000 1.000000 1.000000
X 0.874559 0.240384 -0.421144
Y -0.368999 0.893380 -0.256344
Z 0.314621 0.379590 0.870015

PART 54
OFFSET 16.929218 -3.989567 -6.074360
SCALE 1.000000 1.000000 1.000000
X 0.144599 -0.988700 0.039530
Y 0.973981 0.135173 -0.181905
Z 0.174507 0.064804 0.982521

PART 55
OFFSET 17.451547 -3.784451 -5.415740
SCALE 1.000000 1.000000 1.000000
X 0.299049 -0.953357 -0.040988
Y 0.871760 0.290418 -0.394577
Z 0.388077 0.082266 0.917948

PART 56
OFFSET 16.490505 -2.396823 -3.203816
SCALE 1.000000 1.000000 1.000000
X -0.774470 0.149215 0.614762
Y -0.580703 -0.553197 -0.597292
Z 0.250959 -0.819578 0.515083

PART 57
OFFSET 28.156660 -5.096617 -2.604699
SCALE 1.000000 1.000000 1.000000
X 0.921476 -0.374569 -0.102859
Y 0.346246 0.912090 -0.219557
Z 0.176056 0.166702 0.970162

PART 58
OFFSET 27.103496 -4.406851 -3.561185
SCALE 1.000000 1.000000 1.000000
X 0.655463 -0.753379 0.052803
Y 0.751517 0.643726 -0.144360
Z 0.074767 0.134305 0.988115

PART 59
OFFSET 27.520149 -4.132708 -5.089382
SCALE 1.000000 1.000000 1.000000
X -0.936592 -0.187576 0.295991
Y -0.344695 0.645231 -0.681808
Z -0.063092 -0.740602 -0.668975

PART 60
OFFSET 27.752260 -4.426467 -4.224950
SCALE 1.000000 1.000000 1.000000
X -0.997420 0.007751 0.071361
Y -0.022987 0.907307 -0.419839
Z -0.068000 -0.420397 -0.904789

PART 61
OFFSET 27.642617 -4.305027 -2.911520
SCALE 1.000000 1.000000 1.000000
X 0.820495 0.325790 0.469733
Y -0.502014 0.803693 0.319467
Z -0.273442 -0.497934 0.822977

PART 62
OFFSET 18.943934 -2.497613 -3.180490
SCALE 1.000000 1.000000 1.000000
X -0.986695 0.044612 0.156343
Y 0.038641 0.998411 -0.041027
Z -0.157925 -0.034440 -0.986850

PART 63
OFFSET 16.023670 -2.747637 -4.112065
SCALE 1.000000 1.000000 1.000000
X -0.456311 -0.780554 0.427218
Y -0.820178 0.555149 0.138262
Z -0.345091 -0.287305 -0.893515

PART 64
OFFSET 16.807400 -3.137779 -6.113385
SCALE 1.000000 1.000000 1.000000
X 0.796653 -0.531043 -0.288681
Y 0.530589 0.843171 -0.086824
Z 0.289515 -0.084002 0.953480

PART 65
OFFSET 16.878325 -2.563385 -5.256813
SCALE 1.000000 1.000000 1.000000
X 0.915117 0.150918 -0.373877
Y -0.168279 0.985640 -0.014027
Z 0.366391 0.075752 0.927372

PART 66
OFFSET 17.326447 -2.511292 -3.882042
SCALE 1.000000 1.000000 1.000000
X -0.852592 0.522576 -0.000157
Y 0.430318 0.701901 -0.567593
Z -0.296501 -0.483993 -0.823309

PART 67
OFFSET 26.630363 -4.310909 -4.808182
SCALE 1.000000 1.000000 1.000000
X 0.941804 -0.153622 0.299006
Y 0.334581 0.514518 -0.789511
Z -0.032557 0.843606 0.535974

PART 68
OFFSET 26.670597 -4.418097 -4.147553
SCALE 1.000000 1.000000 1.000000
X 0.826504 -0.547090 0.132608
Y 0.555753 0.755503 -0.346921
Z 0.089611 0.360429 0.928472

PART 69
OFFSET 16.050548 -2.633270 -5.839140
SCALE 1.000000 1.000000 1.000000
X -0.984439 -0.110831 0.136369
Y -0.075651 0.967727 0.240376
Z -0.158609 0.226319 -0.961053

PART 70
OFFSET 15.885855 -2.727005 -4.851312
SCALE 1.000000 1.000000 1.000000
X -0.633806 -0.682398 0.364173
Y -0.677484 0.716944 0.164338
Z -0.373235 -0.142563 -0.916718

PART 71
OFFSET 0.000000 0.000000 0.000000
SCALE 1.000000 1.000000 1.000000
X 1.000000 0.000000 0.000000
Y 0.000000 1.000000 0.000000
Z 0.000000 0.000000 1.000000

PART 72
OFFSET 0.000000 0.000000 0.000000
SCALE 1.000000 1.000000 1.000000
X 1.000000 0.000000 0.000000
Y 0.000000 1.000000 0.000000
Z 0.000000 0.000000 1.000000

PART 73
OFFSET 1.540551 0.000000 4.135826
SCALE 1.000000 1.000000 1.000000
X 1.000000 0.000000 0.000000
Y 0.000000 1.000000 0.000000
Z 0.000000 0.000000 1.000000

PART 74
OFFSET -4.631835 0.000000 -1.376957
