// Export time: Thu Jun 16 00:06:05 2022

ANIMATION
VERSION 3

NUMPARTS 75
PART 0 "tag_torso"
PART 1 "j_shoulder_le"
PART 2 "j_shoulder_ri"
PART 3 "tag_weapon"
PART 4 "tag_weapon1"
PART 5 "j_elbow_le"
PART 6 "j_elbow_ri"
PART 7 "j_gun"
PART 8 "j_sleave_reshape_bottom_le_1"
PART 9 "j_sleave_reshape_bottom_le_2"
PART 10 "j_sleave_reshape_top_le_1"
PART 11 "j_sleave_reshape_top_le_2"
PART 12 "j_sleave_reshape_top_le_3"
PART 13 "j_wrist_le"
PART 14 "j_wristtwist_le"
PART 15 "j_sleave_reshape_top_ri_1"
PART 16 "j_sleave_reshape_top_ri_2"
PART 17 "j_sleave_reshape_top_ri_3"
PART 18 "j_wrist_ri"
PART 19 "j_wristtwist_ri"
PART 20 "tag_bolt_animate"
PART 21 "tag_brass"
PART 22 "tag_flash"
PART 23 "tag_clip"
PART 24 "j_index_le_0"
PART 25 "j_mid_le_0"
PART 26 "j_pinkypalm_le"
PART 27 "j_ringpalm_le"
PART 28 "j_thumb_le_0"
PART 29 "j_webbing_le"
PART 30 "tag_knife_attach"
PART 31 "j_index_ri_0"
PART 32 "j_mid_ri_0"
PART 33 "j_pinkypalm_ri"
PART 34 "j_ringpalm_ri"
PART 35 "j_thumb_ri_0"
PART 36 "j_webbing_ri"
PART 37 "j_index_le_1"
PART 38 "j_mid_le_1"
PART 39 "j_pinky_le_0"
PART 40 "j_ring_le_0"
PART 41 "j_thumb_le_1"
PART 42 "j_index_ri_1"
PART 43 "j_mid_ri_1"
PART 44 "j_pinky_ri_0"
PART 45 "j_ring_ri_0"
PART 46 "j_thumb_ri_1"
PART 47 "j_index_le_2"
PART 48 "j_mid_le_2"
PART 49 "j_pinky_le_1"
PART 50 "j_ring_le_1"
PART 51 "j_thumb_le_2"
PART 52 "j_index_ri_2"
PART 53 "j_mid_ri_2"
PART 54 "j_pinky_ri_1"
PART 55 "j_ring_ri_1"
PART 56 "j_thumb_ri_2"
PART 57 "j_index_le_3"
PART 58 "j_mid_le_3"
PART 59 "j_pinky_le_2"
PART 60 "j_ring_le_2"
PART 61 "j_thumb_le_3"
PART 62 "j_index_ri_3"
PART 63 "j_mid_ri_3"
PART 64 "j_pinky_ri_2"
PART 65 "j_ring_ri_2"
PART 66 "j_thumb_ri_3"
PART 67 "j_pinky_le_3"
PART 68 "j_ring_le_3"
PART 69 "j_pinky_ri_3"
PART 70 "j_ring_ri_3"
PART 71 "tag_cambone"
PART 72 "tag_camera"
PART 73 "tag_gasmask"
PART 74 "tag_gasmask2"

FRAMERATE 30
NUMFRAMES 37
FRAME 0
PART 0
OFFSET 0.000000 0.000000 0.000000
SCALE 1.000000 1.000000 1.000000
X 1.000000 0.000000 0.000000
Y 0.000000 1.000000 0.000000
Z 0.000000 0.000000 1.000000

PART 1
OFFSET 1.815962 7.617896 -2.371813
SCALE 1.000000 1.000000 1.000000
X 0.141146 0.032584 -0.989452
Y 0.391054 -0.920015 0.025487
Z -0.909480 -0.390527 -0.142598

PART 2
OFFSET -4.297759 -4.365614 1.029657
SCALE 1.000000 1.000000 1.000000
X -0.748571 0.188360 0.635738
Y -0.515504 -0.768342 -0.379349
Z 0.417011 -0.611695 0.672259

PART 3
OFFSET 18.466328 -9.876224 -12.598141
SCALE 1.000000 1.000000 1.000000
X 0.760122 -0.011644 -0.649676
Y -0.162642 0.964602 -0.207580
Z 0.629097 0.263451 0.731321

PART 4
OFFSET 13.908927 18.076323 -17.331985
SCALE 1.000000 1.000000 1.000000
X 0.998737 0.041892 -0.027740
Y 0.021387 0.145113 0.989184
Z 0.045465 -0.988528 0.144033

PART 5
OFFSET 3.372413 8.142469 -14.727050
SCALE 1.000000 1.000000 1.000000
X 0.973511 -0.157741 -0.165511
Y 0.160110 -0.046442 0.986006
Z -0.163220 -0.986388 -0.019956

PART 6
OFFSET 5.083288 -6.326506 -5.123025
SCALE 1.000000 1.000000 1.000000
X -0.842967 0.384070 0.376692
Y -0.381841 0.066078 -0.921863
Z -0.378951 -0.920937 0.090952

PART 7
OFFSET 18.466328 -9.876224 -12.598141
SCALE 1.000000 1.000000 1.000000
X 0.760122 -0.011644 -0.649676
Y -0.162642 0.964602 -0.207580
Z 0.629097 0.263451 0.731321

PART 8
OFFSET 12.989648 7.514087 -17.389429
SCALE 1.000000 1.000000 1.000000
X 0.972977 -0.154777 -0.171345
Y 0.158176 0.987391 0.006277
Z 0.168213 -0.033210 0.985191

PART 9
OFFSET 12.319577 5.978775 -17.555216
SCALE 1.000000 1.000000 1.000000
X 0.972977 -0.154777 -0.171345
Y 0.158176 0.987391 0.006277
Z 0.168213 -0.033210 0.985191

PART 10
OFFSET 13.889236 7.204409 -14.974678
SCALE 1.000000 1.000000 1.000000
X 0.972977 -0.154777 -0.171345
Y 0.158176 0.987391 0.006277
Z 0.168213 -0.033210 0.985191

PART 11
OFFSET 13.610631 5.903363 -14.771809
SCALE 1.000000 1.000000 1.000000
X 0.972977 -0.154777 -0.171345
Y 0.158176 0.987391 0.006277
Z 0.168213 -0.033210 0.985191

PART 12
OFFSET 12.984146 5.410459 -15.666374
SCALE 1.000000 1.000000 1.000000
X 0.972977 -0.154777 -0.171345
Y 0.158176 0.987391 0.006277
Z 0.168213 -0.033210 0.985191

PART 13
OFFSET 14.620431 6.220978 -16.610444
SCALE 1.000000 1.000000 1.000000
X 0.936160 -0.267033 -0.228685
Y -0.016785 -0.683669 0.729599
Z -0.351172 -0.679183 -0.644506

PART 14
OFFSET 11.628696 6.745815 -16.184747
SCALE 1.000000 1.000000 1.000000
X 0.975847 -0.167692 -0.140005
Y 0.080546 -0.319536 0.944144
Z -0.203062 -0.932618 -0.298312

PART 15
OFFSET 14.141405 -11.153419 -7.612006
SCALE 1.000000 1.000000 1.000000
X -0.839637 0.386171 0.381945
Y 0.386751 0.918813 -0.078778
Z -0.381358 0.081573 -0.920821

PART 16
OFFSET 14.641917 -9.909422 -7.496005
SCALE 1.000000 1.000000 1.000000
X -0.839637 0.386171 0.381945
Y 0.386751 0.918813 -0.078778
Z -0.381358 0.081573 -0.920821

PART 17
OFFSET 14.181558 -9.140135 -8.290979
SCALE 1.000000 1.000000 1.000000
X -0.839637 0.386171 0.381945
Y 0.386751 0.918813 -0.078778
Z -0.381358 0.081573 -0.920821

PART 18
OFFSET 14.977771 -10.765479 -9.427868
SCALE 1.000000 1.000000 1.000000
X -0.785151 -0.029187 0.618616
Y -0.443640 -0.670456 -0.594704
Z 0.432112 -0.741375 0.513461

PART 19
OFFSET 12.248781 -9.510516 -8.404689
SCALE 1.000000 1.000000 1.000000
X -0.862686 0.371698 0.342949
Y -0.470194 -0.339737 -0.814553
Z -0.186255 -0.863955 0.467857

PART 20
OFFSET 23.818534 -8.861236 -12.075482
SCALE 1.000000 1.000000 1.000000
X 0.760122 -0.011644 -0.649676
Y -0.162642 0.964602 -0.207580
Z 0.629097 0.263451 0.731321

PART 21
OFFSET 24.884252 -9.166458 -13.632702
SCALE 1.000000 1.000000 1.000000
X 0.760122 -0.011644 -0.649676
Y -0.491536 0.643626 -0.586633
Z 0.424980 0.765251 0.483511

PART 22
OFFSET 36.349044 -9.215930 -23.541195
SCALE 1.000000 1.000000 1.000000
X 0.760122 -0.011644 -0.649676
Y -0.162642 0.964602 -0.207580
Z 0.629097 0.263451 0.731321

PART 23
OFFSET 22.436994 -9.818733 -15.442060
SCALE 1.000000 1.000000 1.000000
X 0.760122 -0.011644 -0.649676
Y -0.162642 0.964602 -0.207580
Z 0.629097 0.263451 0.731321

PART 24
OFFSET 18.367535 4.938464 -16.741973
SCALE 1.000000 1.000000 1.000000
X 0.748399 -0.282008 -0.600308
Y -0.590741 -0.694916 -0.410020
Z -0.301535 0.661486 -0.686668

PART 25
OFFSET 18.259100 5.565865 -17.617737
SCALE 1.000000 1.000000 1.000000
X 0.488491 -0.756298 -0.435189
Y -0.867510 -0.474569 -0.149029
Z -0.093817 0.450330 -0.887919

PART 26
OFFSET 15.517487 6.590186 -17.751903
SCALE 1.000000 1.000000 1.000000
X 0.537993 -0.416521 -0.732853
Y -0.803233 -0.517026 -0.295805
Z -0.255695 0.747793 -0.612720

PART 27
OFFSET 15.663312 6.226893 -17.158611
SCALE 1.000000 1.000000 1.000000
X 0.732658 -0.338982 -0.590173
Y -0.668796 -0.519367 -0.531949
Z -0.126195 0.784442 -0.607228

PART 28
OFFSET 14.949779 5.106597 -16.227528
SCALE 1.000000 1.000000 1.000000
X 0.666765 -0.743986 0.043694
Y -0.266860 -0.183599 0.946085
Z -0.695852 -0.642477 -0.320958

PART 29
OFFSET 17.291451 3.948242 -16.502443
SCALE 1.000000 1.000000 1.000000
X 0.786436 -0.307892 -0.535463
Y 0.607101 0.544999 0.578276
Z 0.113780 -0.779858 0.615529

PART 30
OFFSET 16.632433 4.830453 -18.605798
SCALE 1.000000 1.000000 1.000000
X -0.316662 0.733978 -0.600833
Y 0.351230 0.679137 0.644523
Z 0.881114 -0.006934 -0.472852

PART 31
OFFSET 18.514660 -10.429118 -11.210174
SCALE 1.000000 1.000000 1.000000
X -0.631127 -0.159026 0.759203
Y 0.520380 -0.812628 0.262376
Z 0.575224 0.560667 0.595626

PART 32
OFFSET 17.914979 -11.002014 -11.937505
SCALE 1.000000 1.000000 1.000000
X 0.013315 -0.823449 0.567234
Y 0.760456 -0.360005 -0.540466
Z 0.649253 0.438552 0.621403

PART 33
OFFSET 15.048065 -11.314169 -10.684840
SCALE 1.000000 1.000000 1.000000
X -0.501387 -0.049399 0.863812
Y 0.555246 -0.784044 0.277447
Z 0.663561 0.618736 0.420538

PART 34
OFFSET 15.588590 -10.965709 -10.361120
SCALE 1.000000 1.000000 1.000000
X -0.604329 0.025129 0.796338
Y 0.539079 -0.723079 0.431916
Z 0.586669 0.690309 0.423431

PART 35
OFFSET 15.540626 -9.855805 -9.411610
SCALE 1.000000 1.000000 1.000000
X -0.540626 -0.772211 0.333788
Y 0.035906 -0.417589 -0.907926
Z 0.840496 -0.478864 0.253486

PART 36
OFFSET 12.316855 -10.717388 -6.075182
SCALE 1.000000 1.000000 1.000000
X -0.532811 -0.103950 0.839826
Y -0.658618 0.674086 -0.334411
Z -0.531353 -0.731302 -0.427623

PART 37
OFFSET 19.583213 4.300323 -17.836521
SCALE 1.000000 1.000000 1.000000
X -0.212176 -0.914564 -0.344318
Y -0.941040 0.096216 0.324323
Z -0.263486 0.392831 -0.881056

PART 38
OFFSET 19.205718 4.076007 -18.471342
SCALE 1.000000 1.000000 1.000000
X -0.439886 -0.842971 -0.309679
Y -0.793910 0.203839 0.572850
Z -0.419771 0.497846 -0.758908

PART 39
OFFSET 16.786063 5.605467 -19.364085
SCALE 1.000000 1.000000 1.000000
X 0.117344 -0.925221 -0.360828
Y -0.863935 -0.274286 0.422354
Z -0.489741 0.262171 -0.831517

PART 40
OFFSET 17.558206 5.471145 -18.780852
SCALE 1.000000 1.000000 1.000000
X 0.382278 -0.825134 -0.415953
Y -0.764497 -0.535266 0.359214
Z -0.519045 0.180675 -0.835433

PART 41
OFFSET 16.308482 3.445112 -16.068543
SCALE 1.000000 1.000000 1.000000
X 0.838825 -0.518763 -0.165102
Y -0.137187 -0.494910 0.858046
Z -0.526833 -0.697101 -0.486310

PART 42
OFFSET 19.622936 -10.138283 -12.548454
SCALE 1.000000 1.000000 1.000000
X -0.211976 -0.832719 0.511513
Y 0.839070 -0.423417 -0.341584
Z 0.501027 0.356788 0.788463

PART 43
OFFSET 17.887906 -9.390769 -13.045176
SCALE 1.000000 1.000000 1.000000
X 0.569592 -0.817481 -0.085382
Y 0.204177 0.241352 -0.948716
Z 0.796164 0.522947 0.304383

PART 44
OFFSET 16.380334 -11.179819 -12.598126
SCALE 1.000000 1.000000 1.000000
X 0.104408 -0.774914 0.623384
Y 0.657143 -0.416731 -0.628090
Z 0.746499 0.475230 0.465719

PART 45
OFFSET 17.066423 -11.117429 -12.503511
SCALE 1.000000 1.000000 1.000000
X 0.032077 -0.854818 0.517936
Y 0.544817 -0.419493 -0.726086
Z 0.837941 0.305470 0.452263

PART 46
OFFSET 16.683577 -8.090727 -10.092288
SCALE 1.000000 1.000000 1.000000
X -0.595512 -0.341472 0.727161
Y -0.198084 -0.814801 -0.544850
Z 0.778542 -0.468504 0.417583

PART 47
OFFSET 19.229708 3.172194 -18.095631
SCALE 1.000000 1.000000 1.000000
X -0.629323 -0.775928 0.043447
Y -0.696623 0.588018 0.411036
Z -0.344482 0.228408 -0.910583

PART 48
OFFSET 18.539758 2.848968 -18.912048
SCALE 1.000000 1.000000 1.000000
X -0.895357 -0.353578 0.270774
Y -0.111099 0.766114 0.633030
Z -0.431270 0.536705 -0.725227

PART 49
OFFSET 16.952782 4.311404 -19.872910
SCALE 1.000000 1.000000 1.000000
X -0.461154 -0.858533 0.224183
Y -0.754345 0.512362 0.410425
Z -0.467227 0.020158 -0.883908

PART 50
OFFSET 18.209540 4.028609 -19.498723
SCALE 1.000000 1.000000 1.000000
X -0.564835 -0.791814 0.232364
Y -0.639636 0.598009 0.482961
Z -0.521371 0.124165 -0.844248

PART 51
OFFSET 17.502958 2.445443 -16.269143
SCALE 1.000000 1.000000 1.000000
X 0.509110 -0.858516 0.061294
Y -0.329819 -0.128817 0.935214
Z -0.795001 -0.496343 -0.348737

PART 52
OFFSET 19.730751 -9.027413 -12.966257
SCALE 1.000000 1.000000 1.000000
X 0.337776 -0.941067 -0.017342
Y 0.774892 0.288496 -0.562417
Z 0.534275 0.176533 0.826672

PART 53
OFFSET 16.998483 -8.286783 -12.723391
SCALE 1.000000 1.000000 1.000000
X 0.360203 0.111199 -0.926223
Y -0.586663 0.798963 -0.132230
Z 0.725314 0.591010 0.353025

PART 54
OFFSET 16.238961 -10.141045 -13.444158
SCALE 1.000000 1.000000 1.000000
X 0.295279 -0.945146 0.139675
Y 0.603656 0.071245 -0.794055
Z 0.740547 0.318783 0.591580

PART 55
OFFSET 17.017190 -9.776173 -13.344589
SCALE 1.000000 1.000000 1.000000
X 0.356238 -0.934008 -0.026900
Y 0.366946 0.166317 -0.915254
Z 0.859328 0.316177 0.401979

PART 56
OFFSET 17.453932 -7.844774 -11.389958
SCALE 1.000000 1.000000 1.000000
X -0.225735 0.314582 0.921999
Y -0.727447 -0.683936 0.055254
Z 0.647970 -0.658233 0.383230

PART 57
OFFSET 18.518925 2.295761 -18.046580
SCALE 1.000000 1.000000 1.000000
X 0.736347 -0.213795 -0.641939
Y 0.432167 0.878625 0.203102
Z 0.520601 -0.426978 0.739368

PART 58
OFFSET 17.522723 2.451774 -18.610957
SCALE 1.000000 1.000000 1.000000
X 0.786734 -0.254664 -0.562313
Y 0.458627 0.850858 0.256324
Z 0.413172 -0.459551 0.786194

PART 59
OFFSET 16.555906 3.563671 -19.681351
SCALE 1.000000 1.000000 1.000000
X -0.792479 -0.116225 0.598723
Y -0.139224 0.990229 0.007946
Z -0.593797 -0.077059 -0.800917

PART 60
OFFSET 17.420797 2.935357 -19.171608
SCALE 1.000000 1.000000 1.000000
X -0.877947 -0.082916 0.471522
Y 0.017275 0.978761 0.204278
Z -0.478445 0.187491 -0.857868

PART 61
OFFSET 18.011497 1.492115 -16.202906
SCALE 1.000000 1.000000 1.000000
X 0.818500 -0.341475 0.462010
Y 0.408577 0.911339 -0.050262
Z -0.403885 0.229906 0.885449

PART 62
OFFSET 19.349293 -7.964498 -12.946677
SCALE 1.000000 1.000000 1.000000
X -0.658586 0.095639 0.746403
Y -0.158544 0.951991 -0.261872
Z -0.735614 -0.290802 -0.611805

PART 63
OFFSET 16.585006 -8.416359 -11.676943
SCALE 1.000000 1.000000 1.000000
X 0.048982 -0.635648 0.770423
Y -0.626067 0.581469 0.519552
Z -0.778230 -0.507785 -0.369477

PART 64
OFFSET 15.983538 -9.328114 -13.569923
SCALE 1.000000 1.000000 1.000000
X 0.509848 -0.597501 -0.618909
Y 0.211645 0.784449 -0.582964
Z 0.833824 0.166234 0.526407

PART 65
OFFSET 16.483365 -8.549703 -13.108704
SCALE 1.000000 1.000000 1.000000
X 0.435576 0.036675 -0.899405
Y -0.296754 0.949163 -0.105011
Z 0.849830 0.312642 0.424316

PART 66
OFFSET 17.680788 -8.143233 -12.405513
SCALE 1.000000 1.000000 1.000000
X -0.732784 0.514064 0.445832
Y -0.144240 0.522955 -0.840067
Z -0.664998 -0.679895 -0.309064

PART 67
OFFSET 15.803032 3.453253 -19.112548
SCALE 1.000000 1.000000 1.000000
X 0.779943 -0.521379 -0.346198
Y 0.330086 0.812661 -0.480234
Z 0.531725 0.260280 0.805929

PART 68
OFFSET 16.468694 2.845405 -18.660274
SCALE 1.000000 1.000000 1.000000
X 0.683559 -0.480913 -0.549062
Y 0.537256 0.840714 -0.067504
Z 0.494067 -0.248844 0.833051

PART 69
OFFSET 15.499154 -8.760472 -12.981944
SCALE 1.000000 1.000000 1.000000
X -0.644215 -0.059604 0.762518
Y -0.063277 0.997695 0.024528
Z -0.762222 -0.032448 -0.646502

PART 70
OFFSET 16.010975 -8.589421 -12.133270
SCALE 1.000000 1.000000 1.000000
X -0.141610 -0.555240 0.819546
Y -0.527807 0.742745 0.412007
Z -0.837476 -0.374218 -0.398240

PART 71
OFFSET 0.000000 0.000000 0.000000
SCALE 1.000000 1.000000 1.000000
X 1.000000 0.000000 0.000000
Y 0.000000 1.000000 0.000000
Z 0.000000 0.000000 1.000000

PART 72
OFFSET 0.000000 0.000000 0.000000
SCALE 1.000000 1.000000 1.000000
X 1.000000 0.000000 0.000000
Y 0.000000 1.000000 0.000000
Z 0.000000 0.000000 1.000000

PART 73
OFFSET 1.540557 -0.000000 4.135821
SCALE 1.000000 1.000000 1.000000
X 1.000000 0.000000 0.000000
Y 0.000000 1.000000 0.000000
Z 0.000000 0.000000 1.000000

PART 74
OFFSET -4.631835 0.000000 -1.376957
SCALE 1.000000 1.000000 1.000000
X 1.000000 0.000000 0.000000
Y 0.000000 1.000000 0.000000
Z 0.000000 0.000000 1.000000

FRAME 1
PART 0
OFFSET 0.000000 0.000000 0.000000
SCALE 1.000000 1.000000 1.000000
X 1.000000 0.000000 0.000000
Y 0.000000 1.000000 0.000000
Z 0.000000 0.000000 1.000000

PART 1
OFFSET 2.268838 7.736306 -2.841764
SCALE 1.000000 1.000000 1.000000
X 0.122604 0.057767 -0.990773
Y 0.372812 -0.927873 -0.007966
Z -0.919771 -0.368396 -0.135297

PART 2
OFFSET -4.352372 -4.371736 0.998002
SCALE 1.000000 1.000000 1.000000
X -0.758926 0.188108 0.623416
Y -0.507075 -0.771361 -0.384548
Z 0.408542 -0.607962 0.680791

PART 3
OFFSET 18.419282 -9.772237 -12.132436
SCALE 1.000000 1.000000 1.000000
X 0.770916 -0.017363 -0.636700
Y -0.145970 0.968207 -0.203143
Z 0.619985 0.249546 0.743872

PART 4
OFFSET 13.908927 18.076323 -17.331985
SCALE 1.000000 1.000000 1.000000
X 0.998737 0.041892 -0.027740
Y 0.021387 0.145113 0.989184
Z 0.045465 -0.988528 0.144033

PART 5
OFFSET 3.542707 8.659226 -15.460213
SCALE 1.000000 1.000000 1.000000
X 0.976474 -0.205966 -0.063841
Y 0.056568 -0.041014 0.997556
Z -0.208081 -0.977699 -0.028398

PART 6
OFFSET 5.129073 -6.323142 -5.001895
SCALE 1.000000 1.000000 1.000000
X -0.849938 0.382595 0.362251
Y -0.367745 0.061596 -0.927884
Z -0.377317 -0.921860 0.088345

PART 7
OFFSET 18.419282 -9.772237 -12.132436
SCALE 1.000000 1.000000 1.000000
X 0.770916 -0.017363 -0.636700
Y -0.145970 0.968207 -0.203143
Z 0.619985 0.249546 0.743872

PART 8
OFFSET 13.338868 7.539780 -17.120456
SCALE 1.000000 1.000000 1.000000
X 0.976681 -0.203058 -0.069723
Y 0.204509 0.978761 0.014268
Z 0.065345 -0.028194 0.997464

PART 9
OFFSET 12.615322 6.035978 -17.341192
SCALE 1.000000 1.000000 1.000000
X 0.976681 -0.203058 -0.069723
Y 0.204509 0.978761 0.014268
Z 0.065345 -0.028194 0.997464

PART 10
OFFSET 13.972126 7.219530 -14.623937
SCALE 1.000000 1.000000 1.000000
X 0.976681 -0.203058 -0.069723
Y 0.204509 0.978761 0.014268
Z 0.065345 -0.028194 0.997464

PART 11
OFFSET 13.611446 5.935968 -14.439883
SCALE 1.000000 1.000000 1.000000
X 0.976681 -0.203058 -0.069723
Y 0.204509 0.978761 0.014268
Z 0.065345 -0.028194 0.997464

PART 12
OFFSET 13.055968 5.461646 -15.389698
SCALE 1.000000 1.000000 1.000000
X 0.976681 -0.203058 -0.069723
Y 0.204509 0.978761 0.014268
Z 0.065345 -0.028194 0.997464

PART 13
OFFSET 14.819451 6.175837 -16.164496
SCALE 1.000000 1.000000 1.000000
X 0.949150 -0.280068 -0.143794
Y -0.083279 -0.663826 0.743236
Z -0.303611 -0.693468 -0.653394

PART 14
OFFSET 11.828611 6.857355 -16.049396
SCALE 1.000000 1.000000 1.000000
X 0.975887 -0.214506 -0.040386
Y -0.023346 -0.286537 0.957785
Z -0.217022 -0.933747 -0.284636

PART 15
OFFSET 14.240254 -11.128761 -7.333419
SCALE 1.000000 1.000000 1.000000
X -0.846696 0.384726 0.367547
Y 0.384935 0.919806 -0.076044
Z -0.367328 0.077095 -0.926891

PART 16
OFFSET 14.734865 -9.882720 -7.214103
SCALE 1.000000 1.000000 1.000000
X -0.846696 0.384726 0.367547
Y 0.384935 0.919806 -0.076044
Z -0.367328 0.077095 -0.926891

PART 17
OFFSET 14.284364 -9.117739 -8.018820
SCALE 1.000000 1.000000 1.000000
X -0.846696 0.384726 0.367547
Y 0.384935 0.919806 -0.076044
Z -0.367328 0.077095 -0.926891

PART 18
OFFSET 15.101626 -10.747492 -9.138270
SCALE 1.000000 1.000000 1.000000
X -0.796080 -0.022861 0.604759
Y -0.442250 -0.660170 -0.607116
Z 0.413124 -0.750768 0.515438

PART 19
OFFSET 12.355541 -9.497866 -8.157111
SCALE 1.000000 1.000000 1.000000
X -0.868222 0.370911 0.329568
Y -0.454286 -0.327125 -0.828622
Z -0.199535 -0.869146 0.452516

PART 20
OFFSET 23.775012 -8.834356 -11.511133
SCALE 1.000000 1.000000 1.000000
X 0.770916 -0.017363 -0.636700
Y -0.145970 0.968207 -0.203143
Z 0.619985 0.249546 0.743872

PART 21
OFFSET 24.863025 -9.142906 -13.052195
SCALE 1.000000 1.000000 1.000000
X 0.770916 -0.017363 -0.636700
Y -0.472640 0.654499 -0.590120
Z 0.426966 0.755863 0.496358

PART 22
OFFSET 36.494214 -9.277853 -22.764012
SCALE 1.000000 1.000000 1.000000
X 0.770916 -0.017363 -0.636700
Y -0.145970 0.968207 -0.203143
Z 0.619985 0.249546 0.743872

PART 23
OFFSET 22.438516 -9.748591 -14.907786
SCALE 1.000000 1.000000 1.000000
X 0.770916 -0.017363 -0.636700
Y -0.145970 0.968207 -0.203143
Z 0.619985 0.249546 0.743872

PART 24
OFFSET 18.552043 4.863429 -15.950969
SCALE 1.000000 1.000000 1.000000
X 0.809589 -0.293922 -0.508109
Y -0.541338 -0.708558 -0.452658
Z -0.226978 0.641526 -0.732752

PART 25
OFFSET 18.519510 5.468241 -16.850092
SCALE 1.000000 1.000000 1.000000
X 0.541488 -0.754529 -0.370780
Y -0.840559 -0.494224 -0.221820
Z -0.015879 0.431775 -0.901842

PART 26
OFFSET 15.804850 6.509052 -17.236307
SCALE 1.000000 1.000000 1.000000
X 0.601061 -0.432006 -0.672381
Y -0.773053 -0.527722 -0.351992
Z -0.202768 0.731355 -0.651157

PART 27
OFFSET 15.899788 6.155606 -16.626910
SCALE 1.000000 1.000000 1.000000
X 0.782690 -0.351498 -0.513659
Y -0.618344 -0.533320 -0.577252
Z -0.071042 0.769428 -0.634771

PART 28
OFFSET 15.104347 5.069109 -15.724174
SCALE 1.000000 1.000000 1.000000
X 0.650180 -0.749132 0.126756
Y -0.349790 -0.147036 0.925218
Z -0.674473 -0.645896 -0.357638

PART 29
OFFSET 17.450431 3.886767 -15.777912
SCALE 1.000000 1.000000 1.000000
X 0.824740 -0.327966 -0.460697
Y 0.562803 0.555645 0.611973
Z 0.055277 -0.764001 0.642843

PART 30
OFFSET 16.974982 4.717509 -17.950587
SCALE 1.000000 1.000000 1.000000
X -0.259116 0.720057 -0.643721
Y 0.303666 0.693422 0.653417
Z 0.916867 -0.026166 -0.398334

PART 31
OFFSET 18.673092 -10.446706 -10.856845
SCALE 1.000000 1.000000 1.000000
X -0.646279 -0.155766 0.747035
Y 0.504764 -0.821447 0.265402
Z 0.572308 0.548600 0.609509

PART 32
OFFSET 18.078451 -11.006277 -11.598546
SCALE 1.000000 1.000000 1.000000
X -0.007610 -0.827515 0.561392
Y 0.764801 -0.366498 -0.529866
Z 0.644221 0.425321 0.635674

PART 33
OFFSET 15.186307 -11.288241 -10.397794
SCALE 1.000000 1.000000 1.000000
X -0.516907 -0.048650 0.854658
Y 0.539745 -0.793447 0.281278
Z 0.664441 0.606692 0.436397

PART 34
OFFSET 15.725782 -10.949441 -10.062282
SCALE 1.000000 1.000000 1.000000
X -0.617651 0.027742 0.785963
Y 0.521725 -0.733354 0.435885
Z 0.588481 0.679281 0.438483

PART 35
OFFSET 15.676312 -9.845687 -9.105707
SCALE 1.000000 1.000000 1.000000
X -0.556680 -0.767120 0.318802
Y 0.046015 -0.411648 -0.910180
Z 0.829452 -0.492009 0.264456

PART 36
OFFSET 12.383873 -10.686807 -5.831697
SCALE 1.000000 1.000000 1.000000
X -0.548642 -0.102599 0.829738
Y -0.643585 0.685306 -0.340814
Z -0.533657 -0.720992 -0.442019

PART 37
OFFSET 19.892650 4.217487 -16.888732
SCALE 1.000000 1.000000 1.000000
X -0.130106 -0.923826 -0.360024
Y -0.977756 0.059295 0.201191
Z -0.164518 0.378192 -0.910991

PART 38
OFFSET 19.573742 3.986954 -17.577408
SCALE 1.000000 1.000000 1.000000
X -0.350570 -0.868385 -0.350726
Y -0.864300 0.155763 0.478251
Z -0.360676 0.470793 -0.805150

PART 39
OFFSET 17.204873 5.481147 -18.698420
SCALE 1.000000 1.000000 1.000000
X 0.183073 -0.912758 -0.365181
Y -0.888868 -0.312376 0.335164
Z -0.419998 0.263238 -0.868509

PART 40
OFFSET 17.933053 5.366222 -18.053605
SCALE 1.000000 1.000000 1.000000
X 0.437708 -0.817608 -0.374071
Y -0.786132 -0.549924 0.282100
Z -0.436358 0.170591 -0.883454

PART 41
OFFSET 16.422229 3.399235 -15.390906
SCALE 1.000000 1.000000 1.000000
X 0.841670 -0.533798 -0.081553
Y -0.211955 -0.465484 0.859302
Z -0.496656 -0.705963 -0.504925

PART 42
OFFSET 19.808218 -10.161561 -12.173672
SCALE 1.000000 1.000000 1.000000
X -0.232005 -0.833335 0.501723
Y 0.839089 -0.432368 -0.330133
Z 0.492041 0.344398 0.799554

PART 43
OFFSET 18.092283 -9.387077 -12.694804
SCALE 1.000000 1.000000 1.000000
X 0.559933 -0.824523 -0.081471
Y 0.223831 0.245209 -0.943277
Z 0.797731 0.509936 0.321854

PART 44
OFFSET 16.553235 -11.158566 -12.286801
SCALE 1.000000 1.000000 1.000000
X 0.083141 -0.780622 0.619449
Y 0.662263 -0.421199 -0.619677
Z 0.744644 0.461759 0.481958

PART 45
OFFSET 17.238359 -11.106171 -12.179921
SCALE 1.000000 1.000000 1.000000
X 0.011580 -0.858793 0.512192
Y 0.551625 -0.421745 -0.719612
Z 0.834012 0.290871 0.468848

PART 46
OFFSET 16.854554 -8.091563 -9.753746
SCALE 1.000000 1.000000 1.000000
X -0.612572 -0.338450 0.714288
Y -0.199561 -0.808186 -0.554085
Z 0.764808 -0.481961 0.427531

PART 47
OFFSET 19.643882 3.069701 -17.193557
SCALE 1.000000 1.000000 1.000000
X -0.560870 -0.825863 -0.058088
Y -0.796516 0.519141 0.309926
Z -0.225800 0.220096 -0.948985

PART 48
OFFSET 19.050823 2.719598 -18.085755
SCALE 1.000000 1.000000 1.000000
X -0.886223 -0.435963 0.156671
Y -0.257944 0.745293 0.614820
Z -0.384804 0.504455 -0.772949

PART 49
OFFSET 17.463449 4.211915 -19.211618
SCALE 1.000000 1.000000 1.000000
X -0.418276 -0.897210 0.141631
Y -0.825103 0.440507 0.353778
Z -0.379803 0.031117 -0.924544

PART 50
OFFSET 18.680075 3.950706 -18.696802
SCALE 1.000000 1.000000 1.000000
X -0.536315 -0.830601 0.149895
Y -0.724073 0.544039 0.423957
Z -0.433688 0.118840 -0.893192

PART 51
OFFSET 17.622622 2.384810 -15.464942
SCALE 1.000000 1.000000 1.000000
X 0.509103 -0.851185 0.127664
Y -0.398854 -0.101873 0.911338
Z -0.762712 -0.514885 -0.391363

PART 52
OFFSET 19.938207 -9.049351 -12.581478
SCALE 1.000000 1.000000 1.000000
X 0.325325 -0.945424 -0.018348
Y 0.788340 0.281884 -0.546865
Z 0.522191 0.163445 0.837020

PART 53
OFFSET 17.212352 -8.273399 -12.380409
SCALE 1.000000 1.000000 1.000000
X 0.377678 0.112794 -0.919041
Y -0.573475 0.807766 -0.136531
Z 0.726970 0.578612 0.369759

PART 54
OFFSET 16.440550 -10.112049 -13.127581
SCALE 1.000000 1.000000 1.000000
X 0.280060 -0.950029 0.137879
Y 0.618236 0.068613 -0.782992
Z 0.734405 0.304526 0.606558

PART 55
OFFSET 17.221777 -9.758493 -13.011964
SCALE 1.000000 1.000000 1.000000
X 0.344042 -0.938550 -0.027536
Y 0.384964 0.167742 -0.907560
Z 0.856410 0.301639 0.419018

PART 56
OFFSET 17.650532 -7.846988 -11.036123
SCALE 1.000000 1.000000 1.000000
X -0.237429 0.311134 0.920230
Y -0.737438 -0.674360 0.037737
Z 0.632307 -0.669652 0.389555

PART 57
OFFSET 19.010421 2.136869 -17.259184
SCALE 1.000000 1.000000 1.000000
X 0.837703 -0.137727 -0.528475
Y 0.321810 0.906316 0.273915
Z 0.441240 -0.399528 0.803545

PART 58
OFFSET 18.044566 2.228882 -17.914220
SCALE 1.000000 1.000000 1.000000
X 0.870320 -0.176014 -0.459959
Y 0.344087 0.885512 0.312207
Z 0.352346 -0.429986 0.831242

PART 59
OFFSET 17.106227 3.433751 -19.092310
SCALE 1.000000 1.000000 1.000000
X -0.834297 -0.216675 0.506952
Y -0.225708 0.973178 0.044493
Z -0.502995 -0.077303 -0.860825

PART 60
OFFSET 17.938069 2.798347 -18.490485
SCALE 1.000000 1.000000 1.000000
X -0.914653 -0.179119 0.362390
Y -0.092588 0.965467 0.243516
Z -0.393494 0.189180 -0.899652

PART 61
OFFSET 18.131456 1.439020 -15.329290
SCALE 1.000000 1.000000 1.000000
X 0.783525 -0.318600 0.533463
Y 0.404706 0.913130 -0.049066
Z -0.471488 0.254340 0.844399

PART 62
OFFSET 19.570814 -7.981514 -12.560762
SCALE 1.000000 1.000000 1.000000
X -0.670080 0.099332 0.735613
Y -0.141148 0.955874 -0.257648
Z -0.728745 -0.276474 -0.626492

PART 63
OFFSET 16.779081 -8.404688 -11.342216
SCALE 1.000000 1.000000 1.000000
X 0.027052 -0.641646 0.766523
Y -0.627101 0.586258 0.512880
Z -0.778468 -0.494562 -0.386518

PART 64
OFFSET 16.198315 -9.294858 -13.251825
SCALE 1.000000 1.000000 1.000000
X 0.512410 -0.600010 -0.614349
Y 0.232263 0.785577 -0.573518
Z 0.826735 0.151185 0.541897

PART 65
OFFSET 16.700507 -8.526571 -12.776417
SCALE 1.000000 1.000000 1.000000
X 0.451556 0.037071 -0.891472
Y -0.282081 0.953822 -0.103218
Z 0.846479 0.298076 0.441161

PART 66
OFFSET 17.890922 -8.141360 -12.049755
SCALE 1.000000 1.000000 1.000000
X -0.733416 0.520828 0.436853
Y -0.122600 0.530756 -0.838610
Z -0.668634 -0.668608 -0.325411

PART 67
OFFSET 16.313624 3.227903 -18.610693
SCALE 1.000000 1.000000 1.000000
X 0.852977 -0.433821 -0.290225
Y 0.303149 0.864405 -0.401130
Z 0.424890 0.254174 0.868829

PART 68
OFFSET 16.946166 2.604066 -18.097502
SCALE 1.000000 1.000000 1.000000
X 0.780935 -0.394426 -0.484322
Y 0.464863 0.884911 0.028898
Z 0.417184 -0.247711 0.874412

PART 69
OFFSET 15.711497 -8.724832 -12.668179
SCALE 1.000000 1.000000 1.000000
X -0.658082 -0.056201 0.750846
Y -0.050253 0.998265 0.030676
Z -0.751267 -0.017545 -0.659765

PART 70
OFFSET 16.210787 -8.566718 -11.809586
SCALE 1.000000 1.000000 1.000000
X -0.163260 -0.559009 0.812930
Y -0.524821 0.746936 0.408228
Z -0.835410 -0.359995 -0.415324

PART 71
OFFSET 0.000000 0.000000 0.000000
SCALE 1.000000 1.000000 1.000000
X 1.000000 0.000000 0.000000
Y 0.000000 1.000000 0.000000
Z 0.000000 0.000000 1.000000

PART 72
OFFSET 0.000000 0.000000 0.000000
SCALE 1.000000 1.000000 1.000000
X 0.999997 0.000986 -0.002090
Y -0.000983 0.999999 0.001359
Z 0.002091 -0.001357 0.999997

PART 73
OFFSET 1.549202 -0.004094 4.132589
SCALE 1.000000 1.000000 1.000000
X 0.999997 0.000986 -0.002090
Y -0.000983 0.999999 0.001359
Z 0.002091 -0.001357 0.999997

PART 74
OFFSET -4.634702 -0.002697 -1.367273
SCALE 1.000000 1.000000 1.000000
X 0.999997 0.000986 -0.002090
Y -0.000983 0.999999 0.001359
Z 0.002091 -0.001357 0.999997

FRAME 2
PART 0
OFFSET 0.000000 0.000000 0.000000
SCALE 1.000000 1.000000 1.000000
X 1.000000 0.000000 0.000000
Y 0.000000 1.000000 0.000000
Z 0.000000 0.000000 1.000000

PART 1
OFFSET 3.243441 7.990038 -4.033257
SCALE 1.000000 1.000000 1.000000
X 0.136263 0.133674 -0.981613
Y 0.308602 -0.947281 -0.086160
Z -0.941381 -0.291187 -0.170332

PART 2
OFFSET -4.472014 -4.372438 0.923793
SCALE 1.000000 1.000000 1.000000
X -0.784644 0.186832 0.591124
Y -0.484705 -0.779361 -0.397060
Z 0.386516 -0.598072 0.702079

PART 3
OFFSET 18.278144 -9.486272 -10.929365
SCALE 1.000000 1.000000 1.000000
X 0.801229 -0.032497 -0.597474
Y -0.103109 0.976089 -0.191362
Z 0.589406 0.214930 0.778720

PART 4
OFFSET 13.908927 18.076323 -17.331985
SCALE 1.000000 1.000000 1.000000
X 0.998737 0.041892 -0.027740
Y 0.021387 0.145113 0.989184
Z 0.045465 -0.988528 0.144033

PART 5
OFFSET 4.715282 10.078827 -17.050389
SCALE 1.000000 1.000000 1.000000
X 0.923366 -0.340010 0.178292
Y -0.198364 -0.024912 0.979812
Z -0.328704 -0.940092 -0.090448

PART 6
OFFSET 5.256379 -6.291819 -4.677884
SCALE 1.000000 1.000000 1.000000
X -0.866924 0.378121 0.324757
Y -0.331208 0.049894 -0.942238
Z -0.372483 -0.924411 0.081982

PART 7
OFFSET 18.278144 -9.486272 -10.929365
SCALE 1.000000 1.000000 1.000000
X 0.801229 -0.032497 -0.597474
Y -0.103109 0.976089 -0.191362
Z 0.589406 0.214930 0.778720

PART 8
OFFSET 14.362962 7.581312 -16.238585
SCALE 1.000000 1.000000 1.000000
X 0.925426 -0.337297 0.172679
Y 0.328924 0.941302 0.075887
Z -0.188140 -0.013429 0.982050

PART 9
OFFSET 13.514321 6.186789 -16.649408
SCALE 1.000000 1.000000 1.000000
X 0.925426 -0.337297 0.172679
Y 0.328924 0.941302 0.075887
Z -0.188140 -0.013429 0.982050

PART 10
OFFSET 14.307650 7.235741 -13.666873
SCALE 1.000000 1.000000 1.000000
X 0.925426 -0.337297 0.172679
Y 0.328924 0.941302 0.075887
Z -0.188140 -0.013429 0.982050

PART 11
OFFSET 13.737435 6.018822 -13.592961
SCALE 1.000000 1.000000 1.000000
X 0.925426 -0.337297 0.172679
Y 0.328924 0.941302 0.075887
Z -0.188140 -0.013429 0.982050

PART 12
OFFSET 13.373820 5.603336 -14.656371
SCALE 1.000000 1.000000 1.000000
X 0.925426 -0.337297 0.172679
Y 0.328924 0.941302 0.075887
Z -0.188140 -0.013429 0.982050

PART 13
OFFSET 15.350504 6.032518 -14.957630
SCALE 1.000000 1.000000 1.000000
X 0.945835 -0.314465 0.080676
Y -0.267026 -0.612215 0.744238
Z -0.184646 -0.725468 -0.663024

PART 14
OFFSET 12.557682 7.150090 -15.570038
SCALE 1.000000 1.000000 1.000000
X 0.917928 -0.345324 0.195346
Y -0.275349 -0.199999 0.940310
Z -0.285643 -0.916925 -0.278670

PART 15
OFFSET 14.494283 -11.035433 -6.602164
SCALE 1.000000 1.000000 1.000000
X -0.863913 0.380329 0.330157
Y 0.379625 0.922536 -0.069372
Z -0.330966 0.065405 -0.941373

PART 16
OFFSET 14.972913 -9.783932 -6.475054
SCALE 1.000000 1.000000 1.000000
X -0.863913 0.380329 0.330157
Y 0.379625 0.922536 -0.069372
Z -0.330966 0.065405 -0.941373

PART 17
OFFSET 14.548013 -9.030352 -7.304085
SCALE 1.000000 1.000000 1.000000
X -0.863913 0.380329 0.330157
Y 0.379625 0.922536 -0.069372
Z -0.330966 0.065405 -0.941373

PART 18
OFFSET 15.415973 -10.669858 -8.378008
SCALE 1.000000 1.000000 1.000000
X -0.825993 -0.006104 0.563648
Y -0.432705 -0.633975 -0.640970
Z 0.361251 -0.773329 0.521017

PART 19
OFFSET 12.631027 -9.437018 -7.504726
SCALE 1.000000 1.000000 1.000000
X -0.881691 0.368177 0.295072
Y -0.411551 -0.294256 -0.862577
Z -0.230754 -0.881963 0.410967

PART 20
OFFSET 23.623726 -8.743684 -10.022288
SCALE 1.000000 1.000000 1.000000
X 0.801229 -0.032497 -0.597474
Y -0.103109 0.976089 -0.191362
Z 0.589406 0.214930 0.778720

PART 21
OFFSET 24.777660 -9.062001 -11.512576
SCALE 1.000000 1.000000 1.000000
X 0.801229 -0.032497 -0.597474
Y -0.419995 0.680667 -0.600247
Z 0.426187 0.731872 0.531722

PART 22
OFFSET 36.875796 -9.423511 -20.629952
SCALE 1.000000 1.000000 1.000000
X 0.801229 -0.032497 -0.597474
Y -0.103109 0.976089 -0.191362
Z 0.589406 0.214930 0.778720

PART 23
OFFSET 22.431610 -9.551255 -13.498777
SCALE 1.000000 1.000000 1.000000
X 0.801229 -0.032497 -0.597474
Y -0.103109 0.976089 -0.191362
Z 0.589406 0.214930 0.778720

PART 24
OFFSET 18.893168 4.639088 -13.862988
SCALE 1.000000 1.000000 1.000000
X 0.915491 -0.320549 -0.243155
Y -0.402234 -0.742970 -0.534979
Z -0.009170 0.587574 -0.809119

PART 25
OFFSET 19.073067 5.185655 -14.785770
SCALE 1.000000 1.000000 1.000000
X 0.638484 -0.747992 -0.181234
Y -0.745039 -0.541644 -0.389280
Z 0.193014 0.383575 -0.903114

PART 26
OFFSET 16.540747 6.273977 -15.810286
SCALE 1.000000 1.000000 1.000000
X 0.732413 -0.471667 -0.491021
Y -0.679467 -0.552462 -0.482816
Z -0.043542 0.687253 -0.725112

PART 27
OFFSET 16.494350 5.944103 -15.180503
SCALE 1.000000 1.000000 1.000000
X 0.874808 -0.383123 -0.296526
Y -0.476043 -0.566113 -0.672978
Z 0.089966 0.729885 -0.677624

PART 28
OFFSET 15.485508 4.948410 -14.397854
SCALE 1.000000 1.000000 1.000000
X 0.563237 -0.758844 0.326987
Y -0.555068 -0.054328 0.830029
Z -0.612098 -0.649003 -0.451810

PART 29
OFFSET 17.743283 3.702204 -13.882645
SCALE 1.000000 1.000000 1.000000
X 0.890232 -0.379208 -0.252365
Y 0.440915 0.578263 0.686444
Z -0.114372 -0.722366 0.681987

PART 30
OFFSET 17.777360 4.404354 -16.150359
SCALE 1.000000 1.000000 1.000000
X -0.086170 0.684023 -0.724353
Y 0.184694 0.725422 0.663061
Z 0.979011 -0.076647 -0.188844

PART 31
OFFSET 19.077895 -10.461698 -9.909783
SCALE 1.000000 1.000000 1.000000
X -0.688098 -0.146517 0.710671
Y 0.463025 -0.842744 0.274572
Z 0.558684 0.517991 0.647732

PART 32
OFFSET 18.503247 -10.987588 -10.690842
SCALE 1.000000 1.000000 1.000000
X -0.063593 -0.836407 0.544407
Y 0.778010 -0.383200 -0.497854
Z 0.625025 0.391894 0.675102

PART 33
OFFSET 15.546237 -11.191193 -9.641820
SCALE 1.000000 1.000000 1.000000
X -0.560843 -0.045783 0.826656
Y 0.498072 -0.816239 0.292710
Z 0.661347 0.575898 0.480584

PART 34
OFFSET 16.079027 -10.876955 -9.273342
SCALE 1.000000 1.000000 1.000000
X -0.655379 0.035199 0.754480
Y 0.474260 -0.758263 0.447341
Z 0.587840 0.650998 0.480256

PART 35
OFFSET 16.018008 -9.788965 -8.299529
SCALE 1.000000 1.000000 1.000000
X -0.597360 -0.753037 0.275856
Y 0.078287 -0.397084 -0.914437
Z 0.798143 -0.524652 0.296156

PART 36
OFFSET 12.537853 -10.573678 -5.210917
SCALE 1.000000 1.000000 1.000000
X -0.593056 -0.098171 0.799154
Y -0.602311 0.712770 -0.359418
Z -0.534328 -0.694494 -0.481842

PART 37
OFFSET 20.459996 3.982184 -14.336415
SCALE 1.000000 1.000000 1.000000
X 0.079706 -0.939644 -0.332741
Y -0.991770 -0.041200 -0.121226
Z 0.100200 0.339664 -0.935194

PART 38
OFFSET 20.324068 3.730995 -15.139383
SCALE 1.000000 1.000000 1.000000
X -0.112286 -0.916343 -0.384326
Y -0.976859 0.030940 0.211634
Z -0.182038 0.399196 -0.898612

PART 39
OFFSET 18.202162 5.135283 -16.836769
SCALE 1.000000 1.000000 1.000000
X 0.350269 -0.876057 -0.331413
Y -0.908813 -0.403494 0.106076
Z -0.226652 0.264037 -0.937504

PART 40
OFFSET 18.790903 5.069442 -16.047155
SCALE 1.000000 1.000000 1.000000
X 0.554436 -0.798100 -0.235875
Y -0.806790 -0.584987 0.082944
Z -0.204181 0.144315 -0.968237

PART 41
OFFSET 16.603997 3.264761 -13.648213
SCALE 1.000000 1.000000 1.000000
X 0.809439 -0.571962 0.132919
Y -0.410901 -0.390004 0.824049
Z -0.419486 -0.721634 -0.550705

PART 42
OFFSET 20.287099 -10.192725 -11.162513
SCALE 1.000000 1.000000 1.000000
X -0.284749 -0.833504 0.473485
Y 0.839849 -0.455041 -0.295960
Z 0.462139 0.313382 0.829590

PART 43
OFFSET 18.626511 -9.350991 -11.753922
SCALE 1.000000 1.000000 1.000000
X 0.535554 -0.841670 -0.069093
Y 0.279347 0.253768 -0.926049
Z 0.796961 0.476648 0.371025

PART 44
OFFSET 17.010599 -11.075559 -11.457289
SCALE 1.000000 1.000000 1.000000
X 0.025615 -0.793670 0.607808
Y 0.678378 -0.432785 -0.593717
Z 0.734266 0.427532 0.527323

PART 45
OFFSET 17.690799 -11.048524 -11.315301
SCALE 1.000000 1.000000 1.000000
X -0.042990 -0.867467 0.495633
Y 0.572984 -0.427804 -0.699051
Z 0.818438 0.253938 0.515437

PART 46
OFFSET 17.285347 -8.065210 -8.854217
SCALE 1.000000 1.000000 1.000000
X -0.658884 -0.329650 0.676168
Y -0.198079 -0.791116 -0.578706
Z 0.725698 -0.515235 0.455957

PART 47
OFFSET 20.499560 2.807305 -14.652562
SCALE 1.000000 1.000000 1.000000
X -0.310543 -0.924933 -0.219229
Y -0.946751 0.321585 -0.015681
Z 0.085005 0.202686 -0.975547

PART 48
OFFSET 20.185396 2.394780 -15.701330
SCALE 1.000000 1.000000 1.000000
X -0.773944 -0.626610 -0.091491
Y -0.589191 0.659585 0.466692
Z -0.232087 0.415099 -0.879675

PART 49
OFFSET 18.689438 3.935055 -17.297794
SCALE 1.000000 1.000000 1.000000
X -0.256894 -0.966202 -0.021435
Y -0.955613 0.250643 0.154863
Z -0.144256 0.060267 -0.987703

PART 50
OFFSET 19.731724 3.721750 -16.446305
SCALE 1.000000 1.000000 1.000000
X -0.413159 -0.910485 -0.017782
Y -0.890505 0.399854 0.217065
Z -0.190524 0.105518 -0.975995

PART 51
OFFSET 17.755750 2.212830 -13.398455
SCALE 1.000000 1.000000 1.000000
X 0.468872 -0.832965 0.293817
Y -0.570994 -0.032050 0.820328
Z -0.673888 -0.552397 -0.490645

PART 52
OFFSET 20.474559 -9.078692 -11.541991
SCALE 1.000000 1.000000 1.000000
X 0.294148 -0.955548 -0.020111
Y 0.823969 0.264194 -0.501275
Z 0.484306 0.130878 0.865054

PART 53
OFFSET 17.769389 -8.213473 -11.462723
SCALE 1.000000 1.000000 1.000000
X 0.427272 0.115762 -0.896682
Y -0.538592 0.829180 -0.149594
Z 0.726193 0.546863 0.416634

PART 54
OFFSET 16.975561 -10.011326 -12.282509
SCALE 1.000000 1.000000 1.000000
X 0.240904 -0.961318 0.133540
Y 0.659023 0.061014 -0.749644
Z 0.712499 0.268598 0.648229

PART 55
OFFSET 17.761281 -9.686796 -12.121239
SCALE 1.000000 1.000000 1.000000
X 0.313525 -0.949161 -0.028219
Y 0.435788 0.170225 -0.883806
Z 0.843677 0.264797 0.467002

PART 56
OFFSET 18.152929 -7.825762 -10.090281
SCALE 1.000000 1.000000 1.000000
X -0.273208 0.303025 0.912980
Y -0.760466 -0.649265 -0.012073
Z 0.589108 -0.697589 0.407825

PART 57
OFFSET 20.148850 1.762584 -14.900180
SCALE 1.000000 1.000000 1.000000
X 0.979499 0.067901 -0.189661
Y -0.001032 0.943161 0.332334
Z 0.201446 -0.325325 0.923896

PART 58
OFFSET 19.307618 1.687570 -15.811509
SCALE 1.000000 1.000000 1.000000
X 0.985324 0.030953 -0.167862
Y 0.030345 0.935992 0.350712
Z 0.167973 -0.350659 0.921316

PART 59
OFFSET 18.476359 3.106249 -17.318636
SCALE 1.000000 1.000000 1.000000
X -0.855050 -0.453955 0.250627
Y -0.456210 0.888318 0.052562
Z -0.246497 -0.069395 -0.966656

PART 60
OFFSET 19.186315 2.452433 -16.480874
SCALE 1.000000 1.000000 1.000000
X -0.909399 -0.409303 0.073927
Y -0.381843 0.892052 0.241744
Z -0.164893 0.191613 -0.967520

PART 61
OFFSET 18.222215 1.286214 -13.089219
SCALE 1.000000 1.000000 1.000000
X 0.661293 -0.266663 0.701130
Y 0.411962 0.910215 -0.042369
Z -0.626881 0.316857 0.711774

PART 62
OFFSET 20.142379 -7.999422 -11.519279
SCALE 1.000000 1.000000 1.000000
X -0.702776 0.109407 0.702948
Y -0.095990 0.964485 -0.246079
Z -0.704905 -0.240414 -0.667315

PART 63
OFFSET 17.279977 -8.347885 -10.450193
SCALE 1.000000 1.000000 1.000000
X -0.033186 -0.655430 0.754527
Y -0.632380 0.598378 0.491975
Z -0.773947 -0.460821 -0.434339

PART 64
OFFSET 16.767294 -9.184281 -12.403079
SCALE 1.000000 1.000000 1.000000
X 0.522571 -0.606426 -0.599306
Y 0.287049 0.787022 -0.546076
Z 0.802821 0.113334 0.585349

PART 65
OFFSET 17.270102 -8.442030 -11.888566
SCALE 1.000000 1.000000 1.000000
X 0.497088 0.037090 -0.866907
Y -0.244549 0.964574 -0.098956
Z 0.832526 0.261191 0.488549

PART 66
OFFSET 18.434379 -8.110513 -11.096062
SCALE 1.000000 1.000000 1.000000
X -0.736825 0.537958 0.409500
Y -0.062235 0.549153 -0.833401
Z -0.673213 -0.639556 -0.371150

PART 67
OFFSET 17.664040 2.674980 -17.080534
SCALE 1.000000 1.000000 1.000000
X 0.976151 -0.200249 -0.083843
Y 0.174806 0.954041 -0.243411
Z 0.128733 0.222950 0.966293

PART 68
OFFSET 18.200121 2.008530 -16.400718
SCALE 1.000000 1.000000 1.000000
X 0.954112 -0.163816 -0.250668
Y 0.215650 0.956676 0.195618
Z 0.207763 -0.240698 0.948103

PART 69
OFFSET 16.270822 -8.608159 -11.833725
SCALE 1.000000 1.000000 1.000000
X -0.696755 -0.046687 0.715788
Y -0.018445 0.998716 0.047187
Z -0.717072 0.019674 -0.696721

PART 70
OFFSET 16.731002 -8.482198 -10.948375
SCALE 1.000000 1.000000 1.000000
X -0.222742 -0.567149 0.792924
Y -0.519627 0.757255 0.395667
Z -0.824848 -0.323893 -0.463378

PART 71
OFFSET 0.000000 0.000000 0.000000
SCALE 1.000000 1.000000 1.000000
X 1.000000 0.000000 0.000000
Y 0.000000 1.000000 0.000000
Z 0.000000 0.000000 1.000000

PART 72
OFFSET 0.000000 0.000000 0.000000
SCALE 1.000000 1.000000 1.000000
X 0.999989 0.001974 -0.004178
Y -0.001963 0.999994 0.002720
Z 0.004184 -0.002712 0.999988

PART 73
OFFSET 1.557843 -0.008175 4.129333
