// Export time: Wed Jun 15 23:16:16 2022

ANIMATION
VERSION 3

NUMPARTS 75
PART 0 "tag_torso"
PART 1 "j_shoulder_le"
PART 2 "j_shoulder_ri"
PART 3 "tag_weapon"
PART 4 "tag_weapon1"
PART 5 "j_elbow_le"
PART 6 "j_elbow_ri"
PART 7 "j_gun"
PART 8 "j_sleave_reshape_bottom_le_1"
PART 9 "j_sleave_reshape_bottom_le_2"
PART 10 "j_sleave_reshape_top_le_1"
PART 11 "j_sleave_reshape_top_le_2"
PART 12 "j_sleave_reshape_top_le_3"
PART 13 "j_wrist_le"
PART 14 "j_wristtwist_le"
PART 15 "j_sleave_reshape_top_ri_1"
PART 16 "j_sleave_reshape_top_ri_2"
PART 17 "j_sleave_reshape_top_ri_3"
PART 18 "j_wrist_ri"
PART 19 "j_wristtwist_ri"
PART 20 "tag_bolt_animate"
PART 21 "tag_brass"
PART 22 "tag_flash"
PART 23 "tag_clip"
PART 24 "j_index_le_0"
PART 25 "j_mid_le_0"
PART 26 "j_pinkypalm_le"
PART 27 "j_ringpalm_le"
PART 28 "j_thumb_le_0"
PART 29 "j_webbing_le"
PART 30 "tag_knife_attach"
PART 31 "j_index_ri_0"
PART 32 "j_mid_ri_0"
PART 33 "j_pinkypalm_ri"
PART 34 "j_ringpalm_ri"
PART 35 "j_thumb_ri_0"
PART 36 "j_webbing_ri"
PART 37 "j_index_le_1"
PART 38 "j_mid_le_1"
PART 39 "j_pinky_le_0"
PART 40 "j_ring_le_0"
PART 41 "j_thumb_le_1"
PART 42 "j_index_ri_1"
PART 43 "j_mid_ri_1"
PART 44 "j_pinky_ri_0"
PART 45 "j_ring_ri_0"
PART 46 "j_thumb_ri_1"
PART 47 "j_index_le_2"
PART 48 "j_mid_le_2"
PART 49 "j_pinky_le_1"
PART 50 "j_ring_le_1"
PART 51 "j_thumb_le_2"
PART 52 "j_index_ri_2"
PART 53 "j_mid_ri_2"
PART 54 "j_pinky_ri_1"
PART 55 "j_ring_ri_1"
PART 56 "j_thumb_ri_2"
PART 57 "j_index_le_3"
PART 58 "j_mid_le_3"
PART 59 "j_pinky_le_2"
PART 60 "j_ring_le_2"
PART 61 "j_thumb_le_3"
PART 62 "j_index_ri_3"
PART 63 "j_mid_ri_3"
PART 64 "j_pinky_ri_2"
PART 65 "j_ring_ri_2"
PART 66 "j_thumb_ri_3"
PART 67 "j_pinky_le_3"
PART 68 "j_ring_le_3"
PART 69 "j_pinky_ri_3"
PART 70 "j_ring_ri_3"
PART 71 "tag_cambone"
PART 72 "tag_camera"
PART 73 "tag_gasmask"
PART 74 "tag_gasmask2"

FRAMERATE 30
NUMFRAMES 76
FRAME 0
PART 0
OFFSET 0.000000 0.000000 0.000000
SCALE 1.000000 1.000000 1.000000
X 1.000000 0.000000 0.000000
Y 0.000000 1.000000 0.000000
Z 0.000000 0.000000 1.000000

PART 1
OFFSET 4.139114 2.294026 -4.827545
SCALE 1.000000 1.000000 1.000000
X 0.911096 0.190663 -0.365448
Y 0.089586 -0.956991 -0.275939
Z -0.402341 0.218667 -0.888992

PART 2
OFFSET -4.979446 -5.274010 0.613938
SCALE 1.000000 1.000000 1.000000
X -0.645966 0.127982 0.752562
Y -0.368373 -0.915725 -0.160466
Z 0.668603 -0.380879 0.638672

PART 3
OFFSET 16.113121 -3.539043 -4.361015
SCALE 1.000000 1.000000 1.000000
X 1.000000 0.000000 0.000000
Y 0.000000 1.000000 0.000000
Z 0.000000 0.000000 1.000000

PART 4
OFFSET 13.908927 18.076323 -17.331985
SCALE 1.000000 1.000000 1.000000
X 0.998737 0.041892 -0.027740
Y 0.021387 0.145113 0.989184
Z 0.045465 -0.988528 0.144033

PART 5
OFFSET 15.166272 4.613050 -9.257445
SCALE 1.000000 1.000000 1.000000
X 0.779162 -0.504110 0.372532
Y -0.613197 -0.489759 0.619778
Z -0.129986 -0.711343 -0.690721

PART 6
OFFSET 2.936932 -7.025140 -8.972488
SCALE 1.000000 1.000000 1.000000
X -0.898579 -0.150691 -0.412127
Y 0.431150 -0.128446 -0.893091
Z 0.081644 -0.980201 0.180389

PART 7
OFFSET 16.113121 -3.539043 -4.361015
SCALE 1.000000 1.000000 1.000000
X 1.000000 0.000000 0.000000
Y 0.000000 1.000000 0.000000
Z 0.000000 0.000000 1.000000

PART 8
OFFSET 23.645912 0.776373 -5.603688
SCALE 1.000000 1.000000 1.000000
X 0.783163 -0.499238 0.370698
Y 0.136580 0.719705 0.680714
Z -0.606632 -0.482479 0.631832

PART 9
OFFSET 23.258530 -0.090440 -6.993735
SCALE 1.000000 1.000000 1.000000
X 0.783163 -0.499238 0.370698
Y 0.136580 0.719705 0.680714
Z -0.606632 -0.482479 0.631832

PART 10
OFFSET 22.483434 -0.810500 -3.910567
SCALE 1.000000 1.000000 1.000000
X 0.783163 -0.499238 0.370698
Y 0.136580 0.719705 0.680714
Z -0.606632 -0.482479 0.631832

PART 11
OFFSET 22.101292 -1.808375 -4.728925
SCALE 1.000000 1.000000 1.000000
X 0.783163 -0.499238 0.370698
Y 0.136580 0.719705 0.680714
Z -0.606632 -0.482479 0.631832

PART 12
OFFSET 22.311562 -1.576140 -5.885445
SCALE 1.000000 1.000000 1.000000
X 0.783163 -0.499238 0.370698
Y 0.136580 0.719705 0.680714
Z -0.606632 -0.482479 0.631832

PART 13
OFFSET 24.229267 -1.133397 -4.934995
SCALE 1.000000 1.000000 1.000000
X 0.937317 -0.265117 0.226162
Y -0.310841 -0.342709 0.886526
Z -0.157525 -0.901256 -0.403637

PART 14
OFFSET 21.815401 0.447219 -5.914675
SCALE 1.000000 1.000000 1.000000
X 0.819517 -0.478183 0.315806
Y -0.287027 0.134465 0.948438
Z -0.495992 -0.867906 -0.027055

PART 15
OFFSET 11.731252 -6.034109 -3.208689
SCALE 1.000000 1.000000 1.000000
X -0.901358 -0.147254 -0.407272
Y -0.085299 0.982361 -0.166406
Z 0.424592 -0.115252 -0.898019

PART 16
OFFSET 11.440563 -4.722854 -3.295919
SCALE 1.000000 1.000000 1.000000
X -0.901358 -0.147254 -0.407272
Y -0.085299 0.982361 -0.166406
Z 0.424592 -0.115252 -0.898019

PART 17
OFFSET 11.459624 -4.309659 -4.420473
SCALE 1.000000 1.000000 1.000000
X -0.901358 -0.147254 -0.407272
Y -0.085299 0.982361 -0.166406
Z 0.424592 -0.115252 -0.898019

PART 18
OFFSET 13.367837 -5.218880 -4.095538
SCALE 1.000000 1.000000 1.000000
X -0.998355 -0.028805 -0.049574
Y 0.057242 -0.451650 -0.890357
Z 0.003256 -0.891730 0.452555

PART 19
OFFSET 10.580288 -5.777136 -5.439356
SCALE 1.000000 1.000000 1.000000
X -0.905407 -0.147127 -0.398236
Y 0.397946 0.032693 -0.916826
Z 0.147909 -0.988577 0.028948

PART 20
OFFSET 15.687013 -3.538989 -0.344389
SCALE 1.000000 1.000000 1.000000
X 1.000000 0.000000 0.000000
Y 0.000000 1.000000 0.000000
Z 0.000000 0.000000 1.000000

PART 21
OFFSET 21.655389 -3.683471 -0.893128
SCALE 1.000000 1.000000 1.000000
X 1.000000 0.000000 -0.000000
Y -0.000000 0.822561 -0.568676
Z 0.000000 0.568676 0.822561

PART 22
OFFSET 36.807916 -3.539043 -0.939991
SCALE 1.000000 1.000000 1.000000
X 1.000000 0.000000 0.000000
Y 0.000000 1.000000 0.000000
Z 0.000000 0.000000 1.000000

PART 23
OFFSET 20.978226 -3.538910 -3.927734
SCALE 1.000000 1.000000 1.000000
X 1.000000 0.000000 0.000000
Y 0.000000 1.000000 0.000000
Z 0.000000 0.000000 1.000000

PART 24
OFFSET 27.705399 -2.101559 -3.283015
SCALE 1.000000 1.000000 1.000000
X 0.847661 -0.530530 0.002866
Y -0.528171 -0.844377 -0.089794
Z 0.050059 0.074601 -0.995956

PART 25
OFFSET 27.938038 -1.856788 -4.330247
SCALE 1.000000 1.000000 1.000000
X 0.574531 -0.777068 0.257061
Y -0.793041 -0.606202 -0.060038
Z 0.202485 -0.169366 -0.964528

PART 26
OFFSET 25.392616 -1.165552 -5.766497
SCALE 1.000000 1.000000 1.000000
X 0.815765 -0.552876 -0.169869
Y -0.571995 -0.727646 -0.378620
Z 0.085726 0.406030 -0.909830

PART 27
OFFSET 25.348632 -1.306474 -5.084557
SCALE 1.000000 1.000000 1.000000
X 0.930624 -0.362035 -0.053575
Y -0.344960 -0.818835 -0.458817
Z 0.122238 0.445467 -0.886914

PART 28
OFFSET 24.410155 -1.949457 -4.251411
SCALE 1.000000 1.000000 1.000000
X 0.341087 -0.778404 0.527017
Y -0.889436 -0.085787 0.448938
Z -0.304243 -0.621875 -0.721601

PART 29
OFFSET 26.540758 -2.977898 -3.046565
SCALE 1.000000 1.000000 1.000000
X 0.898232 -0.433771 -0.070869
Y 0.410797 0.771208 0.486295
Z -0.156286 -0.465919 0.870916

PART 30
OFFSET 26.697972 -3.040892 -5.414690
SCALE 1.000000 1.000000 1.000000
X -0.042187 0.414566 -0.909041
Y 0.157570 0.901225 0.403689
Z 0.986606 -0.126208 -0.103343

PART 31
OFFSET 17.209955 -5.099447 -3.083946
SCALE 1.000000 1.000000 1.000000
X -0.971180 -0.208187 0.116046
Y 0.234356 -0.922804 0.305794
Z 0.043425 0.324177 0.944999

PART 32
OFFSET 17.233678 -5.404196 -4.143820
SCALE 1.000000 1.000000 1.000000
X -0.349122 -0.913956 0.206879
Y 0.933296 -0.358947 -0.010771
Z 0.084103 0.189319 0.978307

PART 33
OFFSET 14.244642 -5.499337 -5.114629
SCALE 1.000000 1.000000 1.000000
X -0.941864 -0.145149 0.303023
Y 0.250721 -0.904009 0.346275
Z 0.223674 0.402118 0.887846

PART 34
OFFSET 14.440899 -5.317947 -4.446074
SCALE 1.000000 1.000000 1.000000
X -0.977100 -0.042562 0.208479
Y 0.137326 -0.874556 0.465073
Z 0.162532 0.483052 0.860374

PART 35
OFFSET 13.774365 -4.436008 -3.490211
SCALE 1.000000 1.000000 1.000000
X -0.618759 -0.726355 -0.299243
Y 0.622274 -0.220679 -0.751050
Z 0.479492 -0.650930 0.588539

PART 36
OFFSET 9.166182 -5.434815 -3.306390
SCALE 1.000000 1.000000 1.000000
X -0.949516 -0.187709 0.251364
Y -0.290964 0.826504 -0.481903
Z -0.117296 -0.530713 -0.839396

PART 37
OFFSET 29.129235 -3.140721 -3.267861
SCALE 1.000000 1.000000 1.000000
X -0.106673 -0.971538 0.211505
Y -0.987660 0.079004 -0.135224
Z 0.114666 -0.223320 -0.967977

PART 38
OFFSET 29.043441 -3.400848 -3.821055
SCALE 1.000000 1.000000 1.000000
X -0.463505 -0.873636 0.148065
Y -0.877172 0.476040 0.062892
Z -0.125429 -0.100728 -0.986976

PART 39
OFFSET 27.209756 -2.458241 -6.127689
SCALE 1.000000 1.000000 1.000000
X 0.492828 -0.780878 0.383861
Y -0.869282 -0.422411 0.256745
Z -0.038339 -0.460215 -0.886979

PART 40
OFFSET 27.792395 -2.170446 -5.352809
SCALE 1.000000 1.000000 1.000000
X 0.521816 -0.797116 0.303831
Y -0.845420 -0.435675 0.308955
Z -0.113901 -0.418082 -0.901240

PART 41
OFFSET 25.104212 -3.730267 -3.084448
SCALE 1.000000 1.000000 1.000000
X 0.854096 -0.379495 0.355673
Y -0.519294 -0.583776 0.624131
Z -0.029221 -0.717767 -0.695670

PART 42
OFFSET 18.918552 -4.721631 -3.288419
SCALE 1.000000 1.000000 1.000000
X -0.483838 -0.874889 0.021675
Y 0.864540 -0.473975 0.167090
Z -0.135912 0.099583 0.985703

PART 43
OFFSET 17.914574 -3.616148 -4.547636
SCALE 1.000000 1.000000 1.000000
X 0.497731 -0.863481 0.081636
Y 0.769138 0.395921 -0.501671
Z 0.400862 0.312487 0.861198

PART 44
OFFSET 16.499003 -5.189785 -5.639678
SCALE 1.000000 1.000000 1.000000
X -0.316813 -0.893651 0.317833
Y 0.912440 -0.378655 -0.155154
Z 0.259003 0.240849 0.935366

PART 45
OFFSET 16.958118 -5.260568 -5.122214
SCALE 1.000000 1.000000 1.000000
X -0.302306 -0.937160 0.174193
Y 0.890812 -0.342790 -0.298241
Z 0.339212 0.065013 0.938461

PART 46
OFFSET 15.064711 -2.777716 -2.804466
SCALE 1.000000 1.000000 1.000000
X -0.921159 -0.383361 0.067090
Y 0.213115 -0.641110 -0.737265
Z 0.325651 -0.664841 0.672264

PART 47
OFFSET 28.857571 -4.267663 -2.916331
SCALE 1.000000 1.000000 1.000000
X -0.620713 -0.733979 0.275663
Y -0.782656 0.559192 -0.273412
Z 0.046530 -0.385459 -0.921551

PART 48
OFFSET 28.219091 -4.592854 -3.619597
SCALE 1.000000 1.000000 1.000000
X -0.984617 0.164968 0.057577
Y 0.162491 0.985667 -0.045355
Z -0.064234 -0.035301 -0.997310

PART 49
OFFSET 27.910386 -3.578246 -5.574512
SCALE 1.000000 1.000000 1.000000
X -0.478237 -0.660347 0.578991
Y -0.877135 0.326223 -0.352438
Z 0.043851 -0.676402 -0.735226

PART 50
OFFSET 28.685596 -3.586251 -4.810348
SCALE 1.000000 1.000000 1.000000
X -0.676486 -0.603644 0.421876
Y -0.726864 0.639421 -0.250620
Z -0.118471 -0.476188 -0.871327

PART 51
OFFSET 26.575114 -4.205082 -2.761256
SCALE 1.000000 1.000000 1.000000
X 0.990932 -0.049971 -0.124726
Y 0.064533 -0.637196 0.767995
Z -0.117853 -0.769080 -0.628193

PART 52
OFFSET 19.259091 -3.580891 -3.234022
SCALE 1.000000 1.000000 1.000000
X 0.278906 -0.959146 -0.047438
Y 0.951009 0.269004 0.152379
Z -0.133392 -0.087614 0.987183

PART 53
OFFSET 17.016838 -2.473236 -4.582620
SCALE 1.000000 1.000000 1.000000
X 0.874559 0.240384 -0.421144
Y -0.368999 0.893380 -0.256344
Z 0.314621 0.379590 0.870015

PART 54
OFFSET 16.929365 -3.989465 -6.074221
SCALE 1.000000 1.000000 1.000000
X 0.144599 -0.988700 0.039530
Y 0.973981 0.135173 -0.181905
Z 0.174507 0.064804 0.982521

PART 55
OFFSET 17.451748 -3.784415 -5.415632
SCALE 1.000000 1.000000 1.000000
X 0.299049 -0.953357 -0.040988
Y 0.871760 0.290418 -0.394577
Z 0.388077 0.082266 0.917948

PART 56
OFFSET 16.490655 -2.396748 -3.203761
SCALE 1.000000 1.000000 1.000000
X -0.774470 0.149215 0.614762
Y -0.580703 -0.553197 -0.597292
Z 0.250959 -0.819578 0.515083

PART 57
OFFSET 28.156518 -5.096715 -2.604960
SCALE 1.000000 1.000000 1.000000
X 0.921476 -0.374569 -0.102859
Y 0.346246 0.912090 -0.219557
Z 0.176056 0.166702 0.970162

PART 58
OFFSET 27.103368 -4.406961 -3.561416
SCALE 1.000000 1.000000 1.000000
X 0.655463 -0.753379 0.052803
Y 0.751517 0.643726 -0.144360
Z 0.074767 0.134305 0.988115

PART 59
OFFSET 27.519946 -4.132859 -5.089658
SCALE 1.000000 1.000000 1.000000
X -0.936592 -0.187576 0.295991
Y -0.344695 0.645231 -0.681808
Z -0.063092 -0.740602 -0.668975

PART 60
OFFSET 27.752073 -4.426597 -4.225253
SCALE 1.000000 1.000000 1.000000
X -0.997420 0.007751 0.071361
Y -0.022987 0.907307 -0.419839
Z -0.068000 -0.420397 -0.904789

PART 61
OFFSET 27.642419 -4.305186 -2.911827
SCALE 1.000000 1.000000 1.000000
X 0.820495 0.325790 0.469733
Y -0.502014 0.803693 0.319467
Z -0.273442 -0.497934 0.822977

PART 62
OFFSET 18.944119 -2.497563 -3.180413
SCALE 1.000000 1.000000 1.000000
X -0.986695 0.044612 0.156343
Y 0.038641 0.998411 -0.041027
Z -0.157925 -0.034440 -0.986850

PART 63
OFFSET 16.023853 -2.747570 -4.111952
SCALE 1.000000 1.000000 1.000000
X -0.456311 -0.780554 0.427218
Y -0.820178 0.555149 0.138262
Z -0.345091 -0.287305 -0.893515

PART 64
OFFSET 16.807548 -3.137670 -6.113248
SCALE 1.000000 1.000000 1.000000
X 0.796653 -0.531043 -0.288681
Y 0.530589 0.843171 -0.086824
Z 0.289515 -0.084002 0.953480

PART 65
OFFSET 16.878527 -2.563352 -5.256708
SCALE 1.000000 1.000000 1.000000
X 0.915117 0.150918 -0.373877
Y -0.168279 0.985640 -0.014027
Z 0.366391 0.075752 0.927372

PART 66
OFFSET 17.326598 -2.511217 -3.881986
SCALE 1.000000 1.000000 1.000000
X -0.852592 0.522576 -0.000157
Y 0.430318 0.701901 -0.567593
Z -0.296501 -0.483993 -0.823309

PART 67
OFFSET 26.630161 -4.311061 -4.808457
SCALE 1.000000 1.000000 1.000000
X 0.941804 -0.153622 0.299006
Y 0.334581 0.514518 -0.789511
Z -0.032557 0.843606 0.535974

PART 68
OFFSET 26.670411 -4.418227 -4.147856
SCALE 1.000000 1.000000 1.000000
X 0.826504 -0.547090 0.132608
Y 0.555753 0.755503 -0.346921
Z 0.089611 0.360429 0.928472

PART 69
OFFSET 16.050696 -2.633161 -5.839004
SCALE 1.000000 1.000000 1.000000
X -0.984439 -0.110831 0.136369
Y -0.075651 0.967727 0.240376
Z -0.158609 0.226319 -0.961053

PART 70
OFFSET 15.886057 -2.726972 -4.851207
SCALE 1.000000 1.000000 1.000000
X -0.633806 -0.682398 0.364173
Y -0.677484 0.716944 0.164338
Z -0.373235 -0.142563 -0.916718

PART 71
OFFSET 0.000000 0.000000 0.000000
SCALE 1.000000 1.000000 1.000000
X 1.000000 0.000000 0.000000
Y 0.000000 1.000000 0.000000
Z 0.000000 0.000000 1.000000

PART 72
OFFSET 0.000000 0.000000 0.000000
SCALE 1.000000 1.000000 1.000000
X 1.000000 0.000000 0.000000
Y 0.000000 1.000000 0.000000
Z 0.000000 0.000000 1.000000

PART 73
OFFSET 1.540553 0.000001 4.135819
SCALE 1.000000 1.000000 1.000000
X 1.000000 0.000000 0.000000
Y 0.000000 1.000000 0.000000
Z 0.000000 0.000000 1.000000

PART 74
OFFSET -4.631835 0.000000 -1.376957
SCALE 1.000000 1.000000 1.000000
X 1.000000 0.000000 0.000000
Y 0.000000 1.000000 0.000000
Z 0.000000 0.000000 1.000000

FRAME 1
PART 0
OFFSET 0.000000 0.000000 0.000000
SCALE 1.000000 1.000000 1.000000
X 1.000000 0.000000 0.000000
Y 0.000000 1.000000 0.000000
Z 0.000000 0.000000 1.000000

PART 1
OFFSET 4.001513 2.310770 -4.799227
SCALE 1.000000 1.000000 1.000000
X 0.914316 0.183362 -0.361115
Y 0.082685 -0.957372 -0.276770
Z -0.396471 0.223197 -0.890502

PART 2
OFFSET -4.973091 -5.273502 0.616166
SCALE 1.000000 1.000000 1.000000
X -0.644289 0.128785 0.753861
Y -0.370332 -0.914982 -0.160196
Z 0.669138 -0.382392 0.637206

PART 3
OFFSET 16.075351 -3.539043 -4.326101
SCALE 1.000000 1.000000 1.000000
X 0.999997 -0.001402 -0.002229
Y 0.001406 0.999998 0.001555
Z 0.002227 -0.001558 0.999996

PART 4
OFFSET 13.908927 18.076323 -17.331985
SCALE 1.000000 1.000000 1.000000
X 0.998737 0.041892 -0.027740
Y 0.021387 0.145113 0.989184
Z 0.045465 -0.988528 0.144033

PART 5
OFFSET 15.041773 4.506641 -9.151712
SCALE 1.000000 1.000000 1.000000
X 0.788166 -0.496121 0.364222
Y -0.602075 -0.498759 0.623494
Z -0.127670 -0.710706 -0.691807

PART 6
OFFSET 2.924624 -7.037517 -8.994216
SCALE 1.000000 1.000000 1.000000
X -0.897736 -0.150291 -0.414104
Y 0.432983 -0.127728 -0.892307
Z 0.081213 -0.980356 0.179740

PART 7
OFFSET 16.075351 -3.539043 -4.326101
SCALE 1.000000 1.000000 1.000000
X 0.999997 -0.001402 -0.002229
Y 0.001406 0.999998 0.001555
Z 0.002227 -0.001558 0.999996

PART 8
OFFSET 23.596758 0.758007 -5.583196
SCALE 1.000000 1.000000 1.000000
X 0.792094 -0.491198 0.362369
Y 0.134080 0.719174 0.681770
Z -0.595491 -0.491440 0.635514

PART 9
OFFSET 23.207479 -0.109033 -6.972572
SCALE 1.000000 1.000000 1.000000
X 0.792094 -0.491198 0.362369
Y 0.134080 0.719174 0.681770
Z -0.595491 -0.491440 0.635514

PART 10
OFFSET 22.467505 -0.847457 -3.885121
SCALE 1.000000 1.000000 1.000000
X 0.792094 -0.491198 0.362369
Y 0.134080 0.719174 0.681770
Z -0.595491 -0.491440 0.635514

PART 11
OFFSET 22.089936 -1.847226 -4.703289
SCALE 1.000000 1.000000 1.000000
X 0.792094 -0.491198 0.362369
Y 0.134080 0.719174 0.681770
Z -0.595491 -0.491440 0.635514

PART 12
OFFSET 22.287480 -1.609038 -5.860842
SCALE 1.000000 1.000000 1.000000
X 0.792094 -0.491198 0.362369
Y 0.134080 0.719174 0.681770
Z -0.595491 -0.491440 0.635514

PART 13
OFFSET 24.209839 -1.141669 -4.928347
SCALE 1.000000 1.000000 1.000000
X 0.937296 -0.267090 0.223918
Y -0.309696 -0.343506 0.886618
Z -0.159889 -0.900370 -0.404684

PART 14
OFFSET 21.767632 0.408601 -5.879348
SCALE 1.000000 1.000000 1.000000
X 0.827745 -0.469552 0.307179
Y -0.280033 0.128698 0.951324
Z -0.486230 -0.873474 -0.024961

PART 15
OFFSET 11.707104 -6.051841 -3.211475
SCALE 1.000000 1.000000 1.000000
X -0.900525 -0.146859 -0.409252
Y -0.084896 0.982505 -0.165762
Z 0.426436 -0.114530 -0.897238

PART 16
OFFSET 11.416675 -4.740496 -3.298211
SCALE 1.000000 1.000000 1.000000
X -0.900525 -0.146859 -0.409252
Y -0.084896 0.982505 -0.165762
Z 0.426436 -0.114530 -0.897238

PART 17
OFFSET 11.438079 -4.326365 -4.422379
SCALE 1.000000 1.000000 1.000000
X -0.900525 -0.146859 -0.409252
Y -0.084896 0.982505 -0.165762
Z 0.426436 -0.114530 -0.897238

PART 18
OFFSET 13.346604 -5.235276 -4.092402
SCALE 1.000000 1.000000 1.000000
X -0.998589 -0.026008 -0.046300
Y 0.053053 -0.450069 -0.891416
Z 0.002345 -0.892615 0.450814

PART 19
OFFSET 10.560752 -5.793568 -5.443887
SCALE 1.000000 1.000000 1.000000
X -0.904708 -0.146697 -0.399979
Y 0.399172 0.036210 -0.916161
Z 0.148881 -0.988519 0.025798

PART 20
OFFSET 15.658188 -3.544650 -0.308540
SCALE 1.000000 1.000000 1.000000
X 0.999997 -0.001402 -0.002229
Y 0.001406 0.999998 0.001555
Z 0.002227 -0.001558 0.999996

PART 21
OFFSET 21.625119 -3.696645 -0.870804
SCALE 1.000000 1.000000 1.000000
X 0.999997 -0.001402 -0.002229
Y -0.000110 0.823445 -0.567395
Z 0.002631 0.567394 0.823442

PART 22
OFFSET 36.777692 -3.573389 -0.951216
SCALE 1.000000 1.000000 1.000000
X 0.999997 -0.001402 -0.002229
Y 0.001406 0.999998 0.001555
Z 0.002227 -0.001558 0.999996

PART 23
OFFSET 20.940139 -3.547098 -3.903664
SCALE 1.000000 1.000000 1.000000
X 0.999997 -0.001402 -0.002229
Y 0.001406 0.999998 0.001555
Z 0.002227 -0.001558 0.999996

PART 24
OFFSET 27.687515 -2.118371 -3.284673
SCALE 1.000000 1.000000 1.000000
X 0.846750 -0.531991 0.000378
Y -0.529802 -0.843330 -0.090020
Z 0.048209 0.076024 -0.995940

PART 25
OFFSET 27.918525 -1.872427 -4.331988
SCALE 1.000000 1.000000 1.000000
X 0.573679 -0.778454 0.254759
Y -0.794214 -0.604729 -0.059391
Z 0.200294 -0.168262 -0.965179

PART 26
OFFSET 25.371488 -1.174596 -5.762181
SCALE 1.000000 1.000000 1.000000
X 0.814476 -0.554017 -0.172322
Y -0.573994 -0.726090 -0.378583
Z 0.084620 0.407258 -0.909385

PART 27
OFFSET 25.328628 -1.316461 -5.080347
SCALE 1.000000 1.000000 1.000000
X 0.929870 -0.363600 -0.056004
Y -0.347335 -0.817520 -0.459369
Z 0.121242 0.446605 -0.886478

PART 28
OFFSET 24.390647 -1.959074 -4.246351
SCALE 1.000000 1.000000 1.000000
X 0.340764 -0.779791 0.525172
Y -0.888700 -0.084917 0.450557
Z -0.306744 -0.620254 -0.721937

PART 29
OFFSET 26.521816 -2.993040 -3.047250
SCALE 1.000000 1.000000 1.000000
X 0.897333 -0.435226 -0.073290
Y 0.413096 0.769757 0.486648
Z -0.155387 -0.466961 0.870519

PART 30
OFFSET 26.674268 -3.052731 -5.415772
SCALE 1.000000 1.000000 1.000000
X -0.043250 0.416011 -0.908331
Y 0.159934 0.900339 0.404736
Z 0.986180 -0.127769 -0.105474

PART 31
OFFSET 17.191355 -5.129292 -3.093423
SCALE 1.000000 1.000000 1.000000
X -0.973420 -0.194920 0.120247
Y 0.223011 -0.926239 0.303886
Z 0.052144 0.322625 0.945089

PART 32
OFFSET 17.211746 -5.430953 -4.153934
SCALE 1.000000 1.000000 1.000000
X -0.350908 -0.913409 0.206271
Y 0.932278 -0.361449 -0.014578
Z 0.087872 0.187187 0.978386

PART 33
OFFSET 14.219248 -5.516119 -5.114954
SCALE 1.000000 1.000000 1.000000
X -0.941240 -0.143190 0.305881
Y 0.249421 -0.905356 0.343685
Z 0.227719 0.399783 0.887872

PART 34
OFFSET 14.418220 -5.336562 -4.446706
SCALE 1.000000 1.000000 1.000000
X -0.976513 -0.040325 0.211653
Y 0.136502 -0.875828 0.462917
Z 0.166704 0.480936 0.860762

PART 35
OFFSET 13.757266 -4.454685 -3.486920
SCALE 1.000000 1.000000 1.000000
X -0.621719 -0.724095 -0.298584
Y 0.619169 -0.220899 -0.753547
Z 0.479682 -0.653368 0.585675

PART 36
OFFSET 9.147030 -5.441380 -3.289668
SCALE 1.000000 1.000000 1.000000
X -0.949180 -0.185629 0.254165
Y -0.290325 0.828224 -0.479328
Z -0.121528 -0.528759 -0.840026

PART 37
OFFSET 29.109587 -3.160002 -3.273922
SCALE 1.000000 1.000000 1.000000
X -0.107926 -0.971673 0.210245
Y -0.987789 0.080907 -0.133143
Z 0.112361 -0.222047 -0.968540

PART 38
OFFSET 29.022231 -3.419177 -3.827298
SCALE 1.000000 1.000000 1.000000
X -0.464736 -0.873051 0.147659
Y -0.876215 0.477470 0.065333
Z -0.127542 -0.099018 -0.986878

PART 39
OFFSET 27.185680 -2.469856 -6.128933
SCALE 1.000000 1.000000 1.000000
X 0.492205 -0.782337 0.381686
Y -0.869527 -0.421374 0.257617
Z -0.040711 -0.458686 -0.887665

PART 40
OFFSET 27.770309 -2.184349 -5.354844
SCALE 1.000000 1.000000 1.000000
X 0.521012 -0.798503 0.301562
Y -0.845567 -0.434649 0.309994
Z -0.116457 -0.416501 -0.901645

PART 41
OFFSET 25.083889 -3.742850 -3.083442
SCALE 1.000000 1.000000 1.000000
X 0.854129 -0.381517 0.353423
Y -0.519086 -0.583817 0.624266
Z -0.031833 -0.716660 -0.696695

PART 42
OFFSET 18.904017 -4.774286 -3.305277
SCALE 1.000000 1.000000 1.000000
X -0.494620 -0.868806 0.022958
Y 0.859301 -0.484910 0.162678
Z -0.130203 0.100192 0.986412

PART 43
OFFSET 17.896140 -3.643971 -4.556555
SCALE 1.000000 1.000000 1.000000
X 0.495657 -0.864981 0.078303
Y 0.768534 0.394814 -0.503465
Z 0.404573 0.309725 0.860460

PART 44
OFFSET 16.472679 -5.211645 -5.646916
SCALE 1.000000 1.000000 1.000000
X -0.318175 -0.893407 0.317157
Y 0.910889 -0.380819 -0.158929
Z 0.262768 0.238327 0.934962

PART 45
OFFSET 16.933320 -5.284677 -5.131124
SCALE 1.000000 1.000000 1.000000
X -0.304264 -0.936676 0.173385
Y 0.888882 -0.344618 -0.301874
Z 0.342509 0.062269 0.937449

PART 46
OFFSET 15.054380 -2.801228 -2.802270
SCALE 1.000000 1.000000 1.000000
X -0.921966 -0.380998 0.069419
Y 0.208921 -0.640248 -0.739212
Z 0.326083 -0.667026 0.669885

PART 47
OFFSET 28.836680 -4.287008 -2.923560
SCALE 1.000000 1.000000 1.000000
X -0.621429 -0.733328 0.275783
Y -0.782232 0.560952 -0.271010
Z 0.044039 -0.384140 -0.922224

PART 48
OFFSET 28.196201 -4.610049 -3.626019
SCALE 1.000000 1.000000 1.000000
X -0.984213 0.166593 0.059759
Y 0.164120 0.985450 -0.044188
Z -0.066251 -0.033683 -0.997234

PART 49
OFFSET 27.885419 -3.591948 -5.578867
SCALE 1.000000 1.000000 1.000000
X -0.478301 -0.660487 0.578778
Y -0.877220 0.328275 -0.350315
Z 0.041380 -0.675272 -0.736407

PART 50
OFFSET 28.662086 -3.602562 -4.816343
SCALE 1.000000 1.000000 1.000000
X -0.676708 -0.603093 0.422309
Y -0.726230 0.641090 -0.248179
Z -0.121063 -0.474638 -0.871815

PART 51
OFFSET 26.554592 -4.220712 -2.763857
SCALE 1.000000 1.000000 1.000000
X 0.990597 -0.051508 -0.126750
Y 0.064930 -0.638459 0.766912
Z -0.120427 -0.767930 -0.629111

PART 52
OFFSET 19.262143 -3.638138 -3.251527
SCALE 1.000000 1.000000 1.000000
X 0.260826 -0.964134 -0.049145
Y 0.956514 0.251208 0.148240
Z -0.130578 -0.085673 0.987730

PART 53
OFFSET 17.001394 -2.498569 -4.586331
SCALE 1.000000 1.000000 1.000000
X 0.873801 0.238836 -0.423591
Y -0.367427 0.894872 -0.253381
Z 0.318543 0.377043 0.869694

PART 54
OFFSET 16.904845 -4.011650 -6.080566
SCALE 1.000000 1.000000 1.000000
X 0.142048 -0.989163 0.037132
Y 0.973733 0.132892 -0.184890
Z 0.177952 0.062420 0.982057

PART 55
OFFSET 17.429971 -3.809296 -5.423326
SCALE 1.000000 1.000000 1.000000
X 0.296325 -0.954081 -0.043832
Y 0.871226 0.288826 -0.396919
Z 0.391353 0.079430 0.916806

PART 56
OFFSET 16.480014 -2.423341 -3.205579
SCALE 1.000000 1.000000 1.000000
X -0.772011 0.150112 0.617629
Y -0.584186 -0.550461 -0.596422
Z 0.250450 -0.821255 0.512655

PART 57
OFFSET 28.134818 -5.115325 -2.612053
SCALE 1.000000 1.000000 1.000000
X 0.920624 -0.375997 -0.105256
Y 0.347380 0.911826 -0.218863
Z 0.178267 0.164926 0.970062

PART 58
OFFSET 27.080920 -4.422303 -3.565366
SCALE 1.000000 1.000000 1.000000
X 0.654252 -0.754597 0.050380
Y 0.752353 0.642635 -0.144865
Z 0.076939 0.132682 0.988168

PART 59
OFFSET 27.494923 -4.146697 -5.094212
SCALE 1.000000 1.000000 1.000000
X -0.936369 -0.186478 0.297388
Y -0.344841 0.646928 -0.680124
Z -0.065560 -0.739399 -0.670068

PART 60
OFFSET 27.728252 -4.442153 -4.230662
SCALE 1.000000 1.000000 1.000000
X -0.997259 0.009410 0.073384
Y -0.022220 0.907993 -0.418396
Z -0.070570 -0.418880 -0.905295

PART 61
OFFSET 27.621424 -4.322446 -2.916675
SCALE 1.000000 1.000000 1.000000
X 0.821983 0.323657 0.468605
Y -0.499983 0.804086 0.321657
Z -0.272692 -0.498691 0.822767

PART 62
OFFSET 18.967592 -2.549177 -3.195990
SCALE 1.000000 1.000000 1.000000
X -0.984986 0.062843 0.160788
Y 0.056997 0.997543 -0.040725
Z -0.162952 -0.030949 -0.986149

PART 63
OFFSET 16.009242 -2.771131 -4.112887
SCALE 1.000000 1.000000 1.000000
X -0.457000 -0.780147 0.427225
Y -0.818205 0.557096 0.142071
Z -0.348842 -0.284631 -0.892914

PART 64
OFFSET 16.785208 -3.159454 -6.117537
SCALE 1.000000 1.000000 1.000000
X 0.794245 -0.532633 -0.292364
Y 0.532581 0.841900 -0.086960
Z 0.292459 -0.086640 0.952345

PART 65
OFFSET 16.860596 -2.586998 -5.260127
SCALE 1.000000 1.000000 1.000000
X 0.914273 0.149169 -0.376633
Y -0.165651 0.986117 -0.011557
Z 0.369681 0.072956 0.926290

PART 66
OFFSET 17.313381 -2.538751 -3.886809
SCALE 1.000000 1.000000 1.000000
X -0.851168 0.524880 0.003699
Y 0.430327 0.701837 -0.567664
Z -0.300552 -0.481586 -0.823252

PART 67
OFFSET 26.605349 -4.323856 -4.811685
SCALE 1.000000 1.000000 1.000000
X 0.942085 -0.155702 0.297040
Y 0.334016 0.515244 -0.789276
Z -0.030156 0.842781 0.537411

PART 68
OFFSET 26.646764 -4.431983 -4.151071
SCALE 1.000000 1.000000 1.000000
X 0.825795 -0.548759 0.130099
Y 0.556395 0.755049 -0.346879
Z 0.092122 0.358837 0.928843

PART 69
OFFSET 16.030645 -2.653434 -5.839793
SCALE 1.000000 1.000000 1.000000
X -0.984276 -0.108433 0.139436
Y -0.072226 0.967459 0.242501
Z -0.161194 0.228617 -0.960079

PART 70
OFFSET 15.869041 -2.748722 -4.851637
SCALE 1.000000 1.000000 1.000000
X -0.634438 -0.681389 0.364962
Y -0.674987 0.718452 0.167984
Z -0.376671 -0.139769 -0.915742

PART 71
OFFSET 0.000000 0.000000 0.000000
SCALE 1.000000 1.000000 1.000000
X 1.000000 0.000000 0.000000
Y 0.000000 1.000000 0.000000
Z 0.000000 0.000000 1.000000

PART 72
OFFSET 0.000000 0.000000 0.000000
SCALE 1.000000 1.000000 1.000000
X 0.999998 -0.000356 0.002035
Y 0.000356 1.000000 -0.000254
Z -0.002034 0.000255 0.999998

PART 73
OFFSET 1.532136 0.000506 4.138945
SCALE 1.000000 1.000000 1.000000
X 0.999998 -0.000356 0.002035
Y 0.000356 1.000000 -0.000254
Z -0.002034 0.000255 0.999998

PART 74
OFFSET -4.629023 0.001297 -1.386378
SCALE 1.000000 1.000000 1.000000
X 0.999998 -0.000356 0.002035
Y 0.000356 1.000000 -0.000254
Z -0.002034 0.000255 0.999998

FRAME 2
PART 0
OFFSET 0.000000 0.000000 0.000000
SCALE 1.000000 1.000000 1.000000
X 1.000000 0.000000 0.000000
Y 0.000000 1.000000 0.000000
Z 0.000000 0.000000 1.000000

PART 1
OFFSET 3.746024 2.342993 -4.746950
SCALE 1.000000 1.000000 1.000000
X 0.920148 0.169465 -0.353002
Y 0.069643 -0.957952 -0.278348
Z -0.385329 0.231538 -0.893259

PART 2
OFFSET -4.966730 -5.273006 0.618383
SCALE 1.000000 1.000000 1.000000
X -0.642609 0.129584 0.755157
Y -0.372289 -0.914235 -0.159922
Z 0.669667 -0.383904 0.635738

PART 3
OFFSET 16.037581 -3.539043 -4.291187
SCALE 1.000000 1.000000 1.000000
X 0.999960 -0.004012 -0.008030
Y 0.004060 0.999974 0.005942
Z 0.008006 -0.005974 0.999950

PART 4
OFFSET 13.908927 18.076323 -17.331985
SCALE 1.000000 1.000000 1.000000
X 0.998737 0.041892 -0.027740
Y 0.021387 0.145113 0.989184
Z 0.045465 -0.988528 0.144033

PART 5
OFFSET 14.809911 4.306379 -8.955578
SCALE 1.000000 1.000000 1.000000
X 0.803977 -0.481446 0.349043
Y -0.581689 -0.514782 0.629792
Z -0.123530 -0.709372 -0.693925

PART 6
OFFSET 2.918307 -7.056321 -9.031977
SCALE 1.000000 1.000000 1.000000
X -0.892987 -0.152736 -0.423375
Y 0.442411 -0.124930 -0.888068
Z 0.082748 -0.980339 0.179133

PART 7
OFFSET 16.037581 -3.539043 -4.291187
SCALE 1.000000 1.000000 1.000000
X 0.999960 -0.004012 -0.008030
Y 0.004060 0.999974 0.005942
Z 0.008006 -0.005974 0.999950

PART 8
OFFSET 23.496208 0.718786 -5.542112
SCALE 1.000000 1.000000 1.000000
X 0.807771 -0.476431 0.347159
Y 0.129604 0.718030 0.683840
Z -0.575073 -0.507393 0.641751

PART 9
OFFSET 23.103550 -0.148504 -6.930381
SCALE 1.000000 1.000000 1.000000
X 0.807771 -0.476431 0.347159
Y 0.129604 0.718030 0.683840
Z -0.575073 -0.507393 0.641751

PART 10
OFFSET 22.427479 -0.919514 -3.836248
SCALE 1.000000 1.000000 1.000000
X 0.807771 -0.476431 0.347159
Y 0.129604 0.718030 0.683840
Z -0.575073 -0.507393 0.641751

PART 11
OFFSET 22.058221 -1.922437 -4.654350
SCALE 1.000000 1.000000 1.000000
X 0.807771 -0.476431 0.347159
Y 0.129604 0.718030 0.683840
Z -0.575073 -0.507393 0.641751

PART 12
OFFSET 22.232643 -1.673703 -5.813399
SCALE 1.000000 1.000000 1.000000
X 0.807771 -0.476431 0.347159
Y 0.129604 0.718030 0.683840
Z -0.575073 -0.507393 0.641751

PART 13
OFFSET 24.162589 -1.161984 -4.912264
SCALE 1.000000 1.000000 1.000000
X 0.937743 -0.270502 0.217870
Y -0.305780 -0.345441 0.887226
Z -0.164735 -0.898609 -0.406649

PART 14
OFFSET 21.670461 0.332746 -5.811870
SCALE 1.000000 1.000000 1.000000
X 0.842113 -0.453732 0.291500
Y -0.267474 0.117960 0.956317
Z -0.468297 -0.883296 -0.022026

PART 15
OFFSET 11.638485 -6.049284 -3.159330
SCALE 1.000000 1.000000 1.000000
X -0.895836 -0.149321 -0.418547
Y -0.086579 0.982454 -0.165191
Z 0.435869 -0.111746 -0.893046

PART 16
OFFSET 11.344460 -4.738810 -3.247101
SCALE 1.000000 1.000000 1.000000
X -0.895836 -0.149321 -0.418547
Y -0.086579 0.982454 -0.165191
Z 0.435869 -0.111746 -0.893046

PART 17
OFFSET 11.375804 -4.322943 -4.370394
SCALE 1.000000 1.000000 1.000000
X -0.895836 -0.149321 -0.418547
Y -0.086579 0.982454 -0.165191
Z 0.435869 -0.111746 -0.893046

PART 18
OFFSET 13.286760 -5.224397 -4.017699
SCALE 1.000000 1.000000 1.000000
X -0.998814 -0.023328 -0.042739
Y 0.048658 -0.446257 -0.893581
Z 0.001773 -0.894601 0.446863

PART 19
OFFSET 10.513865 -5.792246 -5.402435
SCALE 1.000000 1.000000 1.000000
X -0.900230 -0.149147 -0.409073
Y 0.407605 0.041702 -0.912205
Z 0.153112 -0.987935 0.023252

PART 20
OFFSET 15.643648 -3.561277 -0.271340
SCALE 1.000000 1.000000 1.000000
X 0.999960 -0.004012 -0.008030
Y 0.004060 0.999974 0.005942
Z 0.008006 -0.005974 0.999950

PART 21
OFFSET 21.606804 -3.726421 -0.868836
SCALE 1.000000 1.000000 1.000000
X 0.999960 -0.004012 -0.008030
Y -0.001214 0.825938 -0.563760
Z 0.008894 0.563747 0.825899

PART 22
OFFSET 36.758932 -3.642507 -1.036517
SCALE 1.000000 1.000000 1.000000
X 0.999960 -0.004012 -0.008030
Y 0.004060 0.999974 0.005942
Z 0.008006 -0.005974 0.999950

PART 23
OFFSET 20.903424 -3.562393 -3.896983
SCALE 1.000000 1.000000 1.000000
X 0.999960 -0.004012 -0.008030
Y 0.004060 0.999974 0.005942
Z 0.008006 -0.005974 0.999950

PART 24
OFFSET 27.646459 -2.153941 -3.291002
SCALE 1.000000 1.000000 1.000000
X 0.845205 -0.534409 -0.006026
Y -0.532719 -0.841519 -0.089754
Z 0.042894 0.079071 -0.995946

PART 25
OFFSET 27.872384 -1.905324 -4.338793
SCALE 1.000000 1.000000 1.000000
X 0.572821 -0.780913 0.249102
Y -0.796280 -0.602246 -0.056909
Z 0.194462 -0.165756 -0.966804

PART 26
OFFSET 25.319500 -1.195597 -5.752621
SCALE 1.000000 1.000000 1.000000
X 0.811912 -0.555787 -0.178607
Y -0.578170 -0.723234 -0.377693
Z 0.080742 0.409919 -0.908541

PART 27
OFFSET 25.280031 -1.339506 -5.070991
SCALE 1.000000 1.000000 1.000000
X 0.928474 -0.366124 -0.062364
Y -0.352287 -0.815026 -0.460029
Z 0.117599 0.449095 -0.885711

PART 28
OFFSET 24.344798 -1.982080 -4.233880
SCALE 1.000000 1.000000 1.000000
X 0.341403 -0.782443 0.520795
Y -0.886436 -0.083794 0.455203
Z -0.312531 -0.617059 -0.722193

PART 29
OFFSET 26.479563 -3.026005 -3.049899
SCALE 1.000000 1.000000 1.000000
X 0.895648 -0.437574 -0.079644
Y 0.418012 0.767006 0.486793
Z -0.151920 -0.469288 0.869879

PART 30
OFFSET 26.618733 -3.078573 -5.419408
SCALE 1.000000 1.000000 1.000000
X -0.047069 0.419032 -0.906751
Y 0.164781 0.898578 0.406701
Z 0.985207 -0.130272 -0.111344

PART 31
OFFSET 17.132539 -5.135345 -3.032269
SCALE 1.000000 1.000000 1.000000
X -0.978382 -0.162978 0.127304
Y 0.194829 -0.932826 0.303112
Z 0.069352 0.321362 0.944414

PART 32
OFFSET 17.151150 -5.429378 -4.094318
SCALE 1.000000 1.000000 1.000000
X -0.352426 -0.913439 0.203533
Y 0.931314 -0.363690 -0.019602
Z 0.091929 0.182645 0.978872

PART 33
OFFSET 14.154942 -5.502882 -5.044683
SCALE 1.000000 1.000000 1.000000
X -0.940466 -0.142207 0.308709
Y 0.248421 -0.907481 0.338771
Z 0.231972 0.395292 0.888782

PART 34
OFFSET 14.356813 -5.326773 -4.376387
SCALE 1.000000 1.000000 1.000000
X -0.975827 -0.038839 0.215066
Y 0.136014 -0.878200 0.458547
Z 0.171061 0.476714 0.862254

PART 35
OFFSET 13.701587 -4.447508 -3.410296
SCALE 1.000000 1.000000 1.000000
X -0.624614 -0.721226 -0.299483
Y 0.615847 -0.219102 -0.756787
Z 0.480197 -0.657136 0.581019

PART 36
OFFSET 9.089658 -5.423636 -3.200429
SCALE 1.000000 1.000000 1.000000
X -0.948701 -0.184397 0.256836
Y -0.290015 0.831051 -0.474601
Z -0.125929 -0.524741 -0.841896

PART 37
OFFSET 29.065566 -3.199663 -3.291478
SCALE 1.000000 1.000000 1.000000
X -0.109553 -0.972029 0.207747
Y -0.988276 0.084157 -0.127389
Z 0.106343 -0.219267 -0.969852

PART 38
OFFSET 28.974378 -3.456850 -3.845144
SCALE 1.000000 1.000000 1.000000
X -0.466440 -0.872175 0.147456
Y -0.874453 0.479781 0.071704
Z -0.133286 -0.095498 -0.986466

PART 39
OFFSET 27.127894 -2.494859 -6.133572
SCALE 1.000000 1.000000 1.000000
X 0.492025 -0.784989 0.376436
Y -0.869324 -0.419776 0.260891
Z -0.046777 -0.455610 -0.888950

PART 40
OFFSET 27.717589 -2.213613 -5.361909
SCALE 1.000000 1.000000 1.000000
X 0.520346 -0.800981 0.296091
Y -0.845093 -0.433179 0.313326
Z -0.122708 -0.413263 -0.902306

PART 41
OFFSET 25.039291 -3.771550 -3.080505
SCALE 1.000000 1.000000 1.000000
X 0.854961 -0.385102 0.347473
Y -0.517315 -0.584313 0.625270
Z -0.037759 -0.714335 -0.698785

PART 42
OFFSET 18.854308 -4.836012 -3.256549
SCALE 1.000000 1.000000 1.000000
X -0.521435 -0.852860 0.027107
Y 0.844813 -0.511526 0.156946
Z -0.119987 0.104738 0.987235

PART 43
OFFSET 17.838517 -3.642336 -4.491573
SCALE 1.000000 1.000000 1.000000
X 0.493782 -0.866544 0.072664
Y 0.767664 0.395128 -0.504545
Z 0.408499 0.304917 0.860322

PART 44
OFFSET 16.407159 -5.201647 -5.583588
SCALE 1.000000 1.000000 1.000000
X -0.319236 -0.894008 0.314384
Y 0.909347 -0.382370 -0.163958
Z 0.266791 0.233543 0.935030

PART 45
OFFSET 16.869506 -5.278097 -5.069822
SCALE 1.000000 1.000000 1.000000
X -0.305961 -0.936675 0.170373
Y 0.886906 -0.345483 -0.306659
Z 0.346101 0.057279 0.936447

PART 46
OFFSET 15.005325 -2.800311 -2.723144
SCALE 1.000000 1.000000 1.000000
X -0.922653 -0.379014 0.071131
Y 0.204609 -0.637492 -0.742791
Z 0.326874 -0.670784 0.665734

PART 47
OFFSET 28.791367 -4.327000 -2.943194
SCALE 1.000000 1.000000 1.000000
X -0.621996 -0.732427 0.276898
Y -0.782107 0.564051 -0.264868
Z 0.037812 -0.381311 -0.923673

PART 48
OFFSET 28.146026 -4.645975 -3.643076
SCALE 1.000000 1.000000 1.000000
X -0.983381 0.169236 0.065739
Y 0.166728 0.985110 -0.041966
Z -0.071862 -0.030308 -0.996954

PART 49
OFFSET 27.827389 -3.620748 -5.591003
SCALE 1.000000 1.000000 1.000000
X -0.477057 -0.661050 0.579163
Y -0.878155 0.331911 -0.344498
Z 0.035500 -0.672940 -0.738845

PART 50
OFFSET 28.608200 -3.636138 -4.832935
SCALE 1.000000 1.000000 1.000000
X -0.676105 -0.602478 0.424148
Y -0.725723 0.643996 -0.242065
Z -0.127311 -0.471476 -0.872641

PART 51
OFFSET 26.510348 -4.254663 -2.770591
SCALE 1.000000 1.000000 1.000000
X 0.989727 -0.053958 -0.132400
Y 0.067322 -0.641081 0.764515
Z -0.126131 -0.765574 -0.630862

PART 52
OFFSET 19.256695 -3.712510 -3.207063
SCALE 1.000000 1.000000 1.000000
X 0.214042 -0.975616 -0.048583
Y 0.968464 0.205454 0.140950
Z -0.127531 -0.077220 0.988824

PART 53
OFFSET 16.946528 -2.494601 -4.513008
SCALE 1.000000 1.000000 1.000000
X 0.872833 0.238539 -0.425748
Y -0.366121 0.896890 -0.248080
Z 0.322672 0.372408 0.870170

PART 54
OFFSET 16.840723 -4.000822 -6.013532
SCALE 1.000000 1.000000 1.000000
X 0.139716 -0.989666 0.032248
Y 0.973376 0.131294 -0.187885
Z 0.181709 0.057640 0.981661

PART 55
OFFSET 17.368760 -3.802675 -5.357344
SCALE 1.000000 1.000000 1.000000
X 0.293781 -0.954609 -0.049127
Y 0.870481 0.288417 -0.398846
Z 0.394911 0.074409 0.915701

PART 56
OFFSET 16.430408 -2.424181 -3.130028
SCALE 1.000000 1.000000 1.000000
X -0.769363 0.149295 0.621122
Y -0.587742 -0.546371 -0.596689
Z 0.250280 -0.824129 0.508105

PART 57
OFFSET 28.088865 -5.154299 -2.630429
SCALE 1.000000 1.000000 1.000000
X 0.918939 -0.378289 -0.111571
Y 0.348782 0.911524 -0.217887
Z 0.184124 0.161311 0.969576

PART 58
OFFSET 27.031646 -4.455213 -3.575651
SCALE 1.000000 1.000000 1.000000
X 0.652331 -0.756635 0.044358
Y 0.753399 0.640924 -0.146988
Z 0.082786 0.129304 0.988143

PART 59
OFFSET 27.437929 -4.175997 -5.106087
SCALE 1.000000 1.000000 1.000000
X -0.935281 -0.184814 0.301817
Y -0.346655 0.650155 -0.676113
Z -0.071273 -0.736982 -0.672144

PART 60
OFFSET 27.675193 -4.474890 -4.244739
SCALE 1.000000 1.000000 1.000000
X -0.996802 0.012080 0.078989
Y -0.021893 0.909398 -0.415350
Z -0.076850 -0.415751 -0.906226

PART 61
OFFSET 27.576019 -4.358983 -2.929641
SCALE 1.000000 1.000000 1.000000
X 0.825497 0.319794 0.465065
Y -0.495864 0.804495 0.326967
Z -0.269580 -0.500519 0.822683

PART 62
OFFSET 19.014985 -2.610582 -3.152161
SCALE 1.000000 1.000000 1.000000
X -0.979688 0.110258 0.167493
Y 0.104371 0.993583 -0.043582
Z -0.171224 -0.025215 -0.984909

PART 63
OFFSET 15.955443 -2.766791 -4.037120
SCALE 1.000000 1.000000 1.000000
X -0.457374 -0.780892 0.425461
Y -0.816286 0.558489 0.147536
Z -0.352825 -0.279819 -0.892870

PART 64
OFFSET 16.723077 -3.148178 -6.046305
SCALE 1.000000 1.000000 1.000000
X 0.791835 -0.533303 -0.297631
Y 0.534357 0.840953 -0.085208
Z 0.295735 -0.091571 0.950871

PART 65
OFFSET 16.803038 -2.579703 -5.186664
SCALE 1.000000 1.000000 1.000000
X 0.913254 0.148565 -0.379335
Y -0.163232 0.986566 -0.006600
Z 0.373258 0.067947 0.925236

PART 66
OFFSET 17.260978 -2.538645 -3.814822
SCALE 1.000000 1.000000 1.000000
X -0.849837 0.526966 0.009145
Y 0.429991 0.703269 -0.566145
Z -0.304771 -0.477199 -0.824255

PART 67
OFFSET 26.549389 -4.351575 -4.819352
SCALE 1.000000 1.000000 1.000000
X 0.943224 -0.159352 0.291438
Y 0.331226 0.516914 -0.789360
Z -0.024862 0.841075 0.540347

PART 68
OFFSET 26.594201 -4.461825 -4.159070
SCALE 1.000000 1.000000 1.000000
X 0.824896 -0.551580 0.123718
Y 0.556662 0.754539 -0.347561
Z 0.098357 0.355571 0.929460

PART 69
OFFSET 15.970802 -2.641521 -5.763559
SCALE 1.000000 1.000000 1.000000
X -0.984025 -0.106608 0.142578
Y -0.068923 0.966554 0.247027
Z -0.164145 0.233254 -0.958462

PART 70
OFFSET 15.812589 -2.740772 -4.775244
SCALE 1.000000 1.000000 1.000000
X -0.634792 -0.681420 0.364288
Y -0.672572 0.719374 0.173633
Z -0.380376 -0.134789 -0.914957

PART 71
OFFSET 0.000000 0.000000 0.000000
SCALE 1.000000 1.000000 1.000000
X 1.000000 0.000000 0.000000
Y 0.000000 1.000000 0.000000
Z 0.000000 0.000000 1.000000

PART 72
OFFSET 0.000000 0.000000 0.000000
SCALE 1.000000 1.000000 1.000000
X 0.999991 -0.000711 0.004069
Y 0.000713 1.000000 -0.000507
Z -0.004069 0.000510 0.999992

PART 73
OFFSET 1.523712 0.001015 4.142053
SCALE 1.000000 1.000000 1.000000
X 0.999991 -0.000711 0.004069
Y 0.000713 1.000000 -0.000507
Z -0.004069 0.000510 0.999992

PART 74
