// Export time: Wed Jun 08 05:40:07 2022

ANIMATION
VERSION 3

NUMPARTS 75
PART 0 "tag_torso"
PART 1 "j_shoulder_le"
PART 2 "j_shoulder_ri"
PART 3 "tag_weapon"
PART 4 "tag_weapon1"
PART 5 "j_elbow_le"
PART 6 "j_elbow_ri"
PART 7 "j_gun"
PART 8 "j_sleave_reshape_bottom_le_1"
PART 9 "j_sleave_reshape_bottom_le_2"
PART 10 "j_sleave_reshape_top_le_1"
PART 11 "j_sleave_reshape_top_le_2"
PART 12 "j_sleave_reshape_top_le_3"
PART 13 "j_wrist_le"
PART 14 "j_wristtwist_le"
PART 15 "j_sleave_reshape_top_ri_1"
PART 16 "j_sleave_reshape_top_ri_2"
PART 17 "j_sleave_reshape_top_ri_3"
PART 18 "j_wrist_ri"
PART 19 "j_wristtwist_ri"
PART 20 "tag_bolt_animate"
PART 21 "tag_brass"
PART 22 "tag_flash"
PART 23 "tag_clip"
PART 24 "j_index_le_0"
PART 25 "j_mid_le_0"
PART 26 "j_pinkypalm_le"
PART 27 "j_ringpalm_le"
PART 28 "j_thumb_le_0"
PART 29 "j_webbing_le"
PART 30 "tag_knife_attach"
PART 31 "j_index_ri_0"
PART 32 "j_mid_ri_0"
PART 33 "j_pinkypalm_ri"
PART 34 "j_ringpalm_ri"
PART 35 "j_thumb_ri_0"
PART 36 "j_webbing_ri"
PART 37 "j_index_le_1"
PART 38 "j_mid_le_1"
PART 39 "j_pinky_le_0"
PART 40 "j_ring_le_0"
PART 41 "j_thumb_le_1"
PART 42 "j_index_ri_1"
PART 43 "j_mid_ri_1"
PART 44 "j_pinky_ri_0"
PART 45 "j_ring_ri_0"
PART 46 "j_thumb_ri_1"
PART 47 "j_index_le_2"
PART 48 "j_mid_le_2"
PART 49 "j_pinky_le_1"
PART 50 "j_ring_le_1"
PART 51 "j_thumb_le_2"
PART 52 "j_index_ri_2"
PART 53 "j_mid_ri_2"
PART 54 "j_pinky_ri_1"
PART 55 "j_ring_ri_1"
PART 56 "j_thumb_ri_2"
PART 57 "j_index_le_3"
PART 58 "j_mid_le_3"
PART 59 "j_pinky_le_2"
PART 60 "j_ring_le_2"
PART 61 "j_thumb_le_3"
PART 62 "j_index_ri_3"
PART 63 "j_mid_ri_3"
PART 64 "j_pinky_ri_2"
PART 65 "j_ring_ri_2"
PART 66 "j_thumb_ri_3"
PART 67 "j_pinky_le_3"
PART 68 "j_ring_le_3"
PART 69 "j_pinky_ri_3"
PART 70 "j_ring_ri_3"
PART 71 "tag_cambone"
PART 72 "tag_camera"
PART 73 "tag_gasmask"
PART 74 "tag_gasmask2"

FRAMERATE 30
NUMFRAMES 120
FRAME 0
PART 0
OFFSET 0.000000 0.000000 0.000000
SCALE 1.000000 1.000000 1.000000
X 1.000000 0.000000 0.000000
Y 0.000000 1.000000 0.000000
Z 0.000000 0.000000 1.000000

PART 1
OFFSET 6.967205 7.463263 -3.351212
SCALE 1.000000 1.000000 1.000000
X -0.109023 0.244121 -0.963597
Y 0.728622 -0.639780 -0.244522
Z -0.676183 -0.728756 -0.108122

PART 2
OFFSET -3.607094 -5.989060 0.798539
SCALE 1.000000 1.000000 1.000000
X -0.200243 0.096157 0.975016
Y -0.830606 -0.544454 -0.116890
Z 0.519612 -0.833261 0.188892

PART 3
OFFSET 10.515482 -10.523434 -10.084495
SCALE 1.000000 1.000000 1.000000
X 0.617341 -0.422927 -0.663343
Y 0.040130 0.859033 -0.510346
Z 0.785672 0.288437 0.547288

PART 4
OFFSET 13.908927 18.076323 -17.331985
SCALE 1.000000 1.000000 1.000000
X 0.998737 0.041892 -0.027740
Y 0.021387 0.145113 0.989184
Z 0.045465 -0.988528 0.144033

PART 5
OFFSET 5.627892 10.420785 -15.023821
SCALE 1.000000 1.000000 1.000000
X 0.788695 0.377947 -0.484888
Y 0.546986 -0.071335 0.834097
Z 0.280655 -0.923075 -0.262993

PART 6
OFFSET -1.359904 -7.352840 -12.446347
SCALE 1.000000 1.000000 1.000000
X -0.855606 0.307036 -0.416735
Y 0.414128 -0.076966 -0.906959
Z -0.310543 -0.948581 -0.061299

PART 7
OFFSET 10.515482 -10.523434 -10.084495
SCALE 1.000000 1.000000 1.000000
X 0.617341 -0.422927 -0.663343
Y 0.040130 0.859033 -0.510346
Z 0.785672 0.288437 0.547288

PART 8
OFFSET 12.608387 15.066436 -20.470376
SCALE 1.000000 1.000000 1.000000
X 0.784646 0.380876 -0.489147
Y -0.290682 0.922939 0.252363
Z 0.547572 -0.055830 0.834894

PART 9
OFFSET 12.654108 13.434097 -20.879083
SCALE 1.000000 1.000000 1.000000
X 0.784646 0.380876 -0.489147
Y -0.290682 0.922939 0.252363
Z 0.547572 -0.055830 0.834894

PART 10
OFFSET 14.442402 14.981742 -18.635875
SCALE 1.000000 1.000000 1.000000
X 0.784646 0.380876 -0.489147
Y -0.290682 0.922939 0.252363
Z 0.547572 -0.055830 0.834894

PART 11
OFFSET 14.853734 13.705856 -18.755959
SCALE 1.000000 1.000000 1.000000
X 0.784646 0.380876 -0.489147
Y -0.290682 0.922939 0.252363
Z 0.547572 -0.055830 0.834894

PART 12
OFFSET 14.196162 13.069477 -19.529462
SCALE 1.000000 1.000000 1.000000
X 0.784646 0.380876 -0.489147
Y -0.290682 0.922939 0.252363
Z 0.547572 -0.055830 0.834894

PART 13
OFFSET 14.821415 14.618908 -20.645455
SCALE 1.000000 1.000000 1.000000
X 0.763757 0.168973 -0.622996
Y 0.361883 -0.911282 0.196483
Z -0.534524 -0.375517 -0.757147

PART 14
OFFSET 12.276807 13.535739 -19.294903
SCALE 1.000000 1.000000 1.000000
X 0.827180 0.342276 -0.445667
Y 0.547332 -0.670379 0.501019
Z -0.127279 -0.658361 -0.741863

PART 15
OFFSET 6.703192 -11.186079 -6.803977
SCALE 1.000000 1.000000 1.000000
X -0.857217 0.310068 -0.411140
Y 0.306971 0.948722 0.075468
Z 0.413458 -0.061515 -0.908443

PART 16
OFFSET 6.940011 -9.882254 -6.568493
SCALE 1.000000 1.000000 1.000000
X -0.857217 0.310068 -0.411140
Y 0.306971 0.948722 0.075468
Z 0.413458 -0.061515 -0.908443

PART 17
OFFSET 7.197033 -9.263039 -7.561583
SCALE 1.000000 1.000000 1.000000
X -0.857217 0.310068 -0.411140
Y 0.306971 0.948722 0.075468
Z 0.413458 -0.061515 -0.908443

PART 18
OFFSET 8.964341 -10.736939 -7.277540
SCALE 1.000000 1.000000 1.000000
X -0.656453 0.383186 0.649799
Y -0.682458 -0.668700 -0.295114
Z 0.321437 -0.637189 0.700477

PART 19
OFFSET 6.000200 -9.867216 -9.023898
SCALE 1.000000 1.000000 1.000000
X -0.840776 0.272090 -0.468042
Y 0.181082 -0.673397 -0.716760
Z -0.510201 -0.687389 0.516905

PART 20
OFFSET 13.408193 -9.184639 -7.603619
SCALE 1.000000 1.000000 1.000000
X 0.617341 -0.422927 -0.663343
Y 0.040130 0.859033 -0.510346
Z 0.785672 0.288437 0.547288

PART 21
OFFSET 16.655775 -11.991208 -11.789277
SCALE 1.000000 1.000000 1.000000
X 0.617341 -0.422927 -0.663343
Y -0.413784 0.542579 -0.731020
Z 0.669084 0.725769 0.159956

PART 22
OFFSET 25.979023 -18.289064 -21.939951
SCALE 1.000000 1.000000 1.000000
X 0.617341 -0.422927 -0.663343
Y 0.040130 0.859033 -0.510346
Z 0.785672 0.288437 0.547288

PART 23
OFFSET 10.802423 -10.696530 -9.613784
SCALE 1.000000 1.000000 1.000000
X 0.617341 -0.422927 -0.663343
Y 0.040130 0.859033 -0.510346
Z 0.785672 0.288437 0.547288

PART 24
OFFSET 18.259739 14.741274 -22.628982
SCALE 1.000000 1.000000 1.000000
X 0.567542 0.271646 -0.777242
Y -0.688742 -0.360622 -0.628957
Z -0.451144 0.892278 -0.017574

PART 25
OFFSET 17.707900 15.645638 -22.948718
SCALE 1.000000 1.000000 1.000000
X 0.332228 -0.333499 -0.882272
Y -0.838754 -0.532308 -0.114629
Z -0.431412 0.778092 -0.456571

PART 26
OFFSET 15.130910 15.770230 -21.651971
SCALE 1.000000 1.000000 1.000000
X 0.140995 0.008161 -0.989977
Y -0.841760 -0.525367 -0.124216
Z -0.521115 0.850836 -0.067205

PART 27
OFFSET 15.577842 15.283766 -21.359231
SCALE 1.000000 1.000000 1.000000
X 0.323024 0.054360 -0.944828
Y -0.835040 -0.453461 -0.311578
Z -0.445380 0.889617 -0.101085

PART 28
OFFSET 15.289673 13.649406 -21.028152
SCALE 1.000000 1.000000 1.000000
X 0.507801 -0.587464 -0.630099
Y 0.122872 -0.674551 0.727931
Z -0.852667 -0.447066 -0.270355

PART 29
OFFSET 17.463923 13.491621 -22.659832
SCALE 1.000000 1.000000 1.000000
X 0.500015 0.230796 -0.834697
Y 0.747115 0.372463 0.550537
Z 0.437956 -0.898891 0.013806

PART 30
OFFSET 15.882521 14.995891 -23.594198
SCALE 1.000000 1.000000 1.000000
X -0.609439 0.791943 0.037554
Y 0.534587 0.375488 0.757116
Z 0.585492 0.481492 -0.652200

PART 31
OFFSET 12.135863 -11.967821 -9.333209
SCALE 1.000000 1.000000 1.000000
X -0.516824 0.265273 0.813955
Y 0.347547 -0.803891 0.482670
Z 0.782371 0.532343 0.323276

PART 32
OFFSET 11.305483 -12.544958 -9.773835
SCALE 1.000000 1.000000 1.000000
X -0.090019 -0.578021 0.811041
Y 0.553173 -0.706201 -0.441905
Z 0.828189 0.408866 0.383317

PART 33
OFFSET 8.693637 -11.642231 -8.274112
SCALE 1.000000 1.000000 1.000000
X -0.349275 0.360890 0.864734
Y 0.390215 -0.783005 0.484393
Z 0.851903 0.506618 0.132660

PART 34
OFFSET 9.347389 -11.376824 -8.130753
SCALE 1.000000 1.000000 1.000000
X -0.441151 0.436701 0.784014
Y 0.414735 -0.675527 0.609638
Z 0.795852 0.594100 0.116894

PART 35
OFFSET 9.722595 -10.061884 -7.615079
SCALE 1.000000 1.000000 1.000000
X -0.646512 -0.448581 0.617088
Y -0.214832 -0.669087 -0.711456
Z 0.732031 -0.592535 0.336203

PART 36
OFFSET 6.981674 -8.918260 -3.948167
SCALE 1.000000 1.000000 1.000000
X -0.396309 0.312681 0.863232
Y -0.524753 0.694369 -0.492428
Z -0.753374 -0.648138 -0.111104

PART 37
OFFSET 19.249181 15.233623 -23.995722
SCALE 1.000000 1.000000 1.000000
X 0.014567 -0.271987 -0.962191
Y -0.897243 -0.428258 0.107474
Z -0.441297 0.861753 -0.250277

PART 38
OFFSET 18.376599 15.036207 -24.641637
SCALE 1.000000 1.000000 1.000000
X -0.113556 -0.485528 -0.866815
Y -0.652660 -0.621353 0.433538
Z -0.749093 0.614966 -0.246326

PART 39
OFFSET 15.431559 15.598559 -23.880453
SCALE 1.000000 1.000000 1.000000
X 0.183528 -0.191115 -0.964257
Y -0.767155 -0.641182 -0.018932
Z -0.614646 0.743210 -0.264290

PART 40
OFFSET 16.370863 15.564867 -23.816051
SCALE 1.000000 1.000000 1.000000
X 0.323283 -0.381607 -0.865947
Y -0.715543 -0.697411 0.040204
Z -0.619263 0.606625 -0.498517

PART 41
OFFSET 16.345644 12.283343 -22.355258
SCALE 1.000000 1.000000 1.000000
X 0.611233 -0.182156 -0.770204
Y 0.203384 -0.904323 0.375281
Z -0.764872 -0.386031 -0.515704

PART 42
OFFSET 13.045327 -12.424683 -10.771261
SCALE 1.000000 1.000000 1.000000
X -0.317094 -0.540822 0.779078
Y 0.645794 -0.724728 -0.240247
Z 0.694551 0.426943 0.579067

PART 43
OFFSET 11.481007 -11.412965 -11.358630
SCALE 1.000000 1.000000 1.000000
X 0.336447 -0.928863 0.154971
Y 0.096760 -0.129595 -0.986835
Z 0.936718 0.347013 0.046275

PART 44
OFFSET 9.685417 -12.480885 -10.214908
SCALE 1.000000 1.000000 1.000000
X 0.017920 -0.542282 0.840005
Y 0.426065 -0.755900 -0.497075
Z 0.904515 0.366805 0.217502

PART 45
OFFSET 10.372526 -12.586814 -10.200019
SCALE 1.000000 1.000000 1.000000
X -0.087736 -0.627171 0.773925
Y 0.301751 -0.757151 -0.579370
Z 0.949341 0.182701 0.255679

PART 46
OFFSET 11.125127 -8.985298 -8.941372
SCALE 1.000000 1.000000 1.000000
X -0.531526 0.079522 0.843301
Y -0.473629 -0.853303 -0.218058
Z 0.702251 -0.515315 0.491217

PART 47
OFFSET 19.312689 14.833557 -25.142889
SCALE 1.000000 1.000000 1.000000
X -0.177542 -0.475791 -0.861453
Y -0.875769 -0.322903 0.358835
Z -0.448896 0.818142 -0.359354

PART 48
OFFSET 18.317037 14.426400 -25.924189
SCALE 1.000000 1.000000 1.000000
X -0.366621 -0.777420 -0.511084
Y -0.467420 -0.321062 0.823673
Z -0.804430 0.540867 -0.245673

PART 49
OFFSET 15.681206 15.349853 -25.186046
SCALE 1.000000 1.000000 1.000000
X -0.138666 -0.614311 -0.776785
Y -0.821408 -0.366822 0.436728
Z -0.553228 0.698616 -0.453734

PART 50
OFFSET 16.899992 14.968391 -25.189638
SCALE 1.000000 1.000000 1.000000
X -0.198201 -0.733335 -0.650336
Y -0.773982 -0.290001 0.562895
Z -0.601388 0.614915 -0.510110

PART 51
OFFSET 17.139047 11.743618 -23.559344
SCALE 1.000000 1.000000 1.000000
X 0.240336 -0.745654 -0.621480
Y 0.076875 -0.623614 0.777943
Z -0.967641 -0.234744 -0.092555

PART 52
OFFSET 13.344492 -11.572931 -11.549230
SCALE 1.000000 1.000000 1.000000
X 0.096060 -0.955696 0.278241
Y 0.717709 -0.127184 -0.684630
Z 0.689686 0.265462 0.673694

PART 53
OFFSET 10.945572 -10.061425 -11.365247
SCALE 1.000000 1.000000 1.000000
X 0.218801 -0.284620 -0.933337
Y -0.393022 0.849787 -0.351277
Z 0.893118 0.443682 0.074073

PART 54
OFFSET 9.658331 -11.756750 -11.350565
SCALE 1.000000 1.000000 1.000000
X 0.080292 -0.899236 0.430032
Y 0.463861 -0.348153 -0.814630
Z 0.882262 0.264884 0.389167

PART 55
OFFSET 10.506548 -11.611802 -11.441061
SCALE 1.000000 1.000000 1.000000
X 0.113801 -0.957382 0.265460
Y 0.239952 -0.232800 -0.942458
Z 0.964092 0.170950 0.203232

PART 56
OFFSET 11.707199 -9.376039 -10.300198
SCALE 1.000000 1.000000 1.000000
X 0.010898 0.632796 0.774242
Y -0.850175 -0.401736 0.340310
Z 0.526388 -0.661950 0.533609

PART 57
OFFSET 19.112199 14.296171 -26.115912
SCALE 1.000000 1.000000 1.000000
X 0.721571 0.677008 -0.144897
Y -0.034397 0.244084 0.969144
Z 0.691485 -0.694322 0.199411

PART 58
OFFSET 17.896445 13.549969 -26.505351
SCALE 1.000000 1.000000 1.000000
X 0.634330 0.764106 -0.117333
Y -0.180021 0.293608 0.938822
Z 0.751809 -0.574401 0.323800

PART 59
OFFSET 15.573484 14.846404 -25.833060
SCALE 1.000000 1.000000 1.000000
X -0.552658 -0.789746 -0.266215
Y -0.576452 0.131542 0.806474
Z -0.601891 0.599165 -0.527948

PART 60
OFFSET 16.710353 14.016284 -26.139920
SCALE 1.000000 1.000000 1.000000
X -0.579009 -0.732367 -0.358312
Y -0.545688 0.021568 0.837711
Z -0.605783 0.680569 -0.412132

PART 61
OFFSET 17.355950 10.915894 -24.222413
SCALE 1.000000 1.000000 1.000000
X 0.814811 -0.528179 -0.238975
Y 0.573263 0.795469 0.196466
Z 0.086328 -0.297078 0.950943

PART 62
OFFSET 13.236044 -10.493510 -11.863509
SCALE 1.000000 1.000000 1.000000
X -0.484488 0.500645 0.717374
Y 0.032062 0.829657 -0.557352
Z -0.874210 -0.247030 -0.418010

PART 63
OFFSET 10.691192 -9.741628 -10.308920
SCALE 1.000000 1.000000 1.000000
X 0.022311 -0.354611 0.934748
Y -0.375252 0.863649 0.336596
Z -0.926654 -0.358275 -0.113799

PART 64
OFFSET 9.586956 -10.984628 -11.725602
SCALE 1.000000 1.000000 1.000000
X 0.243505 -0.876320 -0.415654
Y 0.293520 0.475040 -0.829568
Z 0.924419 0.080001 0.372892

PART 65
OFFSET 10.326974 -10.274495 -11.596624
SCALE 1.000000 1.000000 1.000000
X 0.277358 -0.365023 -0.888724
Y -0.074999 0.913967 -0.398796
Z 0.957835 0.177262 0.226120

PART 66
OFFSET 11.685801 -10.023258 -11.167690
SCALE 1.000000 1.000000 1.000000
X -0.505304 0.809516 0.298918
Y -0.151816 0.257598 -0.954251
Z -0.849482 -0.527567 -0.007267

PART 67
OFFSET 15.048446 14.096124 -26.085972
SCALE 1.000000 1.000000 1.000000
X 0.872129 0.434130 -0.225659
Y -0.155359 0.683055 0.713652
Z 0.463956 -0.587339 0.663158

PART 68
OFFSET 16.082456 13.222065 -26.528528
SCALE 1.000000 1.000000 1.000000
X 0.753313 0.624222 -0.207041
Y -0.089517 0.409206 0.908040
Z 0.651542 -0.665505 0.364139

PART 69
OFFSET 9.355605 -10.152096 -11.330721
SCALE 1.000000 1.000000 1.000000
X -0.505109 0.360382 0.784213
Y 0.181359 0.932680 -0.311797
Z -0.843785 -0.015268 -0.536464

PART 70
OFFSET 10.026191 -9.878565 -10.632794
SCALE 1.000000 1.000000 1.000000
X -0.132828 -0.213376 0.967898
Y -0.260124 0.949824 0.173693
Z -0.956395 -0.228702 -0.181668

PART 71
OFFSET 0.000000 0.000000 0.000000
SCALE 1.000000 1.000000 1.000000
X 1.000000 0.000000 0.000000
Y 0.000000 1.000000 0.000000
Z 0.000000 0.000000 1.000000

PART 72
OFFSET 0.000000 0.000000 0.000000
SCALE 1.000000 1.000000 1.000000
X 1.000000 0.000000 0.000000
Y 0.000000 1.000000 0.000000
Z 0.000000 0.000000 1.000000

PART 73
OFFSET 1.540551 0.000000 4.135826
SCALE 1.000000 1.000000 1.000000
X 1.000000 0.000000 0.000000
Y 0.000000 1.000000 0.000000
Z 0.000000 0.000000 1.000000

PART 74
OFFSET -4.631835 0.000000 -1.376957
SCALE 1.000000 1.000000 1.000000
X 1.000000 0.000000 0.000000
Y 0.000000 1.000000 0.000000
Z 0.000000 0.000000 1.000000

FRAME 1
PART 0
OFFSET 0.000000 0.000000 0.000000
SCALE 1.000000 1.000000 1.000000
X 1.000000 0.000000 0.000000
Y 0.000000 1.000000 0.000000
Z 0.000000 0.000000 1.000000

PART 1
OFFSET 7.120566 7.517825 -3.461320
SCALE 1.000000 1.000000 1.000000
X -0.139211 0.233184 -0.962417
Y 0.747690 -0.612488 -0.256551
Z -0.649292 -0.755304 -0.089084

PART 2
OFFSET -3.988077 -5.824352 0.824764
SCALE 1.000000 1.000000 1.000000
X -0.323969 0.135211 0.936356
Y -0.789967 -0.583262 -0.189096
Z 0.520573 -0.800952 0.295771

PART 3
OFFSET 12.022807 -10.750345 -9.412064
SCALE 1.000000 1.000000 1.000000
X 0.630843 -0.449293 -0.632592
Y 0.118288 0.861449 -0.493876
Z 0.766841 0.236730 0.596585

PART 4
OFFSET 13.908927 18.076323 -17.331985
SCALE 1.000000 1.000000 1.000000
X 0.998737 0.041892 -0.027740
Y 0.021387 0.145113 0.989184
Z 0.045465 -0.988528 0.144033

PART 5
OFFSET 5.279734 10.382933 -15.259715
SCALE 1.000000 1.000000 1.000000
X 0.818250 0.381603 -0.429938
Y 0.490282 -0.072752 0.868522
Z 0.300152 -0.921459 -0.246622

PART 6
OFFSET -0.144987 -7.653664 -11.650879
SCALE 1.000000 1.000000 1.000000
X -0.867881 0.295152 -0.399584
Y 0.395336 -0.076724 -0.915327
Z -0.300819 -0.952365 -0.050097

PART 7
OFFSET 12.022807 -10.750345 -9.412064
SCALE 1.000000 1.000000 1.000000
X 0.630843 -0.449293 -0.632592
Y 0.118288 0.861449 -0.493876
Z 0.766841 0.236730 0.596585

PART 8
OFFSET 12.595290 15.064831 -20.213179
SCALE 1.000000 1.000000 1.000000
X 0.814486 0.384535 -0.434448
Y -0.309446 0.921333 0.235346
Z 0.490770 -0.057248 0.869406

PART 9
OFFSET 12.672733 13.434005 -20.623144
SCALE 1.000000 1.000000 1.000000
X 0.814486 0.384535 -0.434448
Y -0.309446 0.921333 0.235346
Z 0.490770 -0.057248 0.869406

PART 10
OFFSET 14.302982 14.978637 -18.260606
SCALE 1.000000 1.000000 1.000000
X 0.814486 0.384535 -0.434448
Y -0.309446 0.921333 0.235346
Z 0.490770 -0.057248 0.869406

PART 11
OFFSET 14.724960 13.704223 -18.357044
SCALE 1.000000 1.000000 1.000000
X 0.814486 0.384535 -0.434448
Y -0.309446 0.921333 0.235346
Z 0.490770 -0.057248 0.869406

PART 12
OFFSET 14.122263 13.068778 -19.174755
SCALE 1.000000 1.000000 1.000000
X 0.814486 0.384535 -0.434448
Y -0.309446 0.921333 0.235346
Z 0.490770 -0.057248 0.869406

PART 13
OFFSET 14.840959 14.628484 -20.234318
SCALE 1.000000 1.000000 1.000000
X 0.759560 0.098197 -0.642982
Y 0.271876 -0.945971 0.176700
Z -0.590891 -0.309025 -0.745219

PART 14
OFFSET 12.179292 13.524631 -19.089910
SCALE 1.000000 1.000000 1.000000
X 0.858386 0.338751 -0.385253
Y 0.497813 -0.731431 0.466038
Z -0.123915 -0.591824 -0.796485

PART 15
OFFSET 8.081628 -11.366330 -6.166125
SCALE 1.000000 1.000000 1.000000
X -0.869407 0.298194 -0.393970
Y 0.297551 0.952535 0.064339
Z 0.394455 -0.061289 -0.916869

PART 16
OFFSET 8.308398 -10.058727 -5.941968
SCALE 1.000000 1.000000 1.000000
X -0.869407 0.298194 -0.393970
Y 0.297551 0.952535 0.064339
Z 0.394455 -0.061289 -0.916869

PART 17
OFFSET 8.536779 -9.441550 -6.943293
SCALE 1.000000 1.000000 1.000000
X -0.869407 0.298194 -0.393970
Y 0.297551 0.952535 0.064339
Z 0.394455 -0.061289 -0.916869

PART 18
OFFSET 10.298406 -10.899222 -6.691603
SCALE 1.000000 1.000000 1.000000
X -0.671208 0.412036 0.616203
Y -0.700170 -0.625358 -0.344513
Z 0.243396 -0.662687 0.708240

PART 19
OFFSET 7.306269 -10.072974 -8.357866
SCALE 1.000000 1.000000 1.000000
X -0.854545 0.266170 -0.445990
Y 0.206652 -0.613555 -0.762132
Z -0.476496 -0.743440 0.469306

PART 20
OFFSET 14.834132 -9.608006 -6.746280
SCALE 1.000000 1.000000 1.000000
X 0.630843 -0.449293 -0.632592
Y 0.118288 0.861449 -0.493876
Z 0.766841 0.236730 0.596585

PART 21
OFFSET 18.161342 -12.543913 -10.777840
SCALE 1.000000 1.000000 1.000000
X 0.630843 -0.449293 -0.632592
Y -0.338785 0.573972 -0.745507
Z 0.698041 0.684611 0.209873

PART 22
OFFSET 27.701355 -19.238514 -20.462498
SCALE 1.000000 1.000000 1.000000
X 0.630843 -0.449293 -0.632592
Y 0.118288 0.861449 -0.493876
Z 0.766841 0.236730 0.596585

PART 23
OFFSET 12.271259 -10.945117 -8.928121
SCALE 1.000000 1.000000 1.000000
X 0.630843 -0.449293 -0.632592
Y 0.118288 0.861449 -0.493876
Z 0.766841 0.236730 0.596585

PART 24
OFFSET 18.215814 14.427119 -22.305667
SCALE 1.000000 1.000000 1.000000
X 0.616750 0.257633 -0.743804
Y -0.690040 -0.277724 -0.668366
Z -0.378765 0.925470 0.006490

PART 25
OFFSET 17.748400 15.386290 -22.603891
SCALE 1.000000 1.000000 1.000000
X 0.328345 -0.314285 -0.890738
Y -0.868163 -0.471942 -0.153505
Z -0.372132 0.823709 -0.427810

PART 26
OFFSET 15.239766 15.755499 -21.238477
SCALE 1.000000 1.000000 1.000000
X 0.111514 0.006364 -0.993743
Y -0.894347 -0.435321 -0.103148
Z -0.433254 0.900253 -0.042852

PART 27
OFFSET 15.643209 15.223194 -20.962412
SCALE 1.000000 1.000000 1.000000
X 0.297546 0.030875 -0.954208
Y -0.886486 -0.362099 -0.288145
Z -0.354414 0.931628 -0.080371

PART 28
OFFSET 15.195258 13.612025 -20.627488
SCALE 1.000000 1.000000 1.000000
X 0.421901 -0.640569 -0.641617
Y 0.095008 -0.672552 0.733926
Z -0.901650 -0.370602 -0.222891

PART 29
OFFSET 17.297407 13.263579 -22.335327
SCALE 1.000000 1.000000 1.000000
X 0.497798 0.189399 -0.846360
Y 0.796264 0.286971 0.532552
Z 0.343746 -0.939029 -0.007957

PART 30
OFFSET 15.853297 14.933601 -23.208410
SCALE 1.000000 1.000000 1.000000
X -0.523802 0.849496 0.063144
Y 0.590950 0.308991 0.745187
Z 0.613522 0.427646 -0.663860

PART 31
OFFSET 13.511939 -12.283432 -8.577489
SCALE 1.000000 1.000000 1.000000
X -0.548325 0.284448 0.786402
Y 0.272954 -0.827997 0.489813
Z 0.790466 0.483228 0.376370

PART 32
OFFSET 12.678045 -12.807260 -9.074475
SCALE 1.000000 1.000000 1.000000
X -0.169916 -0.581600 0.795531
Y 0.537936 -0.731126 -0.419618
Z 0.825683 0.356646 0.437094

PART 33
OFFSET 10.036801 -11.775776 -7.715912
SCALE 1.000000 1.000000 1.000000
X -0.378981 0.369798 0.848306
Y 0.316547 -0.809586 0.494336
Z 0.869581 0.455873 0.189760

PART 34
OFFSET 10.694767 -11.549598 -7.530685
SCALE 1.000000 1.000000 1.000000
X -0.461549 0.451653 0.763533
Y 0.339603 -0.705171 0.622418
Z 0.819538 0.546575 0.172088

PART 35
OFFSET 11.111820 -10.264287 -6.974083
SCALE 1.000000 1.000000 1.000000
X -0.705880 -0.418507 0.571477
Y -0.209539 -0.647309 -0.732861
Z 0.676629 -0.637058 0.369228

PART 36
OFFSET 8.227476 -9.010792 -3.456117
SCALE 1.000000 1.000000 1.000000
X -0.428466 0.324354 0.843333
Y -0.455122 0.728825 -0.511544
Z -0.780564 -0.602999 -0.164656

PART 37
OFFSET 19.292500 14.894931 -23.614050
SCALE 1.000000 1.000000 1.000000
X 0.028341 -0.233235 -0.972007
Y -0.931594 -0.358695 0.058906
Z -0.362393 0.903847 -0.227447

PART 38
OFFSET 18.411452 14.811506 -24.311273
SCALE 1.000000 1.000000 1.000000
X -0.127605 -0.438838 -0.889460
Y -0.699134 -0.596305 0.394503
Z -0.703512 0.672192 -0.230714

PART 39
OFFSET 15.444685 15.570461 -23.481081
SCALE 1.000000 1.000000 1.000000
X 0.183512 -0.150930 -0.971362
Y -0.811039 -0.581605 -0.062854
Z -0.555462 0.799347 -0.229141

PART 40
OFFSET 16.385799 15.449889 -23.439359
SCALE 1.000000 1.000000 1.000000
X 0.310130 -0.356998 -0.881120
Y -0.757818 -0.652461 -0.002378
Z -0.574047 0.668466 -0.472888

PART 41
OFFSET 16.048589 12.144716 -21.957695
SCALE 1.000000 1.000000 1.000000
X 0.548850 -0.321655 -0.771558
Y 0.103516 -0.889746 0.444563
Z -0.829486 -0.323867 -0.455041

PART 42
OFFSET 14.477729 -12.773985 -9.966895
SCALE 1.000000 1.000000 1.000000
X -0.392273 -0.531205 0.750962
Y 0.617313 -0.757276 -0.213211
Z 0.681944 0.379941 0.624978

PART 43
OFFSET 13.009831 -11.668256 -10.628947
SCALE 1.000000 1.000000 1.000000
X 0.274246 -0.948229 0.160160
Y 0.147442 -0.123116 -0.981378
Z 0.950289 0.292753 0.106045

PART 44
OFFSET 11.092961 -12.646163 -9.608161
SCALE 1.000000 1.000000 1.000000
X -0.062045 -0.552387 0.831275
Y 0.411728 -0.772875 -0.482850
Z 0.909192 0.312301 0.275386

PART 45
OFFSET 11.770993 -12.791059 -9.554878
SCALE 1.000000 1.000000 1.000000
X -0.168198 -0.630355 0.757867
Y 0.292612 -0.766094 -0.572256
Z 0.941322 0.125509 0.313305

PART 46
OFFSET 12.648195 -9.253264 -8.199876
SCALE 1.000000 1.000000 1.000000
X -0.575095 0.099494 0.812014
Y -0.506904 -0.822412 -0.258239
Z 0.642117 -0.560124 0.523399

PART 47
OFFSET 19.362853 14.535275 -24.774312
SCALE 1.000000 1.000000 1.000000
X -0.189219 -0.428573 -0.883471
Y -0.909563 -0.262513 0.322152
Z -0.369988 0.864530 -0.340141

PART 48
OFFSET 18.337607 14.263289 -25.620707
SCALE 1.000000 1.000000 1.000000
X -0.405907 -0.729164 -0.550962
Y -0.502419 -0.325553 0.800993
Z -0.763423 0.601943 -0.234201

PART 49
OFFSET 15.695232 15.375921 -24.796397
SCALE 1.000000 1.000000 1.000000
X -0.174114 -0.561156 -0.809190
Y -0.851378 -0.327131 0.410050
Z -0.494813 0.760322 -0.420798

PART 50
OFFSET 16.894855 14.891143 -24.837200
SCALE 1.000000 1.000000 1.000000
X -0.237130 -0.686893 -0.686984
Y -0.796911 -0.266899 0.541938
Z -0.555609 0.675976 -0.484103

PART 51
OFFSET 16.704387 11.395951 -23.113218
SCALE 1.000000 1.000000 1.000000
X 0.096524 -0.853246 -0.512497
Y 0.020122 -0.513123 0.858079
Z -0.995127 -0.093138 -0.032360

PART 52
OFFSET 14.869453 -11.931369 -10.713064
SCALE 1.000000 1.000000 1.000000
X 0.025879 -0.962850 0.268794
Y 0.748633 -0.159523 -0.643507
Z 0.662480 0.217881 0.716693

PART 53
OFFSET 12.552135 -10.288542 -10.646185
SCALE 1.000000 1.000000 1.000000
X 0.257253 -0.285439 -0.923226
Y -0.323468 0.874831 -0.360609
Z 0.910598 0.391402 0.132722

PART 54
OFFSET 11.173491 -11.908189 -10.732319
SCALE 1.000000 1.000000 1.000000
X 0.004360 -0.907398 0.420249
Y 0.490943 -0.364177 -0.791423
Z 0.871181 0.209768 0.443893

PART 55
OFFSET 12.032346 -11.810512 -10.771027
SCALE 1.000000 1.000000 1.000000
X 0.044221 -0.965388 0.257044
Y 0.281770 -0.234797 -0.930310
Z 0.958462 0.113566 0.261634

PART 56
OFFSET 13.286697 -9.660182 -9.528269
SCALE 1.000000 1.000000 1.000000
X 0.000545 0.621897 0.783099
Y -0.889911 -0.356896 0.284049
Z 0.456134 -0.697043 0.553238

PART 57
OFFSET 19.149176 14.051220 -25.772202
SCALE 1.000000 1.000000 1.000000
X 0.778127 0.620223 -0.099206
Y -0.043976 0.211353 0.976420
Z 0.626566 -0.755416 0.191734

PART 58
OFFSET 17.872835 13.441947 -26.246937
SCALE 1.000000 1.000000 1.000000
X 0.683998 0.725816 -0.073063
Y -0.178514 0.263654 0.947955
Z 0.707304 -0.635357 0.309907

PART 59
OFFSET 15.558568 14.916135 -25.469905
SCALE 1.000000 1.000000 1.000000
X -0.606020 -0.731715 -0.311982
Y -0.574892 0.131824 0.807540
Z -0.549763 0.668742 -0.500545

PART 60
OFFSET 16.655896 14.000298 -25.834465
SCALE 1.000000 1.000000 1.000000
X -0.619872 -0.675755 -0.398892
Y -0.552770 0.015231 0.833195
Z -0.556960 0.736969 -0.382978

PART 61
OFFSET 16.763545 10.460241 -23.654311
SCALE 1.000000 1.000000 1.000000
X 0.714610 -0.675788 -0.180675
Y 0.694167 0.716978 0.063832
Z 0.086403 -0.171033 0.981469

PART 62
OFFSET 14.840273 -10.843870 -11.016669
SCALE 1.000000 1.000000 1.000000
X -0.497234 0.518740 0.695462
Y 0.111246 0.833080 -0.541851
Z -0.860455 -0.192059 -0.471944

PART 63
OFFSET 12.254128 -9.967431 -9.601731
SCALE 1.000000 1.000000 1.000000
X -0.052766 -0.366409 0.928956
Y -0.345583 0.879473 0.327261
Z -0.936903 -0.303764 -0.173032

PART 64
OFFSET 11.167665 -11.128851 -11.099087
SCALE 1.000000 1.000000 1.000000
X 0.218232 -0.883709 -0.414044
Y 0.368077 0.467471 -0.803735
Z 0.903822 0.023001 0.427291

PART 65
OFFSET 11.937328 -10.463416 -10.916425
SCALE 1.000000 1.000000 1.000000
X 0.308486 -0.369559 -0.876506
Y -0.000103 0.921433 -0.388538
Z 0.951229 0.119949 0.284211

PART 66
OFFSET 13.280383 -10.294772 -10.405280
SCALE 1.000000 1.000000 1.000000
X -0.476009 0.833254 0.281252
Y -0.080584 0.277136 -0.957446
Z -0.875741 -0.478417 -0.064772

PART 67
OFFSET 14.982835 14.220987 -25.766297
SCALE 1.000000 1.000000 1.000000
X 0.904366 0.379438 -0.195319
Y -0.113272 0.654688 0.747364
Z 0.411451 -0.653766 0.635057

PART 68
OFFSET 15.983686 13.267473 -26.267080
SCALE 1.000000 1.000000 1.000000
X 0.793457 0.584503 -0.169653
Y -0.073915 0.369227 0.926395
Z 0.604121 -0.722515 0.336169

PART 69
OFFSET 10.960324 -10.289299 -10.705736
SCALE 1.000000 1.000000 1.000000
X -0.529575 0.379086 0.758844
Y 0.251315 0.924539 -0.286476
Z -0.810180 0.038998 -0.584883

PART 70
OFFSET 11.602789 -10.062568 -9.965844
SCALE 1.000000 1.000000 1.000000
X -0.201451 -0.217007 0.955157
Y -0.216402 0.960913 0.172673
Z -0.955294 -0.171913 -0.240538

PART 71
OFFSET 0.000000 0.000000 0.000000
SCALE 1.000000 1.000000 1.000000
X 1.000000 0.000000 0.000000
Y 0.000000 1.000000 0.000000
Z 0.000000 0.000000 1.000000

PART 72
OFFSET 0.000000 0.000000 0.000000
SCALE 1.000000 1.000000 1.000000
X 1.000000 0.000000 0.000000
Y 0.000000 1.000000 0.000000
Z 0.000000 0.000000 1.000000

PART 73
OFFSET 1.540551 0.000000 4.135826
SCALE 1.000000 1.000000 1.000000
X 1.000000 0.000000 0.000000
Y 0.000000 1.000000 0.000000
Z 0.000000 0.000000 1.000000

PART 74
OFFSET -4.631835 0.000000 -1.376957
SCALE 1.000000 1.000000 1.000000
X 1.000000 0.000000 0.000000
Y 0.000000 1.000000 0.000000
Z 0.000000 0.000000 1.000000

FRAME 2
PART 0
OFFSET 0.000000 0.000000 0.000000
SCALE 1.000000 1.000000 1.000000
X 1.000000 0.000000 0.000000
Y 0.000000 1.000000 0.000000
Z 0.000000 0.000000 1.000000

PART 1
OFFSET 7.345721 7.538877 -3.626675
SCALE 1.000000 1.000000 1.000000
X -0.172961 0.215006 -0.961175
Y 0.739695 -0.616006 -0.270901
Z -0.650335 -0.757832 -0.052494

PART 2
OFFSET -4.189014 -5.671532 0.816664
SCALE 1.000000 1.000000 1.000000
X -0.393594 0.160618 0.905144
Y -0.738136 -0.642101 -0.207031
Z 0.547940 -0.749606 0.371285

PART 3
OFFSET 13.274654 -10.438343 -9.143093
SCALE 1.000000 1.000000 1.000000
X 0.664185 -0.469662 -0.581615
Y 0.215367 0.865237 -0.452749
Z 0.715873 0.175449 0.675828

PART 4
OFFSET 13.908927 18.076323 -17.331985
SCALE 1.000000 1.000000 1.000000
X 0.998737 0.041892 -0.027740
Y 0.021387 0.145113 0.989184
Z 0.045465 -0.988528 0.144033

PART 5
OFFSET 4.869864 10.266527 -15.685574
SCALE 1.000000 1.000000 1.000000
X 0.889186 0.327335 -0.319688
Y 0.369224 -0.100690 0.923869
Z 0.270226 -0.939528 -0.210393

PART 6
OFFSET 0.525051 -7.799412 -11.021324
SCALE 1.000000 1.000000 1.000000
X -0.899587 0.254153 -0.355175
Y 0.346707 -0.078965 -0.934644
Z -0.265589 -0.963935 -0.017081

PART 7
OFFSET 13.274654 -10.438343 -9.143093
SCALE 1.000000 1.000000 1.000000
X 0.664185 -0.469662 -0.581615
Y 0.215367 0.865237 -0.452749
Z 0.715873 0.175449 0.675828

PART 8
OFFSET 13.042537 14.456763 -19.638252
SCALE 1.000000 1.000000 1.000000
X 0.886225 0.330485 -0.324629
Y -0.277986 0.939954 0.198017
Z 0.370578 -0.085246 0.924881

PART 9
OFFSET 13.068285 12.822877 -20.042500
SCALE 1.000000 1.000000 1.000000
X 0.886225 0.330485 -0.324629
Y -0.277986 0.939954 0.198017
Z 0.370578 -0.085246 0.924881

PART 10
OFFSET 14.476750 14.269140 -17.483256
SCALE 1.000000 1.000000 1.000000
X 0.886225 0.330485 -0.324629
Y -0.277986 0.939954 0.198017
Z 0.370578 -0.085246 0.924881

PART 11
OFFSET 14.825890 12.970161 -17.530729
SCALE 1.000000 1.000000 1.000000
X 0.886225 0.330485 -0.324629
Y -0.277986 0.939954 0.198017
Z 0.370578 -0.085246 0.924881

PART 12
OFFSET 14.293954 12.371411 -18.421923
SCALE 1.000000 1.000000 1.000000
X 0.886225 0.330485 -0.324629
Y -0.277986 0.939954 0.198017
Z 0.370578 -0.085246 0.924881

PART 13
OFFSET 15.307204 13.923629 -19.342638
SCALE 1.000000 1.000000 1.000000
X 0.749632 -0.008977 -0.661794
Y 0.230631 -0.933694 0.273907
Z -0.620372 -0.357959 -0.697856

PART 14
OFFSET 12.393554 12.952024 -18.571891
SCALE 1.000000 1.000000 1.000000
X 0.918664 0.286215 -0.272280
Y 0.393236 -0.728324 0.561167
Z -0.037693 -0.622595 -0.781636

PART 15
OFFSET 9.182098 -11.090345 -5.945016
SCALE 1.000000 1.000000 1.000000
X -0.900917 0.257240 -0.349536
Y 0.263111 0.964252 0.031479
Z 0.345138 -0.063607 -0.936394

PART 16
OFFSET 9.369537 -9.771013 -5.756006
SCALE 1.000000 1.000000 1.000000
X -0.900917 0.257240 -0.349536
Y 0.263111 0.964252 0.031479
Z 0.345138 -0.063607 -0.936394

PART 17
OFFSET 9.517722 -9.164717 -6.778826
SCALE 1.000000 1.000000 1.000000
X -0.900917 0.257240 -0.349536
Y 0.263111 0.964252 0.031479
Z 0.345138 -0.063607 -0.936394

PART 18
OFFSET 11.287540 -10.564252 -6.606127
SCALE 1.000000 1.000000 1.000000
X -0.704961 0.435112 0.560095
Y -0.696572 -0.573376 -0.431308
Z 0.133478 -0.694203 0.707295

PART 19
OFFSET 8.222104 -9.884410 -8.079463
SCALE 1.000000 1.000000 1.000000
X -0.889572 0.234384 -0.392080
Y 0.234206 -0.502898 -0.832010
Z -0.392186 -0.831960 0.392470

PART 20
OFFSET 15.867059 -9.533468 -6.180741
SCALE 1.000000 1.000000 1.000000
X 0.664185 -0.469662 -0.581615
Y 0.215367 0.865237 -0.452749
Z 0.715873 0.175449 0.675828

PART 21
OFFSET 19.407211 -12.557862 -9.957474
SCALE 1.000000 1.000000 1.000000
X 0.664185 -0.469662 -0.581615
Y -0.229948 0.611937 -0.756741
Z 0.711324 0.636357 0.298442

PART 22
OFFSET 29.468857 -19.557680 -18.867467
SCALE 1.000000 1.000000 1.000000
X 0.664185 -0.469662 -0.581615
Y 0.215367 0.865237 -0.452749
Z 0.715873 0.175449 0.675828

PART 23
OFFSET 13.462329 -10.659826 -8.643504
SCALE 1.000000 1.000000 1.000000
X 0.664185 -0.469662 -0.581615
Y 0.215367 0.865237 -0.452749
Z 0.715873 0.175449 0.675828

PART 24
OFFSET 18.621110 13.339232 -21.421756
SCALE 1.000000 1.000000 1.000000
X 0.669607 0.197250 -0.716044
Y -0.646427 -0.319960 -0.692645
Z -0.365730 0.926670 -0.086740

PART 25
OFFSET 18.190462 14.280685 -21.819547
SCALE 1.000000 1.000000 1.000000
X 0.368774 -0.369164 -0.853067
Y -0.857676 -0.488931 -0.159183
Z -0.358326 0.790358 -0.496928

PART 26
OFFSET 15.738319 14.915275 -20.470233
SCALE 1.000000 1.000000 1.000000
X 0.088525 -0.106239 -0.990392
Y -0.915893 -0.399523 -0.039009
Z -0.391540 0.910546 -0.132671

PART 27
OFFSET 16.122910 14.397796 -20.143341
SCALE 1.000000 1.000000 1.000000
X 0.275220 -0.089089 -0.957245
Y -0.909354 -0.347236 -0.229134
Z -0.311976 0.933537 -0.176580

PART 28
OFFSET 15.602886 12.845776 -19.611219
SCALE 1.000000 1.000000 1.000000
X 0.369328 -0.739872 -0.562304
Y 0.107894 -0.566853 0.816723
Z -0.923014 -0.362309 -0.129527

PART 29
OFFSET 17.651756 12.221600 -21.321910
SCALE 1.000000 1.000000 1.000000
X 0.488236 0.072578 -0.869689
Y 0.819951 0.303094 0.485607
Z 0.298842 -0.950193 0.088471

PART 30
OFFSET 16.269927 13.856990 -22.347946
SCALE 1.000000 1.000000 1.000000
X -0.481717 0.876074 -0.021054
Y 0.620429 0.357919 0.697827
Z 0.618884 0.323092 -0.715957

PART 31
OFFSET 14.589721 -12.087872 -8.210365
SCALE 1.000000 1.000000 1.000000
X -0.607124 0.296050 0.737397
Y 0.175288 -0.855242 0.487683
Z 0.775032 0.425341 0.467344

PART 32
OFFSET 13.781296 -12.548002 -8.803236
SCALE 1.000000 1.000000 1.000000
X -0.281222 -0.590942 0.756110
Y 0.534848 -0.750704 -0.387790
Z 0.796776 0.295349 0.527178

PART 33
OFFSET 11.080295 -11.396732 -7.678516
SCALE 1.000000 1.000000 1.000000
X -0.440247 0.369523 0.818313
Y 0.219184 -0.839584 0.497048
Z 0.870713 0.398185 0.288630

PART 34
OFFSET 11.728226 -11.215036 -7.422477
SCALE 1.000000 1.000000 1.000000
X -0.509161 0.458328 0.728486
Y 0.235213 -0.740094 0.630028
Z 0.827907 0.492135 0.269022

PART 35
OFFSET 12.159778 -9.971756 -6.787038
SCALE 1.000000 1.000000 1.000000
X -0.782014 -0.390447 0.485803
Y -0.171641 -0.614400 -0.770099
Z 0.599160 -0.685612 0.413453

PART 36
OFFSET 9.014175 -8.640628 -3.531266
SCALE 1.000000 1.000000 1.000000
X -0.491483 0.327252 0.807063
Y -0.359701 0.767694 -0.530340
Z -0.793132 -0.550955 -0.259596

PART 37
OFFSET 19.790568 13.700285 -22.683722
SCALE 1.000000 1.000000 1.000000
X 0.089459 -0.305345 -0.948031
Y -0.938423 -0.344756 0.022488
Z -0.333706 0.887642 -0.317384

PART 38
OFFSET 18.930761 13.600810 -23.455253
SCALE 1.000000 1.000000 1.000000
X -0.087269 -0.498290 -0.862607
Y -0.711873 -0.574540 0.403906
Z -0.696865 0.649316 -0.304580

PART 39
OFFSET 15.869296 14.463457 -22.687858
SCALE 1.000000 1.000000 1.000000
X 0.217966 -0.203051 -0.954600
Y -0.812438 -0.579721 -0.062194
Z -0.540773 0.789110 -0.291325

PART 40
OFFSET 16.815940 14.317140 -22.641833
SCALE 1.000000 1.000000 1.000000
X 0.342839 -0.404417 -0.847884
Y -0.752396 -0.658637 0.009922
Z -0.562460 0.634543 -0.530088

PART 41
OFFSET 16.331291 11.192618 -20.735059
SCALE 1.000000 1.000000 1.000000
X 0.486436 -0.535016 -0.690751
Y 0.056334 -0.769740 0.635867
Z -0.871898 -0.348222 -0.344289

PART 42
OFFSET 15.660099 -12.598770 -9.513100
SCALE 1.000000 1.000000 1.000000
X -0.494799 -0.526251 0.691544
Y 0.591600 -0.786894 -0.175521
Z 0.636540 0.322269 0.700685

PART 43
OFFSET 14.330720 -11.390737 -10.280619
SCALE 1.000000 1.000000 1.000000
X 0.202684 -0.966723 0.156096
Y 0.237513 -0.106113 -0.965571
Z 0.950004 0.232780 0.208102

PART 44
OFFSET 12.269140 -12.278964 -9.484608
SCALE 1.000000 1.000000 1.000000
X -0.175979 -0.569145 0.803184
Y 0.413424 -0.783204 -0.464405
Z 0.893371 0.250330 0.373126

PART 45
OFFSET 12.929150 -12.465321 -9.369632
SCALE 1.000000 1.000000 1.000000
X -0.278516 -0.638716 0.717266
Y 0.304412 -0.767018 -0.564816
Z 0.910913 0.061034 0.408060

PART 46
OFFSET 13.865736 -9.022489 -7.823274
SCALE 1.000000 1.000000 1.000000
X -0.646759 0.112413 0.754365
Y -0.524372 -0.783768 -0.332778
Z 0.553838 -0.610795 0.565856

PART 47
OFFSET 19.929173 13.252136 -23.806594
SCALE 1.000000 1.000000 1.000000
X -0.142861 -0.494945 -0.857100
Y -0.931374 -0.225762 0.285611
Z -0.334862 0.839083 -0.428726

PART 48
OFFSET 18.915468 12.965644 -24.726945
SCALE 1.000000 1.000000 1.000000
X -0.378428 -0.767797 -0.516992
Y -0.533892 -0.275206 0.799513
Z -0.756143 0.578576 -0.305775

PART 49
OFFSET 16.166783 14.198158 -23.981564
SCALE 1.000000 1.000000 1.000000
X -0.151416 -0.604004 -0.782466
Y -0.867638 -0.298042 0.397963
Z -0.473579 0.739155 -0.478929

PART 50
OFFSET 17.377227 13.682905 -23.987843
SCALE 1.000000 1.000000 1.000000
X -0.211397 -0.728946 -0.651113
Y -0.812174 -0.239609 0.531940
Z -0.543768 0.641268 -0.541379

PART 51
OFFSET 16.862332 10.138326 -21.668140
SCALE 1.000000 1.000000 1.000000
X -0.017868 -0.973705 -0.227113
Y 0.015269 -0.227388 0.973684
Z -0.999724 0.013930 0.018931

PART 52
OFFSET 16.171525 -11.761857 -10.190032
SCALE 1.000000 1.000000 1.000000
X -0.055719 -0.969347 0.239295
Y 0.798915 -0.187035 -0.571623
Z 0.598858 0.159326 0.784847

PART 53
OFFSET 13.955984 -9.986232 -10.298857
SCALE 1.000000 1.000000 1.000000
X 0.331588 -0.276145 -0.902105
Y -0.235718 0.901626 -0.362641
Z 0.913502 0.332890 0.233876

PART 54
OFFSET 12.503257 -11.518108 -10.571397
SCALE 1.000000 1.000000 1.000000
X -0.089082 -0.916670 0.389590
Y 0.546103 -0.372062 -0.750560
Z 0.832968 0.145895 0.533741

PART 55
OFFSET 13.365832 -11.470781 -10.522452
SCALE 1.000000 1.000000 1.000000
X -0.036469 -0.972666 0.229328
Y 0.359522 -0.226886 -0.905134
Z 0.932424 0.049439 0.357969

PART 56
OFFSET 14.609635 -9.432023 -9.094805
SCALE 1.000000 1.000000 1.000000
X -0.042428 0.600182 0.798737
Y -0.932625 -0.310531 0.183797
Z 0.358344 -0.737124 0.572920

PART 57
OFFSET 19.767857 12.693111 -24.774697
SCALE 1.000000 1.000000 1.000000
X 0.792634 0.601475 -0.099793
Y -0.098978 0.288447 0.952366
Z 0.601609 -0.745001 0.288166

PART 58
OFFSET 18.481893 12.100347 -25.315206
SCALE 1.000000 1.000000 1.000000
X 0.682530 0.724880 -0.093281
Y -0.219646 0.325177 0.919791
Z 0.697071 -0.607296 0.381160

PART 59
OFFSET 16.049069 13.702642 -24.632947
SCALE 1.000000 1.000000 1.000000
X -0.601436 -0.743746 -0.291750
Y -0.600819 0.180369 0.778770
Z -0.526584 0.643669 -0.555337

PART 60
OFFSET 17.175180 12.731766 -24.936260
SCALE 1.000000 1.000000 1.000000
X -0.602698 -0.703318 -0.376960
Y -0.579365 0.060841 0.812794
Z -0.548719 0.708267 -0.444147

PART 61
OFFSET 16.797492 9.082119 -21.896298
SCALE 1.000000 1.000000 1.000000
X 0.632119 -0.774590 0.020874
Y 0.765169 0.619727 -0.174515
Z 0.122241 0.126286 0.984433

PART 62
OFFSET 16.234509 -10.667023 -10.460315
SCALE 1.000000 1.000000 1.000000
X -0.534008 0.529169 0.659406
Y 0.211856 0.838786 -0.501552
Z -0.818506 -0.128133 -0.560026

PART 63
OFFSET 13.573824 -9.675216 -9.279038
SCALE 1.000000 1.000000 1.000000
X -0.165977 -0.386653 0.907167
Y -0.326133 0.889684 0.319532
Z -0.930639 -0.242822 -0.273767

PART 64
OFFSET 12.578281 -10.730532 -10.912006
SCALE 1.000000 1.000000 1.000000
X 0.208054 -0.884069 -0.418491
Y 0.472422 0.465466 -0.748438
Z 0.856464 -0.041989 0.514495

PART 65
OFFSET 13.362325 -10.117093 -10.633586
SCALE 1.000000 1.000000 1.000000
X 0.373047 -0.364353 -0.853278
Y 0.090938 0.929597 -0.357184
Z 0.923345 0.055651 0.379917

PART 66
OFFSET 14.654994 -10.042085 -9.987922
SCALE 1.000000 1.000000 1.000000
X -0.453721 0.852527 0.259490
Y 0.031294 0.306251 -0.951436
Z -0.890594 -0.423566 -0.165631

PART 67
OFFSET 15.477691 12.996064 -24.910117
SCALE 1.000000 1.000000 1.000000
X 0.913756 0.361823 -0.184754
Y -0.132875 0.695920 0.705719
Z 0.383919 -0.620306 0.683979

PART 68
OFFSET 16.521595 11.969048 -25.345090
SCALE 1.000000 1.000000 1.000000
X 0.795019 0.579491 -0.179260
Y -0.105866 0.423544 0.899668
Z 0.597274 -0.696276 0.398074

PART 69
OFFSET 12.380611 -9.890636 -10.514431
SCALE 1.000000 1.000000 1.000000
X -0.580380 0.390088 0.714836
Y 0.330673 0.915068 -0.230879
Z -0.744187 0.102379 -0.660079

PART 70
OFFSET 12.957772 -9.721891 -9.708193
SCALE 1.000000 1.000000 1.000000
X -0.307826 -0.229393 0.923375
Y -0.177749 0.967279 0.181044
Z -0.934692 -0.108399 -0.338528

PART 71
OFFSET 0.000000 0.000000 0.000000
SCALE 1.000000 1.000000 1.000000
X 1.000000 0.000000 0.000000
Y 0.000000 1.000000 0.000000
Z 0.000000 0.000000 1.000000

PART 72
OFFSET 0.000000 0.000000 0.000000
SCALE 1.000000 1.000000 1.000000
X 1.000000 0.000000 0.000000
Y 0.000000 1.000000 0.000000
Z 0.000000 0.000000 1.000000

PART 73
