// Export time: Mon Jun 13 18:25:48 2022

ANIMATION
VERSION 3

NUMPARTS 79
PART 0 "tag_origin"
PART 1 "j_mainroot"
PART 2 "tag_sync"
PART 3 "pelvis"
PART 4 "j_hip_le"
PART 5 "j_hip_ri"
PART 6 "torso_stabilizer"
PART 7 "j_hiptwist_le"
PART 8 "j_knee_le"
PART 9 "j_hiptwist_ri"
PART 10 "j_knee_ri"
PART 11 "j_spinelower"
PART 12 "j_ankle_le"
PART 13 "j_knee_bulge_le"
PART 14 "j_ankle_ri"
PART 15 "j_knee_bulge_ri"
PART 16 "back_low"
PART 17 "j_ball_le"
PART 18 "j_ball_ri"
PART 19 "j_spineupper"
PART 20 "back_mid"
PART 21 "j_spine4"
PART 22 "j_clavicle_le"
PART 23 "j_clavicle_ri"
PART 24 "j_neck"
PART 25 "j_shoulderraise_le"
PART 26 "j_shoulderraise_ri"
PART 27 "tag_inhand"
PART 28 "tag_stowed_back"
PART 29 "tag_weapon_chest"
PART 30 "j_shoulder_le"
PART 31 "j_shoulder_ri"
PART 32 "neck"
PART 33 "j_elbow_bulge_le"
PART 34 "j_elbow_le"
PART 35 "j_shouldertwist_le"
PART 36 "j_elbow_bulge_ri"
PART 37 "j_elbow_ri"
PART 38 "j_shouldertwist_ri"
PART 39 "j_head"
PART 40 "j_wrist_le"
PART 41 "j_wristtwist_le"
PART 42 "j_wrist_ri"
PART 43 "j_wristtwist_ri"
PART 44 "head"
PART 45 "j_index_le_1"
PART 46 "j_mid_le_1"
PART 47 "j_pinky_le_1"
PART 48 "j_ring_le_1"
PART 49 "j_thumb_le_1"
PART 50 "tag_weapon_left"
PART 51 "j_index_ri_1"
PART 52 "j_mid_ri_1"
PART 53 "j_pinky_ri_1"
PART 54 "j_ring_ri_1"
PART 55 "j_thumb_ri_1"
PART 56 "tag_weapon_right"
PART 57 "j_head_end"
PART 58 "j_index_le_2"
PART 59 "j_mid_le_2"
PART 60 "j_pinky_le_2"
PART 61 "j_ring_le_2"
PART 62 "j_thumb_le_2"
PART 63 "j_index_ri_2"
PART 64 "j_mid_ri_2"
PART 65 "j_pinky_ri_2"
PART 66 "j_ring_ri_2"
PART 67 "j_thumb_ri_2"
PART 68 "j_helmet"
PART 69 "j_index_le_3"
PART 70 "j_mid_le_3"
PART 71 "j_pinky_le_3"
PART 72 "j_ring_le_3"
PART 73 "j_thumb_le_3"
PART 74 "j_index_ri_3"
PART 75 "j_mid_ri_3"
PART 76 "j_pinky_ri_3"
PART 77 "j_ring_ri_3"
PART 78 "j_thumb_ri_3"

FRAMERATE 30
NUMFRAMES 24
FRAME 0
PART 0
OFFSET 0.000000 0.000000 0.000000
SCALE 1.000000 1.000000 1.000000
X 1.000000 0.000000 0.000000
Y 0.000000 1.000000 0.000000
Z 0.000000 0.000000 1.000000

PART 1
OFFSET -27.916464 3.079584 8.845914
SCALE 1.000000 1.000000 1.000000
X 0.977972 -0.208137 0.015818
Y 0.089914 0.351667 -0.931797
Z 0.188379 0.912694 0.362635

PART 2
OFFSET -0.002280 0.000000 -0.000000
SCALE 1.000000 1.000000 1.000000
X -1.000000 0.000000 0.000000
Y -0.000000 -1.000000 0.000000
Z 0.000000 0.000000 1.000000

PART 3
OFFSET -27.916465 3.079584 8.845913
SCALE 1.000000 1.000000 1.000000
X 0.977972 -0.208137 0.015818
Y 0.089914 0.351667 -0.931797
Z 0.188379 0.912694 0.362635

PART 4
OFFSET -26.999909 7.520192 10.610268
SCALE 1.000000 1.000000 1.000000
X -0.878366 0.477924 0.007917
Y 0.210531 0.401695 -0.891245
Z -0.429127 -0.781172 -0.453453

PART 5
OFFSET -28.833066 -1.361009 7.081587
SCALE 1.000000 1.000000 1.000000
X 0.998600 0.052841 0.002251
Y 0.027550 -0.556035 0.830702
Z 0.045147 -0.829478 -0.556712

PART 6
OFFSET -27.916466 3.079584 8.845913
SCALE 1.000000 1.000000 1.000000
X 1.000000 -0.000000 0.000000
Y 0.000000 1.000000 0.000000
Z -0.000000 -0.000000 1.000000

PART 7
OFFSET -29.766417 9.025463 10.635203
SCALE 1.000000 1.000000 1.000000
X -0.878366 0.477924 0.007917
Y 0.190992 0.366109 -0.910761
Z -0.438173 -0.798470 -0.412857

PART 8
OFFSET -42.381630 15.889271 10.749193
SCALE 1.000000 1.000000 1.000000
X -0.232625 -0.403479 0.884924
Y -0.858482 0.512780 0.008127
Z -0.457050 -0.757801 -0.465664

PART 9
OFFSET -31.977942 -1.527420 7.074495
SCALE 1.000000 1.000000 1.000000
X 0.998603 0.052788 0.002220
Y 0.022843 -0.469245 0.882773
Z 0.047642 -0.881489 -0.469795

PART 10
OFFSET -46.319851 -2.286053 7.043046
SCALE 1.000000 1.000000 1.000000
X 0.155096 0.546403 -0.823036
Y 0.986074 -0.035003 0.162581
Z 0.060026 -0.836790 -0.544223

PART 11
OFFSET -22.812007 2.064469 8.745472
SCALE 1.000000 1.000000 1.000000
X 0.982445 -0.164715 0.087580
Y 0.132411 0.285002 -0.949337
Z 0.131410 0.944268 0.301809

PART 12
OFFSET -45.909055 9.771034 24.167671
SCALE 1.000000 1.000000 1.000000
X -0.174293 -0.510213 0.842202
Y -0.746680 0.626064 0.224750
Z -0.641943 -0.589683 -0.490085

PART 13
OFFSET -42.875197 16.801018 9.775128
SCALE 1.000000 1.000000 1.000000
X 0.745000 -0.059454 -0.664410
Y -0.477037 0.648727 -0.592950
Z 0.466273 0.758696 0.454940

PART 14
OFFSET -48.671647 -10.570952 19.523636
SCALE 1.000000 1.000000 1.000000
X 0.387604 0.588900 -0.709197
Y 0.920473 -0.288915 0.263167
Z -0.049918 -0.754802 -0.654051

PART 15
OFFSET -47.135609 -1.653207 6.002774
SCALE 1.000000 1.000000 1.000000
X -0.738694 -0.414998 0.531138
Y 0.670491 -0.371652 0.642118
Z -0.069079 0.830452 0.552790

PART 16
OFFSET -22.812007 2.064469 8.745472
SCALE 1.000000 1.000000 1.000000
X 0.982445 -0.164715 0.087580
Y 0.132411 0.285002 -0.949337
Z 0.131410 0.944268 0.301809

PART 17
OFFSET -50.785114 10.988805 29.232986
SCALE 1.000000 1.000000 1.000000
X -0.705123 0.705104 0.075037
Y 0.301317 0.393744 -0.868432
Z -0.641880 -0.589741 -0.490098

PART 18
OFFSET -55.518226 -11.669843 21.206857
SCALE 1.000000 1.000000 1.000000
X 0.839175 -0.386822 0.382302
Y -0.541561 -0.529744 0.652750
Z -0.049977 -0.754811 -0.654035

PART 19
OFFSET -17.663945 1.254616 9.037752
SCALE 1.000000 1.000000 1.000000
X 0.985017 -0.021119 0.171160
Y 0.172271 0.166690 -0.970843
Z -0.008027 0.985783 0.167831

PART 20
OFFSET -17.663946 1.254616 9.037752
SCALE 1.000000 1.000000 1.000000
X 0.985017 -0.021119 0.171160
Y 0.172271 0.166690 -0.970843
Z -0.008027 0.985783 0.167831

PART 21
OFFSET -13.622275 1.164497 9.760298
SCALE 1.000000 1.000000 1.000000
X 0.958994 0.125100 0.254325
Y 0.250241 0.047605 -0.967012
Z -0.133080 0.991001 0.014348

PART 22
OFFSET -9.395431 3.081252 11.120528
SCALE 1.000000 1.000000 1.000000
X 0.102861 0.962783 -0.249938
Y -0.551534 0.264312 0.791170
Z 0.827786 0.056469 0.558195

PART 23
OFFSET -9.034256 0.392351 11.081657
SCALE 1.000000 1.000000 1.000000
X -0.187564 0.971863 -0.142483
Y 0.557303 -0.014156 -0.830188
Z -0.808847 -0.235120 -0.538967

PART 24
OFFSET -5.145192 2.272516 11.853752
SCALE 1.000000 1.000000 1.000000
X 0.925438 0.151223 0.347415
Y 0.346944 0.030348 -0.937395
Z -0.152299 0.988034 -0.024381

PART 25
OFFSET -6.882227 6.112593 10.928096
SCALE 1.000000 1.000000 1.000000
X 0.058484 -0.998136 -0.017431
Y 0.279541 0.033137 -0.959562
Z 0.958351 0.051247 0.280958

PART 26
OFFSET -6.377527 -1.960687 12.364127
SCALE 1.000000 1.000000 1.000000
X 0.206983 -0.978278 -0.011383
Y -0.274883 -0.069318 0.958976
Z -0.938934 -0.195363 -0.283259

PART 27
OFFSET 12.136264 0.645814 7.853641
SCALE 1.000000 1.000000 1.000000
X 0.949135 0.297858 0.102099
Y -0.303747 0.951559 0.047674
Z -0.082953 -0.076262 0.993631

PART 28
OFFSET -15.993644 -2.727854 16.377607
SCALE 1.000000 1.000000 1.000000
X -0.942488 -0.206113 -0.263124
Y 0.217009 0.221393 -0.950732
Z 0.254212 -0.953154 -0.163932

PART 29
OFFSET -17.892835 -27.936240 -7.636706
SCALE 1.000000 1.000000 1.000000
X 0.295139 0.053445 -0.953958
Y -0.133080 0.991001 0.014348
Z 0.946141 0.122718 0.299596

PART 30
OFFSET -8.738371 9.230400 9.524273
SCALE 1.000000 1.000000 1.000000
X 0.645147 -0.136453 -0.751775
Y -0.579395 0.554041 -0.597779
Z 0.498083 0.821230 0.278378

PART 31
OFFSET -7.836304 -5.814705 11.991675
SCALE 1.000000 1.000000 1.000000
X 0.116804 0.303218 0.945736
Y 0.910985 0.346554 -0.223622
Z -0.395554 0.887671 -0.235748

PART 32
OFFSET -5.145191 2.272517 11.853753
SCALE 1.000000 1.000000 1.000000
X 0.925438 0.151223 0.347415
Y 0.346944 0.030348 -0.937395
Z -0.152299 0.988034 -0.024381

PART 33
OFFSET -0.853397 7.989841 -0.275114
SCALE 1.000000 1.000000 1.000000
X 0.866876 -0.479343 -0.136956
Y 0.020966 0.309535 -0.950657
Z 0.498083 0.821230 0.278378

PART 34
OFFSET -1.310210 7.998777 0.508977
SCALE 1.000000 1.000000 1.000000
X 0.747024 -0.602501 0.280976
Y 0.554851 0.332247 -0.762727
Z 0.366190 0.725675 0.582495

PART 35
OFFSET -8.439893 9.167268 9.176462
SCALE 1.000000 1.000000 1.000000
X 0.645147 -0.136453 -0.751775
Y -0.567500 0.573234 -0.591055
Z 0.511595 0.807950 0.292383

PART 36
OFFSET -9.891758 -10.281353 -0.611037
SCALE 1.000000 1.000000 1.000000
X -0.539859 -0.017058 0.841583
Y 0.743027 0.460163 0.485965
Z -0.395554 0.887671 -0.235748

PART 37
OFFSET -9.503631 -9.672363 1.023206
SCALE 1.000000 1.000000 1.000000
X -0.859560 -0.501351 -0.099014
Y -0.169565 0.097028 0.980731
Z -0.482083 0.859786 -0.168413

PART 38
OFFSET -7.884946 -5.940978 11.597830
SCALE 1.000000 1.000000 1.000000
X 0.116804 0.303218 0.945736
Y 0.812920 0.517855 -0.266433
Z -0.570542 0.799928 -0.186005

PART 39
OFFSET -2.344255 2.734192 13.067291
SCALE 1.000000 1.000000 1.000000
X 0.855835 0.148587 0.495447
Y 0.496476 0.032741 -0.867433
Z -0.145111 0.988357 -0.045749

PART 40
OFFSET 6.200268 1.718926 3.303448
SCALE 1.000000 1.000000 1.000000
X 0.756927 -0.621872 0.200841
Y -0.653324 -0.727217 0.210531
Z 0.015131 -0.290571 -0.956734

PART 41
OFFSET 4.002193 3.556821 2.485031
SCALE 1.000000 1.000000 1.000000
X 0.747024 -0.602501 0.280976
Y 0.383415 0.045192 -0.922470
Z 0.543091 0.796838 0.264767

PART 42
OFFSET -0.848914 -4.410327 2.050466
SCALE 1.000000 1.000000 1.000000
X -0.901605 -0.428939 0.055856
Y 0.423545 -0.901648 -0.087413
Z 0.087857 -0.055154 0.994605

PART 43
OFFSET -3.381883 -5.950261 1.749461
SCALE 1.000000 1.000000 1.000000
X -0.859560 -0.501351 -0.099014
Y -0.136533 0.038587 0.989884
Z -0.492459 0.864383 -0.101618

PART 44
OFFSET -2.344255 2.734192 13.067291
SCALE 1.000000 1.000000 1.000000
X 0.855835 0.148587 0.495447
Y 0.496476 0.032741 -0.867433
Z -0.145111 0.988357 -0.045749

PART 45
OFFSET 8.929694 0.223197 5.484561
SCALE 1.000000 1.000000 1.000000
X 0.318772 -0.872439 0.370451
Y -0.905374 -0.395939 -0.153395
Z 0.280504 -0.286499 -0.916098

PART 46
OFFSET 9.137596 -0.059315 4.495343
SCALE 1.000000 1.000000 1.000000
X -0.010164 -0.928045 0.372328
Y -0.975273 0.091408 0.201215
Z -0.220770 -0.361077 -0.906027

PART 47
OFFSET 8.800444 -0.708203 2.586037
SCALE 1.000000 1.000000 1.000000
X -0.149241 -0.687182 0.710990
Y -0.923886 0.353145 0.147390
Z -0.352366 -0.634877 -0.687582

PART 48
OFFSET 9.031287 -0.388892 3.471415
SCALE 1.000000 1.000000 1.000000
X -0.158191 -0.764171 0.625314
Y -0.951550 0.287098 0.110128
Z -0.263683 -0.577596 -0.772563

PART 49
OFFSET 6.851760 1.523642 4.208014
SCALE 1.000000 1.000000 1.000000
X -0.169806 -0.391360 0.904435
Y 0.629054 -0.749510 -0.206218
Z 0.758589 0.533921 0.373458

PART 50
OFFSET -25.089367 8.977635 36.553433
SCALE 1.000000 1.000000 1.000000
X 0.580303 -0.383666 0.718365
Y 0.673509 -0.269821 -0.688174
Z 0.457859 0.883174 0.101825

PART 51
OFFSET 2.488963 -3.239155 3.440186
SCALE 1.000000 1.000000 1.000000
X -0.937509 -0.308752 -0.160466
Y 0.264719 -0.932163 0.246974
Z -0.225834 0.189062 0.955644

PART 52
OFFSET 2.578184 -3.249597 2.394377
SCALE 1.000000 1.000000 1.000000
X -0.077849 -0.981061 -0.177369
Y 0.983865 -0.046854 -0.172668
Z 0.161087 -0.187949 0.968879

PART 53
OFFSET 2.066738 -2.977984 0.433566
SCALE 1.000000 1.000000 1.000000
X 0.430233 -0.857737 -0.281402
Y 0.871764 0.475709 -0.117169
Z 0.234366 -0.194906 0.952410

PART 54
OFFSET 2.371041 -3.140922 1.339192
SCALE 1.000000 1.000000 1.000000
X 0.069574 -0.956270 -0.284089
Y 0.988852 0.103692 -0.106867
Z 0.131651 -0.273487 0.952824

PART 55
OFFSET -0.021404 -4.196891 2.792431
SCALE 1.000000 1.000000 1.000000
X -0.481329 -0.771814 -0.415482
Y -0.681815 0.031781 0.730834
Z -0.550864 0.635054 -0.541531

PART 56
OFFSET 12.135116 0.645113 7.854250
SCALE 1.000000 1.000000 1.000000
X 0.949158 0.297775 0.102128
Y -0.303662 0.951589 0.047629
Z -0.083001 -0.076220 0.993630

PART 57
OFFSET 2.965396 3.671194 16.480312
SCALE 1.000000 1.000000 1.000000
X 0.855835 0.148587 0.495447
Y 0.496476 0.032741 -0.867433
Z -0.145111 0.988357 -0.045749

PART 58
OFFSET 9.423973 -1.129447 6.058902
SCALE 1.000000 1.000000 1.000000
X -0.471930 -0.872241 0.128369
Y -0.835844 0.396335 -0.379847
Z 0.280441 -0.286557 -0.916099

PART 59
OFFSET 9.118785 -1.781167 5.186178
SCALE 1.000000 1.000000 1.000000
X -0.899860 -0.282812 0.332069
Y -0.376133 0.888614 -0.262466
Z -0.220853 -0.361085 -0.906003

PART 60
OFFSET 8.621577 -1.531844 3.438327
SCALE 1.000000 1.000000 1.000000
X -0.702523 -0.305962 0.642533
Y -0.618303 0.709449 -0.338205
Z -0.352366 -0.634877 -0.687582

PART 61
OFFSET 8.765270 -1.674268 4.523291
SCALE 1.000000 1.000000 1.000000
X -0.877274 -0.189447 0.441022
Y -0.401107 0.794008 -0.456798
Z -0.263636 -0.577634 -0.772551

PART 62
OFFSET 6.443207 0.582084 6.383951
SCALE 1.000000 1.000000 1.000000
X -0.005253 -0.568398 0.822737
Y 0.651056 -0.626428 -0.428619
Z 0.759011 0.533397 0.373350

PART 63
OFFSET 3.942524 -2.760359 3.688925
SCALE 1.000000 1.000000 1.000000
X -0.462262 -0.884304 0.065733
Y 0.857494 -0.426902 0.287156
Z -0.225871 0.189107 0.955626

PART 64
OFFSET 2.722465 -1.429165 2.723441
SCALE 1.000000 1.000000 1.000000
X 0.980194 -0.084117 -0.179286
Y 0.115196 0.978570 0.170677
Z 0.161087 -0.187949 0.968879

PART 65
OFFSET 1.551060 -1.949872 0.770958
SCALE 1.000000 1.000000 1.000000
X 0.953932 -0.142662 -0.263935
Y 0.187316 0.970391 0.152492
Z 0.234366 -0.194906 0.952410

PART 66
OFFSET 2.253882 -1.532152 1.817000
SCALE 1.000000 1.000000 1.000000
X 0.989787 -0.016743 -0.141564
Y 0.054669 0.961730 0.268490
Z 0.131651 -0.273487 0.952824

PART 67
OFFSET 1.136672 -2.339832 3.791741
SCALE 1.000000 1.000000 1.000000
X -0.701693 -0.703706 -0.111472
Y -0.451902 0.318621 0.833226
Z -0.550828 0.635043 -0.541580

PART 68
OFFSET 3.315474 3.802722 18.211372
SCALE 1.000000 1.000000 1.000000
X 0.701087 0.070105 -0.709621
Y -0.145057 0.988369 -0.045670
Z 0.698166 0.134954 0.703102

PART 69
OFFSET 8.965295 -1.977157 6.183747
SCALE 1.000000 1.000000 1.000000
X -0.717277 -0.696786 -0.001610
Y -0.637881 0.657566 -0.400893
Z 0.280395 -0.286525 -0.916123

PART 70
OFFSET 8.127579 -2.092719 5.552003
SCALE 1.000000 1.000000 1.000000
X -0.975332 0.085920 0.203337
Y 0.004388 0.928505 -0.371294
Z -0.220701 -0.361243 -0.905977

PART 71
OFFSET 8.136439 -1.743069 3.882045
SCALE 1.000000 1.000000 1.000000
X -0.907610 0.411018 0.085493
Y 0.228322 0.654165 -0.721067
Z -0.352297 -0.634928 -0.687571

PART 72
OFFSET 7.938095 -1.852834 4.939167
SCALE 1.000000 1.000000 1.000000
X -0.848982 -0.241220 0.470152
Y -0.457898 0.779903 -0.426710
Z -0.263741 -0.577551 -0.772577

PART 73
OFFSET 6.436922 -0.096842 7.366740
SCALE 1.000000 1.000000 1.000000
X 0.244632 -0.764832 0.595976
Y 0.603596 -0.360910 -0.710926
Z 0.758833 0.533644 0.373359

PART 74
OFFSET 4.391757 -1.901009 3.625152
SCALE 1.000000 1.000000 1.000000
X -0.049083 -0.981940 0.182713
Y 0.972920 -0.005635 0.231074
Z -0.225871 0.189107 0.955626

PART 75
OFFSET 1.642857 -1.336544 2.921042
SCALE 1.000000 1.000000 1.000000
X 0.903686 0.422732 -0.068183
Y -0.396764 0.886549 0.237929
Z 0.161028 -0.187960 0.968887

PART 76
OFFSET 0.892282 -1.851357 0.953185
SCALE 1.000000 1.000000 1.000000
X 0.913914 0.378158 -0.147504
Y -0.331412 0.904991 0.266755
Z 0.234366 -0.194906 0.952410

PART 77
OFFSET 1.320724 -1.516514 1.950575
SCALE 1.000000 1.000000 1.000000
X 0.949172 0.312003 -0.041541
Y -0.285932 0.909882 0.300595
Z 0.131584 -0.273438 0.952847

PART 78
OFFSET 1.974845 -1.499222 3.924931
SCALE 1.000000 1.000000 1.000000
X -0.821249 -0.528062 0.216103
Y -0.148720 0.563770 0.812432
Z -0.550847 0.635070 -0.541529

FRAME 1
PART 0
OFFSET 0.000000 0.000000 0.000000
SCALE 1.000000 1.000000 1.000000
X 1.000000 0.000000 0.000000
Y 0.000000 1.000000 0.000000
Z 0.000000 0.000000 1.000000

PART 1
OFFSET -26.259507 3.873462 9.424315
SCALE 1.000000 1.000000 1.000000
X 0.985157 -0.169801 0.025159
Y 0.048364 0.133940 -0.989809
Z 0.164700 0.976334 0.140164

PART 2
OFFSET -0.002280 0.000000 -0.000000
SCALE 1.000000 1.000000 1.000000
X -1.000000 0.000000 0.000000
Y -0.000000 -1.000000 0.000000
Z 0.000000 0.000000 1.000000

PART 3
OFFSET -26.259508 3.873462 9.424315
SCALE 1.000000 1.000000 1.000000
X 0.985157 -0.169801 0.025159
Y 0.048364 0.133940 -0.989809
Z 0.164700 0.976334 0.140164

PART 4
OFFSET -25.458156 8.623704 10.106263
SCALE 1.000000 1.000000 1.000000
X -0.859309 0.476238 -0.186507
Y 0.355008 0.292879 -0.887801
Z -0.368181 -0.829107 -0.420742

PART 5
OFFSET -27.060904 -0.876761 8.742392
SCALE 1.000000 1.000000 1.000000
X 0.976692 0.212767 0.028321
Y 0.050606 -0.356485 0.932929
Z 0.208592 -0.909752 -0.358944

PART 6
OFFSET -26.259508 3.873462 9.424315
SCALE 1.000000 1.000000 1.000000
X 1.000000 -0.000000 -0.000000
Y -0.000000 1.000000 -0.000000
Z 0.000000 0.000000 1.000000

PART 7
OFFSET -28.164643 10.123668 9.518837
SCALE 1.000000 1.000000 1.000000
X -0.859309 0.476238 -0.186507
Y 0.309423 0.193715 -0.930984
Z -0.407241 -0.857713 -0.313820

PART 8
OFFSET -40.506210 16.963307 6.840493
SCALE 1.000000 1.000000 1.000000
X -0.019534 -0.461968 0.886681
Y -0.916762 0.362159 0.168491
Z -0.398957 -0.809584 -0.430589

PART 9
OFFSET -30.136786 -1.546825 8.653200
SCALE 1.000000 1.000000 1.000000
X 0.976682 0.212805 0.028398
Y 0.027121 -0.253511 0.966952
Z 0.212971 -0.943635 -0.253371

PART 10
OFFSET -44.164156 -4.602140 8.247255
SCALE 1.000000 1.000000 1.000000
X 0.084830 0.370883 -0.924797
Y 0.970659 0.178828 0.160755
Z 0.225001 -0.911299 -0.344831

PART 11
OFFSET -21.127102 3.017738 9.357208
SCALE 1.000000 1.000000 1.000000
X 0.983964 -0.158673 0.081470
Y 0.094700 0.077673 -0.992471
Z 0.151150 0.984271 0.091454

PART 12
OFFSET -40.802429 9.958167 20.285617
SCALE 1.000000 1.000000 1.000000
X -0.064717 -0.563366 0.823669
Y -0.677177 0.631056 0.378417
Z -0.732968 -0.533280 -0.422339

PART 13
OFFSET -41.039897 17.818035 5.755250
SCALE 1.000000 1.000000 1.000000
X 0.726335 0.006613 -0.687309
Y -0.558599 0.588339 -0.584657
Z 0.400504 0.808587 0.431026

PART 14
OFFSET -45.450582 -10.225454 22.270772
SCALE 1.000000 1.000000 1.000000
X 0.245242 0.500284 -0.830405
Y 0.876697 0.251195 0.410248
Z 0.413834 -0.828624 -0.376993

PART 15
OFFSET -45.022658 -4.360815 7.085164
SCALE 1.000000 1.000000 1.000000
X -0.685132 -0.410010 0.602068
Y 0.690435 -0.102115 0.716151
Z -0.232149 0.906347 0.353047

PART 16
OFFSET -21.127102 3.017738 9.357208
SCALE 1.000000 1.000000 1.000000
X 0.983964 -0.158673 0.081470
Y 0.094700 0.077673 -0.992471
Z 0.151150 0.984271 0.091454

PART 17
OFFSET -44.794426 10.960734 26.114439
SCALE 1.000000 1.000000 1.000000
X -0.655434 0.719914 0.228322
Y 0.182325 0.444194 -0.877183
Z -0.732915 -0.533307 -0.422398

PART 18
OFFSET -51.382101 -13.924335 23.703187
SCALE 1.000000 1.000000 1.000000
X 0.820654 0.160262 0.548491
Y -0.394097 -0.536322 0.746355
Z 0.413780 -0.828658 -0.376976

PART 19
OFFSET -15.977655 2.203458 9.610140
SCALE 1.000000 1.000000 1.000000
X 0.988359 -0.067456 0.136368
Y 0.136953 0.004093 -0.990569
Z 0.066261 0.997714 0.013283

PART 20
OFFSET -15.977656 2.203458 9.610139
SCALE 1.000000 1.000000 1.000000
X 0.988359 -0.067456 0.136368
Y 0.136953 0.004093 -0.990569
Z 0.066261 0.997714 0.013283

PART 21
OFFSET -11.921546 1.926339 10.190208
SCALE 1.000000 1.000000 1.000000
X 0.978149 0.026031 0.206268
Y 0.207614 -0.069939 -0.975707
Z -0.010972 0.997212 -0.073815

PART 22
OFFSET -7.433102 3.411469 11.209343
SCALE 1.000000 1.000000 1.000000
X 0.120589 0.939053 -0.321927
Y -0.484303 0.338734 0.806666
Z 0.866550 0.058635 0.495634

PART 23
OFFSET -7.403242 0.705712 11.409681
SCALE 1.000000 1.000000 1.000000
X -0.146765 0.976469 -0.158015
Y 0.504444 -0.063528 -0.861104
Z -0.850880 -0.206090 -0.483250

PART 24
OFFSET -3.282271 2.144906 11.859440
SCALE 1.000000 1.000000 1.000000
X 0.893337 0.162364 0.419032
Y 0.426981 -0.015904 -0.904121
Z -0.140133 0.986603 -0.083535

PART 25
OFFSET -4.837806 6.073269 10.648365
SCALE 1.000000 1.000000 1.000000
X -0.064000 -0.995192 0.074141
Y 0.235261 -0.087245 -0.968009
Z 0.969823 -0.044510 0.239713

PART 26
OFFSET -4.759870 -1.858292 12.501669
SCALE 1.000000 1.000000 1.000000
X 0.085913 -0.993628 0.072952
Y -0.234985 0.050949 0.970663
Z -0.968195 -0.100535 -0.229111

PART 27
OFFSET 12.345490 0.717886 8.536025
SCALE 1.000000 1.000000 1.000000
X 0.941973 0.310284 0.128102
Y -0.315419 0.948710 0.021438
Z -0.114880 -0.060600 0.991529

PART 28
OFFSET -14.428484 -1.036914 17.225615
SCALE 1.000000 1.000000 1.000000
X -0.972039 -0.108931 -0.208027
Y 0.196539 0.107397 -0.974597
Z 0.128505 -0.988231 -0.082985

PART 29
OFFSET -20.520104 -27.835782 -4.232943
SCALE 1.000000 1.000000 1.000000
X 0.253462 -0.068635 -0.964907
Y -0.010972 0.997212 -0.073815
Z 0.967283 0.029296 0.252002

PART 30
OFFSET -6.662810 9.409061 9.153300
SCALE 1.000000 1.000000 1.000000
X 0.651133 -0.046737 -0.757523
Y -0.531294 0.684693 -0.498921
Z 0.541989 0.727332 0.420995

PART 31
OFFSET -6.465859 -5.530758 12.418896
SCALE 1.000000 1.000000 1.000000
X 0.209241 0.322608 0.923115
Y 0.901698 0.301612 -0.309793
Z -0.378364 0.897192 -0.227786

PART 32
OFFSET -3.282270 2.144907 11.859441
SCALE 1.000000 1.000000 1.000000
X 0.893337 0.162364 0.419032
Y 0.426981 -0.015904 -0.904121
Z -0.140133 0.986603 -0.083535

PART 33
OFFSET 1.520942 9.349363 -0.849699
SCALE 1.000000 1.000000 1.000000
X 0.838237 -0.503682 -0.208955
Y 0.060069 0.466145 -0.882667
Z 0.541987 0.727332 0.420996

PART 34
OFFSET 0.862840 9.266367 0.135859
SCALE 1.000000 1.000000 1.000000
X 0.569858 -0.736002 0.365463
Y 0.710136 0.217293 -0.669695
Z 0.413484 0.641159 0.646487

PART 35
OFFSET -6.361563 9.387437 8.802830
SCALE 1.000000 1.000000 1.000000
X 0.651133 -0.046737 -0.757523
Y -0.562469 0.640403 -0.522984
Z 0.509563 0.766616 0.390699

PART 36
OFFSET -9.776913 -10.247994 0.133078
SCALE 1.000000 1.000000 1.000000
X -0.466227 0.027877 0.884226
Y 0.799672 0.440757 0.407748
Z -0.378362 0.897193 -0.227786

PART 37
OFFSET -9.217524 -9.599611 1.749239
SCALE 1.000000 1.000000 1.000000
X -0.876652 -0.477182 -0.061467
Y -0.126079 0.104552 0.986495
Z -0.464311 0.872563 -0.151818

PART 38
OFFSET -6.552996 -5.665106 12.034472
SCALE 1.000000 1.000000 1.000000
X 0.209241 0.322608 0.923115
Y 0.813221 0.466830 -0.347478
Z -0.543037 0.823404 -0.164672

PART 39
OFFSET -0.592467 2.647958 13.288761
SCALE 1.000000 1.000000 1.000000
X 0.788318 0.170681 0.591120
Y 0.600239 -0.002292 -0.799818
Z -0.135159 0.985324 -0.104257

PART 40
OFFSET 6.553550 1.648533 3.774170
SCALE 1.000000 1.000000 1.000000
X 0.756642 -0.609836 0.235782
Y -0.651941 -0.731080 0.201233
Z 0.049656 -0.305977 -0.950743

PART 41
OFFSET 4.888139 3.878012 2.708794
SCALE 1.000000 1.000000 1.000000
X 0.569858 -0.736002 0.365463
Y 0.499084 -0.043329 -0.865470
Z 0.652823 0.675591 0.342635

PART 42
OFFSET -0.383445 -4.580932 2.397567
SCALE 1.000000 1.000000 1.000000
X -0.898307 -0.438087 0.033519
Y 0.435844 -0.898149 -0.058037
Z 0.055531 -0.037526 0.997752

PART 43
OFFSET -2.968920 -6.049643 2.207464
SCALE 1.000000 1.000000 1.000000
X -0.876652 -0.477182 -0.061467
Y -0.104956 0.064991 0.992351
Z -0.469537 0.876398 -0.107057

PART 44
OFFSET -0.592466 2.647958 13.288762
SCALE 1.000000 1.000000 1.000000
X 0.788318 0.170681 0.591120
Y 0.600239 -0.002292 -0.799818
Z -0.135159 0.985324 -0.104257

PART 45
OFFSET 9.226058 0.219869 6.067824
SCALE 1.000000 1.000000 1.000000
X 0.410627 -0.811869 0.415036
Y -0.859308 -0.496790 -0.121611
Z 0.304918 -0.306707 -0.901641

PART 46
OFFSET 9.469348 -0.076383 5.090770
SCALE 1.000000 1.000000 1.000000
X 0.090971 -0.914004 0.395374
Y -0.986136 -0.027352 0.163668
Z -0.138779 -0.404782 -0.903821

PART 47
OFFSET 9.202064 -0.760191 3.182592
SCALE 1.000000 1.000000 1.000000
X -0.076037 -0.729693 0.679534
Y -0.970077 0.211736 0.118817
Z -0.230582 -0.650166 -0.723959

PART 48
OFFSET 9.400263 -0.423842 4.069569
SCALE 1.000000 1.000000 1.000000
X -0.062898 -0.795589 0.602563
Y -0.984277 0.149301 0.094386
Z -0.165056 -0.587152 -0.792470

PART 49
OFFSET 7.177107 1.475500 4.702638
SCALE 1.000000 1.000000 1.000000
X -0.194275 -0.404889 0.893489
Y 0.649723 -0.735516 -0.192031
Z 0.734926 0.543214 0.405959

PART 50
OFFSET -27.850498 6.324546 34.373390
SCALE 1.000000 1.000000 1.000000
X 0.553036 -0.354228 0.754105
Y 0.736907 -0.214348 -0.641110
Z 0.388740 0.910262 0.142491

PART 51
OFFSET 2.893940 -3.349121 3.876005
SCALE 1.000000 1.000000 1.000000
X -0.928331 -0.321945 -0.185884
Y 0.266392 -0.924859 0.271425
Z -0.259301 0.202455 0.944339

PART 52
OFFSET 3.017775 -3.376037 2.834022
SCALE 1.000000 1.000000 1.000000
X -0.061425 -0.984705 -0.163045
Y 0.989479 -0.038638 -0.139420
Z 0.130988 -0.169894 0.976718

PART 53
OFFSET 2.568517 -3.143025 0.853113
SCALE 1.000000 1.000000 1.000000
X 0.448468 -0.857416 -0.252417
Y 0.870010 0.483484 -0.096570
Z 0.204840 -0.176296 0.962788

PART 54
OFFSET 2.844459 -3.287359 1.770899
SCALE 1.000000 1.000000 1.000000
X 0.089168 -0.960041 -0.265274
Y 0.990674 0.113034 -0.076076
Z 0.103021 -0.256017 0.961167

PART 55
OFFSET 0.416759 -4.345803 3.162568
SCALE 1.000000 1.000000 1.000000
X -0.459029 -0.784037 -0.417826
Y -0.705893 0.036300 0.707387
Z -0.539451 0.619652 -0.570109

PART 56
OFFSET 12.346773 0.716936 8.537646
SCALE 1.000000 1.000000 1.000000
X 0.942017 0.310126 0.128159
Y -0.315255 0.948767 0.021364
Z -0.114967 -0.060528 0.991523

PART 57
OFFSET 4.256315 3.736091 17.291806
SCALE 1.000000 1.000000 1.000000
X 0.788318 0.170681 0.591120
Y 0.600239 -0.002292 -0.799818
Z -0.135159 0.985324 -0.104257

PART 58
OFFSET 9.862750 -1.038861 6.711288
SCALE 1.000000 1.000000 1.000000
X -0.369514 -0.910649 0.184871
Y -0.877772 0.276791 -0.391028
Z 0.304919 -0.306765 -0.901621

PART 59
OFFSET 9.638177 -1.772177 5.824366
SCALE 1.000000 1.000000 1.000000
X -0.869872 -0.386349 0.306687
Y -0.473329 0.828776 -0.298478
Z -0.138859 -0.404802 -0.903800

PART 60
OFFSET 9.110934 -1.634789 3.997179
SCALE 1.000000 1.000000 1.000000
X -0.700846 -0.405169 0.587071
Y -0.674988 0.642840 -0.362143
Z -0.230664 -0.650073 -0.724016

PART 61
OFFSET 9.294534 -1.762056 5.083178
SCALE 1.000000 1.000000 1.000000
X -0.854204 -0.316473 0.412529
Y -0.493022 0.744988 -0.449358
Z -0.165119 -0.587229 -0.792400

PART 62
OFFSET 6.709686 0.501393 6.852238
SCALE 1.000000 1.000000 1.000000
X -0.009764 -0.590293 0.807130
Y 0.677507 -0.597567 -0.428834
Z 0.735452 0.542649 0.405762

PART 63
OFFSET 4.333271 -2.849870 4.164152
SCALE 1.000000 1.000000 1.000000
X -0.454676 -0.888238 0.065604
Y 0.852065 -0.412346 0.322422
Z -0.259336 0.202497 0.944320

PART 64
OFFSET 3.131582 -1.548846 3.136502
SCALE 1.000000 1.000000 1.000000
X 0.986429 -0.076045 -0.145516
Y 0.098997 0.982524 0.157625
Z 0.130986 -0.169892 0.976719

PART 65
OFFSET 2.030980 -2.115295 1.155763
SCALE 1.000000 1.000000 1.000000
X 0.963607 -0.136289 -0.229973
Y 0.171761 0.974856 0.141964
Z 0.204842 -0.176298 0.962787

PART 66
OFFSET 2.694340 -1.672249 2.217050
SCALE 1.000000 1.000000 1.000000
X 0.994047 -0.007953 -0.108665
Y 0.035464 0.966640 0.253671
Z 0.103023 -0.256015 0.961167

PART 67
OFFSET 1.521192 -2.459341 4.167515
SCALE 1.000000 1.000000 1.000000
X -0.690035 -0.713346 -0.122428
Y -0.482579 0.327387 0.812364
Z -0.539416 0.619641 -0.570154

PART 68
OFFSET 4.389612 3.939985 19.045968
SCALE 1.000000 1.000000 1.000000
X 0.783836 0.041985 -0.619547
Y -0.135116 0.985338 -0.104171
Z 0.606089 0.165364 0.778017

PART 69
OFFSET 9.503609 -1.923897 6.891047
SCALE 1.000000 1.000000 1.000000
X -0.646902 -0.761505 0.040363
Y -0.699043 0.571026 -0.430427
Z 0.304724 -0.306659 -0.901722

PART 70
OFFSET 8.680005 -2.197775 6.162233
SCALE 1.000000 1.000000 1.000000
X -0.985593 -0.032755 0.165933
Y -0.096795 0.913758 -0.394558
Z -0.138699 -0.404935 -0.903764

PART 71
OFFSET 8.626946 -1.914523 4.402599
SCALE 1.000000 1.000000 1.000000
X -0.964426 0.251389 0.081764
Y 0.128902 0.717246 -0.684794
Z -0.230795 -0.649894 -0.724135

PART 72
OFFSET 8.489101 -2.060395 5.472189
SCALE 1.000000 1.000000 1.000000
X -0.854615 -0.315953 0.412075
Y -0.492374 0.745131 -0.449831
Z -0.164925 -0.587327 -0.792368

PART 73
OFFSET 6.698011 -0.203689 7.816384
SCALE 1.000000 1.000000 1.000000
X 0.250587 -0.774005 0.581482
Y 0.629755 -0.325861 -0.705141
Z 0.735265 0.542891 0.405777

PART 74
OFFSET 4.775130 -1.986696 4.100504
SCALE 1.000000 1.000000 1.000000
X -0.044562 -0.979240 0.197747
Y 0.964759 0.009202 0.262976
Z -0.259336 0.202497 0.944320

PART 75
OFFSET 2.045102 -1.465112 3.296907
SCALE 1.000000 1.000000 1.000000
X 0.900863 0.431694 -0.045663
Y -0.413888 0.885874 0.209579
Z 0.130926 -0.169903 0.976725

PART 76
OFFSET 1.365522 -2.021182 1.314535
SCALE 1.000000 1.000000 1.000000
X 0.914183 0.385921 -0.123832
Y -0.349728 0.905530 0.240221
Z 0.204839 -0.176298 0.962787

PART 77
OFFSET 1.757164 -1.664895 2.319611
SCALE 1.000000 1.000000 1.000000
X 0.946629 0.321943 -0.015660
Y -0.305439 0.911500 0.275453
Z 0.102955 -0.255969 0.961187

PART 78
OFFSET 2.345438 -1.607214 4.313791
SCALE 1.000000 1.000000 1.000000
X -0.822228 -0.533609 0.197996
Y -0.181522 0.575564 0.797356
Z -0.539435 0.619668 -0.570106

FRAME 2
PART 0
OFFSET 0.000000 0.000000 0.000000
SCALE 1.000000 1.000000 1.000000
X 1.000000 0.000000 0.000000
Y 0.000000 1.000000 0.000000
Z 0.000000 0.000000 1.000000

PART 1
OFFSET -25.002491 4.375305 10.404226
SCALE 1.000000 1.000000 1.000000
X 0.991937 -0.117581 0.047285
Y 0.052019 0.037529 -0.997941
Z 0.115564 0.992354 0.043343

PART 2
OFFSET -0.002280 0.000000 -0.000000
SCALE 1.000000 1.000000 1.000000
X -1.000000 0.000000 0.000000
Y -0.000000 -1.000000 0.000000
Z 0.000000 0.000000 1.000000

PART 3
OFFSET -25.002491 4.375305 10.404226
SCALE 1.000000 1.000000 1.000000
X 0.991937 -0.117581 0.047285
Y 0.052019 0.037529 -0.997941
Z 0.115564 0.992354 0.043343

PART 4
OFFSET -24.440207 9.203492 10.615105
SCALE 1.000000 1.000000 1.000000
X -0.870471 0.460558 -0.173684
Y 0.327821 0.279236 -0.902530
Z -0.367168 -0.842564 -0.394048

PART 5
OFFSET -25.564821 -0.452862 10.193372
SCALE 1.000000 1.000000 1.000000
X 0.921176 0.388082 0.028771
Y -0.012083 -0.045374 0.998897
Z 0.388959 -0.920507 -0.037108

PART 6
OFFSET -25.002492 4.375305 10.404226
SCALE 1.000000 1.000000 1.000000
X 1.000000 -0.000000 -0.000000
Y 0.000000 1.000000 -0.000000
Z 0.000000 0.000000 1.000000

PART 7
OFFSET -27.181852 10.654067 10.068067
SCALE 1.000000 1.000000 1.000000
X -0.870471 0.460558 -0.173684
Y 0.268874 0.149346 -0.951526
Z -0.412294 -0.874976 -0.253833

PART 8
OFFSET -39.683724 17.268504 7.573901
SCALE 1.000000 1.000000 1.000000
X 0.187377 -0.499198 0.845985
Y -0.900640 0.256465 0.350817
Z -0.392093 -0.827664 -0.401542

PART 9
OFFSET -28.465864 -1.675043 10.102762
SCALE 1.000000 1.000000 1.000000
X 0.921152 0.388138 0.028774
Y -0.011276 -0.047284 0.998818
Z 0.389040 -0.920387 -0.039179

PART 10
OFFSET -41.696069 -7.248042 9.690162
SCALE 1.000000 1.000000 1.000000
X 0.113983 0.074587 -0.990679
Y 0.905256 0.403017 0.134497
Z 0.409292 -0.912148 -0.021583

PART 11
OFFSET -19.832823 3.771252 10.453789
SCALE 1.000000 1.000000 1.000000
X 0.988222 -0.118011 0.097425
Y 0.096307 -0.015153 -0.995236
Z 0.118925 0.992897 -0.003609

PART 12
OFFSET -36.842451 9.698832 20.401930
SCALE 1.000000 1.000000 1.000000
X 0.026848 -0.542274 0.839772
Y -0.732010 0.561435 0.385944
Z -0.680765 -0.625084 -0.381877

PART 13
OFFSET -40.386199 18.128691 6.516335
SCALE 1.000000 1.000000 1.000000
X 0.632735 0.066540 -0.771504
Y -0.665948 0.555183 -0.498282
Z 0.395171 0.829062 0.395596

PART 14
OFFSET -43.424690 -8.378410 24.712470
SCALE 1.000000 1.000000 1.000000
X 0.271676 0.307837 -0.911827
Y 0.476768 0.779977 0.405375
Z 0.835993 -0.544860 0.065134

PART 15
OFFSET -42.442369 -7.540402 8.464568
SCALE 1.000000 1.000000 1.000000
X -0.671387 -0.327619 0.664760
Y 0.613678 0.257125 0.746516
Z -0.415499 0.909149 0.028423

PART 16
OFFSET -19.832823 3.771252 10.453789
SCALE 1.000000 1.000000 1.000000
X 0.988222 -0.118011 0.097425
Y 0.096307 -0.015153 -0.995236
Z 0.118925 0.992897 -0.003609

PART 17
OFFSET -40.730440 10.416842 26.341992
SCALE 1.000000 1.000000 1.000000
X -0.725287 0.648315 0.231617
Y 0.102859 0.434704 -0.894680
Z -0.680719 -0.625076 -0.381970

PART 18
OFFSET -47.229077 -14.122680 26.568935
SCALE 1.000000 1.000000 1.000000
X 0.422113 0.714310 0.558195
Y -0.350713 -0.439122 0.827147
Z 0.835955 -0.544916 0.065159

PART 19
OFFSET -14.660888 3.153000 10.789469
SCALE 1.000000 1.000000 1.000000
X 0.988836 -0.065145 0.134015
Y 0.129102 -0.074562 -0.988824
Z 0.074409 0.995086 -0.065319

PART 20
OFFSET -14.660889 3.153000 10.789469
SCALE 1.000000 1.000000 1.000000
X 0.988836 -0.065145 0.134015
Y 0.129102 -0.074562 -0.988824
Z 0.074409 0.995086 -0.065319

PART 21
OFFSET -10.602662 2.886962 11.359841
SCALE 1.000000 1.000000 1.000000
X 0.981557 -0.010170 0.190900
Y 0.187784 -0.135847 -0.972771
Z 0.035826 0.990678 -0.131432

PART 22
OFFSET -6.031627 4.206251 12.229035
SCALE 1.000000 1.000000 1.000000
X 0.204089 0.885514 -0.417387
Y -0.430163 0.464114 0.774311
Z 0.879379 0.021516 0.475636

PART 23
OFFSET -6.128747 1.518222 12.585705
SCALE 1.000000 1.000000 1.000000
X -0.104231 0.984432 -0.141529
Y 0.458806 -0.078663 -0.885048
Z -0.882402 -0.157183 -0.443464

PART 24
OFFSET -1.936369 2.777083 12.894272
SCALE 1.000000 1.000000 1.000000
X 0.912486 0.123800 0.389926
Y 0.398815 -0.056729 -0.915275
Z -0.091191 0.990684 -0.101138

PART 25
OFFSET -3.201921 6.689831 11.430111
SCALE 1.000000 1.000000 1.000000
X -0.110598 -0.984970 0.132675
Y 0.214685 -0.154018 -0.964463
Z 0.970401 -0.078185 0.228493

PART 26
OFFSET -3.556870 -1.159751 13.394853
SCALE 1.000000 1.000000 1.000000
X 0.039159 -0.990818 0.129411
Y -0.216034 0.118052 0.969223
Z -0.975600 -0.065911 -0.209427

PART 27
OFFSET 13.085201 0.353580 9.991440
SCALE 1.000000 1.000000 1.000000
X 0.948522 0.274942 0.157205
Y -0.281877 0.959170 0.023218
Z -0.144402 -0.066335 0.987293

PART 28
OFFSET -13.132242 0.458333 18.589333
SCALE 1.000000 1.000000 1.000000
X -0.979474 -0.072895 -0.187927
Y 0.185279 0.041590 -0.981806
Z 0.079385 -0.996472 -0.027230

PART 29
OFFSET -20.862298 -27.195643 -1.190977
SCALE 1.000000 1.000000 1.000000
X 0.233814 -0.136175 -0.962698
Y 0.035826 0.990678 -0.131432
Z 0.971621 -0.003759 0.236513

PART 30
OFFSET -4.728036 9.861893 9.563299
SCALE 1.000000 1.000000 1.000000
X 0.718623 -0.008613 -0.695346
Y -0.417262 0.794574 -0.441072
Z 0.556303 0.607106 0.567405

PART 31
OFFSET -5.463022 -4.769107 13.489625
SCALE 1.000000 1.000000 1.000000
X 0.239414 0.365100 0.899657
Y 0.899023 0.266562 -0.347422
Z -0.366658 0.891991 -0.264415

PART 32
OFFSET -1.936368 2.777083 12.894272
SCALE 1.000000 1.000000 1.000000
X 0.912486 0.123800 0.389926
Y 0.398815 -0.056729 -0.915275
Z -0.091191 0.990684 -0.101138

PART 33
OFFSET 4.494147 10.338288 0.331258
SCALE 1.000000 1.000000 1.000000
X 0.809125 -0.551313 -0.203396
Y 0.189336 0.572253 -0.797921
Z 0.556299 0.607108 0.567408

PART 34
OFFSET 3.638306 10.189484 1.325154
SCALE 1.000000 1.000000 1.000000
X 0.388240 -0.840269 0.378442
Y 0.770874 0.071081 -0.633010
Z 0.504998 0.537491 0.675337

PART 35
OFFSET -4.395564 9.857907 9.241594
SCALE 1.000000 1.000000 1.000000
X 0.718623 -0.008613 -0.695346
Y -0.488457 0.705464 -0.513547
Z 0.494965 0.708694 0.502756

PART 36
OFFSET -9.193847 -10.056000 1.512873
SCALE 1.000000 1.000000 1.000000
X -0.442439 0.082838 0.892964
Y 0.818421 0.444395 0.364279
Z -0.366653 0.891993 -0.264414

PART 37
OFFSET -8.569870 -9.321654 3.117035
SCALE 1.000000 1.000000 1.000000
X -0.884636 -0.465260 -0.030848
Y -0.112950 0.149634 0.982269
Z -0.452394 0.872435 -0.184923

PART 38
OFFSET -5.562725 -4.921150 13.114969
SCALE 1.000000 1.000000 1.000000
X 0.239414 0.365100 0.899657
Y 0.815967 0.426517 -0.390232
Z -0.526193 0.827518 -0.195795

PART 39
OFFSET 0.816758 3.167418 14.235539
SCALE 1.000000 1.000000 1.000000
X 0.811034 0.131106 0.570119
Y 0.576839 -0.017018 -0.816681
Z -0.097370 0.991222 -0.089429

PART 40
OFFSET 7.460809 1.536266 5.088553
SCALE 1.000000 1.000000 1.000000
X 0.727403 -0.638962 0.250226
Y -0.683092 -0.708966 0.175363
Z 0.065352 -0.298487 -0.952174

PART 41
OFFSET 6.342184 4.068757 3.986571
SCALE 1.000000 1.000000 1.000000
X 0.388240 -0.840269 0.378442
Y 0.540846 -0.124743 -0.831820
Z 0.746160 0.527625 0.406025

PART 42
OFFSET 0.348275 -4.422075 3.447549
SCALE 1.000000 1.000000 1.000000
X -0.913932 -0.405845 0.004254
Y 0.404995 -0.912605 -0.055963
Z 0.026595 -0.049424 0.998424

PART 43
OFFSET -2.261807 -5.855945 3.350456
SCALE 1.000000 1.000000 1.000000
X -0.884636 -0.465260 -0.030848
Y -0.084636 0.095162 0.991857
Z -0.458536 0.880044 -0.123561

PART 44
OFFSET 0.816758 3.167418 14.235540
SCALE 1.000000 1.000000 1.000000
X 0.811034 0.131106 0.570119
Y 0.576839 -0.017018 -0.816681
Z -0.097370 0.991222 -0.089429

PART 45
OFFSET 10.014980 -0.009713 7.440231
SCALE 1.000000 1.000000 1.000000
X 0.540417 -0.712078 0.448213
Y -0.780768 -0.622951 -0.048302
Z 0.313609 -0.323847 -0.892621

PART 46
OFFSET 10.274853 -0.305217 6.467229
SCALE 1.000000 1.000000 1.000000
X 0.243449 -0.885098 0.396655
Y -0.969424 -0.209057 0.128498
Z -0.030810 -0.415809 -0.908930

PART 47
OFFSET 10.036955 -0.960704 4.545272
SCALE 1.000000 1.000000 1.000000
X 0.061599 -0.809457 0.583939
Y -0.995446 -0.007177 0.095059
Z -0.072755 -0.587135 -0.806213

PART 48
OFFSET 10.222081 -0.640201 5.440899
SCALE 1.000000 1.000000 1.000000
X 0.106564 -0.845905 0.522579
Y -0.992824 -0.061839 0.102357
Z -0.054268 -0.529737 -0.846424

PART 49
OFFSET 8.051449 1.331998 6.032076
SCALE 1.000000 1.000000 1.000000
X -0.236054 -0.455967 0.858122
Y 0.639503 -0.737789 -0.216111
Z 0.731652 0.497757 0.465750

PART 50
OFFSET -31.177803 -0.535364 31.161344
SCALE 1.000000 1.000000 1.000000
X 0.518266 -0.339719 0.784851
Y 0.817408 -0.073096 -0.571403
Z 0.251486 0.937682 0.239806

PART 51
OFFSET 3.625416 -3.323571 5.028062
SCALE 1.000000 1.000000 1.000000
X -0.933730 -0.286522 -0.214600
Y 0.225669 -0.936486 0.268454
Z -0.277888 0.202235 0.939084

PART 52
OFFSET 3.776930 -3.344548 3.989606
SCALE 1.000000 1.000000 1.000000
X -0.091956 -0.980192 -0.175408
Y 0.990945 -0.072773 -0.112835
Z 0.097835 -0.184196 0.978008

PART 53
OFFSET 3.391114 -3.075846 1.999864
SCALE 1.000000 1.000000 1.000000
X 0.424422 -0.870422 -0.249462
Y 0.889023 0.452852 -0.067552
Z 0.171768 -0.193107 0.966026

PART 54
OFFSET 3.636296 -3.239126 2.923191
SCALE 1.000000 1.000000 1.000000
X 0.062182 -0.959938 -0.273225
Y 0.995796 0.078119 -0.047833
Z 0.067261 -0.269102 0.960760

PART 55
OFFSET 1.134928 -4.223469 4.236581
SCALE 1.000000 1.000000 1.000000
X -0.474964 -0.762850 -0.438712
Y -0.723409 0.054592 0.688258
Z -0.501087 0.644266 -0.577782

PART 56
OFFSET 13.084864 0.353684 9.989554
SCALE 1.000000 1.000000 1.000000
X 0.948574 0.274794 0.157146
Y -0.281712 0.959220 0.023141
Z -0.144379 -0.066220 0.987304

PART 57
OFFSET 5.817192 4.007606 18.109662
SCALE 1.000000 1.000000 1.000000
X 0.811034 0.131106 0.570119
Y 0.576839 -0.017018 -0.816681
Z -0.097370 0.991222 -0.089429

PART 58
OFFSET 10.852898 -1.113719 8.135131
SCALE 1.000000 1.000000 1.000000
X -0.209567 -0.940466 0.267591
Y -0.926147 0.103154 -0.362781
Z 0.313581 -0.323856 -0.892628

PART 59
OFFSET 10.726578 -1.947372 7.203201
SCALE 1.000000 1.000000 1.000000
X -0.794264 -0.541832 0.274886
Y -0.606787 0.730405 -0.313557
Z -0.030883 -0.415844 -0.908911

PART 60
OFFSET 10.110791 -1.930917 5.245280
SCALE 1.000000 1.000000 1.000000
X -0.670284 -0.569765 0.475486
Y -0.738519 0.575051 -0.352003
Z -0.072870 -0.587097 -0.806230

PART 61
OFFSET 10.401392 -2.063042 6.319972
SCALE 1.000000 1.000000 1.000000
X -0.775385 -0.511699 0.370057
Y -0.629150 0.676364 -0.383018
Z -0.054303 -0.529807 -0.846378

PART 62
OFFSET 7.483514 0.235007 8.096588
SCALE 1.000000 1.000000 1.000000
X -0.025006 -0.663345 0.747896
Y 0.680833 -0.559111 -0.473139
Z 0.732011 0.497362 0.465608

PART 63
OFFSET 5.073123 -2.879241 5.360733
SCALE 1.000000 1.000000 1.000000
X -0.487682 -0.871938 0.043486
Y 0.827603 -0.445880 0.340976
Z -0.277920 0.202277 0.939066

PART 64
OFFSET 3.947392 -1.525724 4.315021
SCALE 1.000000 1.000000 1.000000
X 0.986733 -0.109985 -0.119418
Y 0.129562 0.976717 0.170988
Z 0.097832 -0.184192 0.978009

PART 65
OFFSET 2.882396 -2.032528 2.298973
SCALE 1.000000 1.000000 1.000000
X 0.964118 -0.168526 -0.205122
Y 0.202411 0.966596 0.157233
Z 0.171773 -0.193110 0.966024

PART 66
OFFSET 3.531580 -1.624184 3.382716
SCALE 1.000000 1.000000 1.000000
X 0.995751 -0.042587 -0.081642
Y 0.062886 0.962171 0.265091
Z 0.067265 -0.269099 0.960761

PART 67
OFFSET 2.277713 -2.387980 5.291782
SCALE 1.000000 1.000000 1.000000
