// Export time: Mon Jun 13 18:34:40 2022

ANIMATION
VERSION 3

NUMPARTS 79
PART 0 "tag_origin"
PART 1 "j_mainroot"
PART 2 "tag_sync"
PART 3 "pelvis"
PART 4 "j_hip_le"
PART 5 "j_hip_ri"
PART 6 "torso_stabilizer"
PART 7 "j_hiptwist_le"
PART 8 "j_knee_le"
PART 9 "j_hiptwist_ri"
PART 10 "j_knee_ri"
PART 11 "j_spinelower"
PART 12 "j_ankle_le"
PART 13 "j_knee_bulge_le"
PART 14 "j_ankle_ri"
PART 15 "j_knee_bulge_ri"
PART 16 "back_low"
PART 17 "j_ball_le"
PART 18 "j_ball_ri"
PART 19 "j_spineupper"
PART 20 "back_mid"
PART 21 "j_spine4"
PART 22 "j_clavicle_le"
PART 23 "j_clavicle_ri"
PART 24 "j_neck"
PART 25 "j_shoulderraise_le"
PART 26 "j_shoulderraise_ri"
PART 27 "tag_inhand"
PART 28 "tag_stowed_back"
PART 29 "tag_weapon_chest"
PART 30 "j_shoulder_le"
PART 31 "j_shoulder_ri"
PART 32 "neck"
PART 33 "j_elbow_bulge_le"
PART 34 "j_elbow_le"
PART 35 "j_shouldertwist_le"
PART 36 "j_elbow_bulge_ri"
PART 37 "j_elbow_ri"
PART 38 "j_shouldertwist_ri"
PART 39 "j_head"
PART 40 "j_wrist_le"
PART 41 "j_wristtwist_le"
PART 42 "j_wrist_ri"
PART 43 "j_wristtwist_ri"
PART 44 "head"
PART 45 "j_index_le_1"
PART 46 "j_mid_le_1"
PART 47 "j_pinky_le_1"
PART 48 "j_ring_le_1"
PART 49 "j_thumb_le_1"
PART 50 "tag_weapon_left"
PART 51 "j_index_ri_1"
PART 52 "j_mid_ri_1"
PART 53 "j_pinky_ri_1"
PART 54 "j_ring_ri_1"
PART 55 "j_thumb_ri_1"
PART 56 "tag_weapon_right"
PART 57 "j_head_end"
PART 58 "j_index_le_2"
PART 59 "j_mid_le_2"
PART 60 "j_pinky_le_2"
PART 61 "j_ring_le_2"
PART 62 "j_thumb_le_2"
PART 63 "j_index_ri_2"
PART 64 "j_mid_ri_2"
PART 65 "j_pinky_ri_2"
PART 66 "j_ring_ri_2"
PART 67 "j_thumb_ri_2"
PART 68 "j_helmet"
PART 69 "j_index_le_3"
PART 70 "j_mid_le_3"
PART 71 "j_pinky_le_3"
PART 72 "j_ring_le_3"
PART 73 "j_thumb_le_3"
PART 74 "j_index_ri_3"
PART 75 "j_mid_ri_3"
PART 76 "j_pinky_ri_3"
PART 77 "j_ring_ri_3"
PART 78 "j_thumb_ri_3"

FRAMERATE 30
NUMFRAMES 23
FRAME 0
PART 0
OFFSET 0.000001 0.000001 0.000000
SCALE 1.000000 1.000000 1.000000
X 1.000000 0.000000 0.000000
Y 0.000000 1.000000 0.000000
Z 0.000000 0.000000 1.000000

PART 1
OFFSET -5.875152 -2.666189 31.504653
SCALE 1.000000 1.000000 1.000000
X 0.359651 0.270042 0.893156
Y 0.826727 0.351597 -0.439206
Z -0.432635 0.896358 -0.096799

PART 2
OFFSET -0.002279 0.000001 -0.000000
SCALE 1.000000 1.000000 1.000000
X -1.000000 0.000000 0.000000
Y -0.000000 -1.000000 0.000000
Z 0.000000 0.000000 1.000000

PART 3
OFFSET -5.875153 -2.666189 31.504653
SCALE 1.000000 1.000000 1.000000
X 0.359651 0.270042 0.893156
Y 0.826727 0.351597 -0.439206
Z -0.432635 0.896358 -0.096799

PART 4
OFFSET -7.980079 1.694947 31.033703
SCALE 1.000000 1.000000 1.000000
X -0.559195 -0.229623 -0.796602
Y 0.705972 0.371860 -0.602764
Z 0.434633 -0.899441 -0.045835

PART 5
OFFSET -3.770270 -7.027333 31.975571
SCALE 1.000000 1.000000 1.000000
X -0.551808 -0.259498 0.792571
Y -0.685867 -0.399445 -0.608301
Z 0.474441 -0.879264 0.042436

PART 6
OFFSET -5.875153 -2.666189 31.504652
SCALE 1.000000 1.000000 1.000000
X 1.000000 0.000000 -0.000000
Y -0.000000 1.000000 -0.000000
Z 0.000000 0.000000 1.000000

PART 7
OFFSET -9.741322 0.971726 28.524718
SCALE 1.000000 1.000000 1.000000
X -0.559195 -0.229623 -0.796602
Y 0.725417 0.329636 -0.604243
Z 0.401336 -0.915759 -0.017758

PART 8
OFFSET -17.772726 -2.326271 17.084078
SCALE 1.000000 1.000000 1.000000
X -0.876029 -0.416537 -0.243042
Y 0.205953 0.132566 -0.969541
Z 0.436069 -0.899402 -0.030344

PART 9
OFFSET -2.032468 -6.210102 29.479540
SCALE 1.000000 1.000000 1.000000
X -0.551808 -0.259498 0.792571
Y -0.688118 -0.395254 -0.608497
Z 0.471171 -0.881155 0.039540

PART 10
OFFSET 5.891856 -2.482804 18.096255
SCALE 1.000000 1.000000 1.000000
X 0.406764 0.251102 0.878346
Y -0.820058 -0.323315 0.472200
Z 0.402553 -0.912368 0.074405

PART 11
OFFSET -3.839928 -1.191892 36.062956
SCALE 1.000000 1.000000 1.000000
X 0.419367 0.241472 0.875113
Y 0.851398 0.229918 -0.471444
Z -0.315045 0.942777 -0.109169

PART 12
OFFSET -31.056340 -8.642518 13.398742
SCALE 1.000000 1.000000 1.000000
X -0.845894 -0.525825 -0.089282
Y -0.059457 0.259323 -0.963959
Z 0.530026 -0.810099 -0.250624

PART 13
OFFSET -16.938281 -1.865330 15.801687
SCALE 1.000000 1.000000 1.000000
X 0.728371 0.319860 0.605942
Y 0.534492 0.288088 -0.794559
Z -0.428712 0.902605 0.038872

PART 14
OFFSET -0.276478 -6.289821 4.777326
SCALE 1.000000 1.000000 1.000000
X -0.008344 -0.002527 0.999962
Y -0.961403 -0.275006 -0.008717
Z 0.275018 -0.961439 -0.000135

PART 15
OFFSET 7.215977 -1.862202 18.376229
SCALE 1.000000 1.000000 1.000000
X 0.120449 -0.038889 -0.991957
Y -0.908169 -0.407847 -0.094286
Z -0.400900 0.912222 -0.084443

PART 16
OFFSET -3.839928 -1.191892 36.062956
SCALE 1.000000 1.000000 1.000000
X 0.419367 0.241472 0.875113
Y 0.851398 0.229918 -0.471444
Z -0.315045 0.942777 -0.109169

PART 17
OFFSET -35.225055 -9.511762 7.673136
SCALE 1.000000 1.000000 1.000000
X 0.088344 0.346697 -0.933807
Y 0.843367 0.472801 0.255326
Z 0.530026 -0.810099 -0.250624

PART 18
OFFSET 5.108106 -4.822071 0.331157
SCALE 1.000000 1.000000 1.000000
X -0.945355 -0.270302 -0.182321
Y 0.175257 0.050262 -0.983239
Z 0.274935 -0.961463 -0.000143

PART 19
OFFSET -1.504611 0.107656 40.546404
SCALE 1.000000 1.000000 1.000000
X 0.573687 0.195434 0.795418
Y 0.792494 0.112949 -0.599330
Z -0.206971 0.974191 -0.090083

PART 20
OFFSET -1.504612 0.107656 40.546403
SCALE 1.000000 1.000000 1.000000
X 0.573687 0.195434 0.795418
Y 0.792494 0.112949 -0.599330
Z -0.206971 0.974191 -0.090083

PART 21
OFFSET 0.835307 0.907939 43.825066
SCALE 1.000000 1.000000 1.000000
X 0.691135 0.125043 0.711827
Y 0.716519 0.010261 -0.697492
Z -0.094520 0.992098 -0.082504

PART 22
OFFSET 3.794215 2.832131 47.131534
SCALE 1.000000 1.000000 1.000000
X 0.644966 0.763960 -0.019588
Y -0.757382 0.642411 0.116963
Z 0.101939 -0.060601 0.992943

PART 23
OFFSET 4.050722 0.140255 47.355488
SCALE 1.000000 1.000000 1.000000
X -0.414821 0.903810 -0.105124
Y 0.857684 0.349820 -0.376835
Z -0.303813 -0.246482 -0.920296

PART 24
OFFSET 7.024881 2.009868 49.985108
SCALE 1.000000 1.000000 1.000000
X 0.528368 0.050204 0.847530
Y 0.848010 -0.079780 -0.523942
Z 0.041312 0.995547 -0.084727

PART 25
OFFSET 7.040971 5.978863 48.920179
SCALE 1.000000 1.000000 1.000000
X 0.032235 -0.998628 0.041274
Y 0.737303 -0.004122 -0.675549
Z 0.674792 0.052208 0.736159

PART 26
OFFSET 6.979388 -2.117767 49.165582
SCALE 1.000000 1.000000 1.000000
X 0.156456 -0.979969 0.123215
Y -0.733926 -0.031866 0.678481
Z -0.660964 -0.196583 -0.724211

PART 27
OFFSET 26.334732 10.657817 47.422488
SCALE 1.000000 1.000000 1.000000
X 0.647892 0.623243 0.437955
Y 0.021655 0.559644 -0.828450
Z -0.761424 0.546230 0.349093

PART 28
OFFSET -4.726998 -2.720087 48.348421
SCALE 1.000000 1.000000 1.000000
X -0.674645 -0.206475 -0.708677
Y 0.684350 0.184833 -0.705338
Z 0.276621 -0.960836 0.016604

PART 29
OFFSET 5.422289 -28.759985 27.499620
SCALE 1.000000 1.000000 1.000000
X 0.748281 0.016140 -0.663186
Y -0.094520 0.992098 -0.082504
Z 0.656614 0.124421 0.743894

PART 30
OFFSET 7.913527 7.711415 47.006543
SCALE 1.000000 1.000000 1.000000
X 0.583865 0.694130 -0.421054
Y -0.807330 0.441767 -0.391229
Z -0.085556 0.568354 0.818324

PART 31
OFFSET 6.700101 -5.632158 48.026912
SCALE 1.000000 1.000000 1.000000
X -0.656088 0.293736 0.695174
Y 0.555780 0.811216 0.181763
Z -0.510546 0.505617 -0.695482

PART 32
OFFSET 7.024881 2.009868 49.985109
SCALE 1.000000 1.000000 1.000000
X 0.528368 0.050204 0.847530
Y 0.848010 -0.079780 -0.523942
Z 0.041312 0.995547 -0.084727

PART 33
OFFSET 14.860164 16.935307 41.547642
SCALE 1.000000 1.000000 1.000000
X 0.978622 0.202127 -0.037999
Y -0.187004 0.797591 -0.573479
Z -0.085608 0.568325 0.818339

PART 34
OFFSET 14.426203 16.138558 42.052924
SCALE 1.000000 1.000000 1.000000
X 0.930944 -0.282624 0.231230
Y 0.363998 0.768751 -0.525859
Z -0.029138 0.573713 0.818538

PART 35
OFFSET 8.183654 8.032555 46.811741
SCALE 1.000000 1.000000 1.000000
X 0.583865 0.694130 -0.421054
Y -0.792769 0.599254 -0.111412
Z 0.174984 0.398848 0.900167

PART 36
OFFSET 14.978909 -10.028289 39.014088
SCALE 1.000000 1.000000 1.000000
X -0.858641 -0.342675 0.381194
Y -0.045586 0.791786 0.609095
Z -0.510546 0.505617 -0.695482

PART 37
OFFSET 14.268504 -9.497386 39.918393
SCALE 1.000000 1.000000 1.000000
X -0.564464 -0.820500 -0.090331
Y -0.603034 0.335163 0.723889
Z -0.563676 0.463082 -0.683977

PART 38
OFFSET 6.973324 -5.754482 47.737411
SCALE 1.000000 1.000000 1.000000
X -0.656055 0.293786 0.695185
Y 0.540175 0.826073 0.160670
Z -0.527071 0.480930 -0.700645

PART 39
OFFSET 8.525394 2.176767 52.678001
SCALE 1.000000 1.000000 1.000000
X 0.386723 0.060856 0.920186
Y 0.919083 -0.107356 -0.379159
Z 0.075714 0.992356 -0.097448

PART 40
OFFSET 23.889335 13.119933 44.286734
SCALE 1.000000 1.000000 1.000000
X 0.975560 0.173823 0.134419
Y 0.122190 -0.937575 0.325611
Z 0.182627 -0.301229 -0.935900

PART 41
OFFSET 21.119807 14.003562 43.632433
SCALE 1.000000 1.000000 1.000000
X 0.930939 -0.282670 0.231191
Y 0.325623 0.356003 -0.875917
Z 0.165291 0.890707 0.423461

PART 42
OFFSET 19.882931 -1.045662 40.752049
SCALE 1.000000 1.000000 1.000000
X -0.767701 -0.592618 -0.243801
Y 0.109531 -0.496212 0.861264
Z -0.631378 0.634489 0.445853

PART 43
OFFSET 18.239892 -3.519254 40.507716
SCALE 1.000000 1.000000 1.000000
X -0.564464 -0.820500 -0.090331
Y -0.720788 0.436596 0.538375
Z -0.402298 0.369003 -0.837850

PART 44
OFFSET 8.525394 2.176767 52.678002
SCALE 1.000000 1.000000 1.000000
X 0.386723 0.060856 0.920186
Y 0.919083 -0.107356 -0.379159
Z 0.075714 0.992356 -0.097448

PART 45
OFFSET 26.916534 14.423641 46.178991
SCALE 1.000000 1.000000 1.000000
X 0.870613 0.366815 0.327842
Y 0.299249 -0.923780 0.238915
Z 0.390491 -0.109896 -0.914024

PART 46
OFFSET 27.219094 14.266222 45.186385
SCALE 1.000000 1.000000 1.000000
X 0.956441 -0.005676 0.291872
Y -0.092885 -0.953769 0.285828
Z 0.276756 -0.300488 -0.912750

PART 47
OFFSET 27.392264 13.347767 43.367971
SCALE 1.000000 1.000000 1.000000
X 0.919423 -0.193417 0.342421
Y -0.286689 -0.925656 0.246921
Z 0.269205 -0.325193 -0.906520

PART 48
OFFSET 27.347451 13.840941 44.200985
SCALE 1.000000 1.000000 1.000000
X 0.949635 -0.119942 0.289496
Y -0.214884 -0.921673 0.323024
Z 0.228076 -0.368962 -0.901026

PART 49
OFFSET 24.508848 13.586335 45.111045
SCALE 1.000000 1.000000 1.000000
X 0.329001 -0.388408 0.860754
Y 0.932976 -0.007228 -0.359867
Z 0.145997 0.921459 0.359997

PART 50
OFFSET 15.283196 -19.115929 78.015205
SCALE 1.000000 1.000000 1.000000
X 0.637269 0.428779 0.640341
Y 0.291750 0.634839 -0.715445
Z -0.713281 0.642751 0.279467

PART 51
OFFSET 21.528159 1.894344 42.511019
SCALE 1.000000 1.000000 1.000000
X -0.613189 -0.664840 -0.426598
Y -0.234580 -0.362424 0.902010
Z -0.754302 0.653174 0.066277

PART 52
OFFSET 22.297930 1.250557 42.203160
SCALE 1.000000 1.000000 1.000000
X -0.192916 -0.797282 0.571948
Y 0.777092 0.231752 0.585166
Z -0.599092 0.557344 0.574853

PART 53
OFFSET 23.354834 -0.020220 40.999744
SCALE 1.000000 1.000000 1.000000
X 0.257691 -0.588810 0.766093
Y 0.801432 0.573140 0.170932
Z -0.539725 0.569924 0.619584

PART 54
OFFSET 22.903249 0.567578 41.624141
SCALE 1.000000 1.000000 1.000000
X -0.012930 -0.793229 0.608786
Y 0.775699 0.376233 0.506695
Z -0.630971 0.478787 0.610442

PART 55
OFFSET 19.999974 -0.113173 41.382608
SCALE 1.000000 1.000000 1.000000
X -0.250912 -0.963805 0.090123
Y -0.954558 0.230884 -0.188444
Z 0.160815 -0.133311 -0.977940

PART 56
OFFSET 26.333848 10.658363 47.421833
SCALE 1.000000 1.000000 1.000000
X 0.647886 0.623077 0.438200
Y 0.021718 0.559921 -0.828262
Z -0.761428 0.546136 0.349233

PART 57
OFFSET 10.720471 2.595688 58.655059
SCALE 1.000000 1.000000 1.000000
X 0.386723 0.060856 0.920186
Y 0.919083 -0.107356 -0.379159
Z 0.075714 0.992356 -0.097448

PART 58
OFFSET 28.266352 14.992399 46.687251
SCALE 1.000000 1.000000 1.000000
X 0.820737 -0.408190 0.399715
Y -0.417022 -0.906258 -0.069198
Z 0.390491 -0.109896 -0.914024

PART 59
OFFSET 28.993634 14.255740 45.727941
SCALE 1.000000 1.000000 1.000000
X 0.292708 -0.878351 0.377916
Y -0.915275 -0.371760 -0.155133
Z 0.276756 -0.300488 -0.912750

PART 60
OFFSET 28.494311 13.115948 43.778492
SCALE 1.000000 1.000000 1.000000
X 0.330274 -0.853029 0.404055
Y -0.904669 -0.408192 -0.122287
Z 0.269246 -0.325148 -0.906524

PART 61
OFFSET 28.944812 13.639268 44.687983
SCALE 1.000000 1.000000 1.000000
X 0.316997 -0.846856 0.427022
Y -0.920594 -0.383016 -0.076187
Z 0.228076 -0.368962 -0.901026

PART 62
OFFSET 25.300362 12.651862 47.181894
SCALE 1.000000 1.000000 1.000000
X 0.654522 -0.362901 0.663253
Y 0.741797 0.138749 -0.656115
Z 0.146079 0.921440 0.360013

PART 63
OFFSET 22.478941 2.925171 43.172355
SCALE 1.000000 1.000000 1.000000
X -0.595181 -0.722904 0.350956
Y 0.277104 0.225317 0.934048
Z -0.754303 0.653179 0.066216

PART 64
OFFSET 22.655821 2.729872 41.141738
SCALE 1.000000 1.000000 1.000000
X 0.769222 0.201249 0.606462
Y 0.222294 0.805540 -0.549264
Z -0.599068 0.557319 0.574903

PART 65
OFFSET 23.045903 0.685614 40.081521
SCALE 1.000000 1.000000 1.000000
X 0.793373 0.097997 0.600796
Y 0.281735 0.815779 -0.505105
Z -0.539615 0.570001 0.619608

PART 66
OFFSET 22.925011 1.901933 40.599841
SCALE 1.000000 1.000000 1.000000
X 0.768024 0.273868 0.578909
Y 0.109997 0.834106 -0.540525
Z -0.630904 0.478815 0.610489

PART 67
OFFSET 20.603919 2.205573 41.165598
SCALE 1.000000 1.000000 1.000000
X -0.590214 -0.807143 0.012972
Y -0.791066 0.575108 -0.208483
Z 0.160815 -0.133311 -0.977940

PART 68
OFFSET 9.959191 2.809388 60.239739
SCALE 1.000000 1.000000 1.000000
X 0.987855 -0.087924 -0.128106
Y 0.075692 0.992362 -0.097411
Z 0.135692 0.086532 0.986965

PART 69
OFFSET 29.063998 14.595705 47.075812
SCALE 1.000000 1.000000 1.000000
X 0.561968 -0.757949 0.331216
Y -0.729183 -0.642989 -0.234214
Z 0.390491 -0.109896 -0.914024

PART 70
OFFSET 29.316091 13.288228 46.144264
SCALE 1.000000 1.000000 1.000000
X -0.087188 -0.953785 0.287562
Y -0.956977 -0.000004 -0.290164
Z 0.276756 -0.300488 -0.912750

PART 71
OFFSET 28.722333 12.526885 44.057547
SCALE 1.000000 1.000000 1.000000
X -0.183456 -0.941377 0.283114
Y -0.945455 0.090105 -0.313044
Z 0.269183 -0.325101 -0.906559

PART 72
OFFSET 29.243664 12.840781 45.090678
SCALE 1.000000 1.000000 1.000000
X -0.015704 -0.926714 0.375439
Y -0.973519 -0.071475 -0.217146
Z 0.228067 -0.368907 -0.901051

PART 73
OFFSET 26.082171 12.218382 47.974185
SCALE 1.000000 1.000000 1.000000
X 0.888691 -0.282107 0.361447
Y 0.434614 0.267141 -0.860085
Z 0.146079 0.921440 0.360013

PART 74
OFFSET 23.057265 3.627750 42.831350
SCALE 1.000000 1.000000 1.000000
X -0.418410 -0.555910 0.718260
Y 0.505972 0.514072 0.692620
Z -0.754271 0.653219 0.066182

PART 75
OFFSET 21.808486 2.508277 40.473833
SCALE 1.000000 1.000000 1.000000
X 0.775885 0.581268 0.245214
Y -0.197491 0.592940 -0.780653
Z -0.599166 0.557269 0.574849

PART 76
OFFSET 22.498035 0.617904 39.666605
SCALE 1.000000 1.000000 1.000000
X 0.824996 0.504670 0.254343
Y -0.167744 0.648446 -0.742550
Z -0.539670 0.569936 0.619620

PART 77
OFFSET 22.200815 1.643707 40.054194
SCALE 1.000000 1.000000 1.000000
X 0.759493 0.541801 0.360030
Y -0.158331 0.690773 -0.705524
Z -0.630953 0.478837 0.610421

PART 78
OFFSET 21.308915 3.169751 41.150093
SCALE 1.000000 1.000000 1.000000
X -0.848152 -0.525389 -0.067853
Y -0.504754 0.840354 -0.197559
Z 0.160815 -0.133311 -0.977940

FRAME 1
PART 0
OFFSET 3.524801 1.321338 3.365436
SCALE 1.000000 1.000000 1.000000
X 0.999899 0.014221 0.000000
Y -0.014221 0.999899 0.000000
Z 0.000000 0.000000 1.000000

PART 1
OFFSET -1.485162 -1.217595 32.832219
SCALE 1.000000 1.000000 1.000000
X 0.405745 0.251288 0.878764
Y 0.811769 0.342742 -0.472821
Z -0.420003 0.905197 -0.064922

PART 2
OFFSET 3.522521 1.321306 3.365436
SCALE 1.000000 1.000000 1.000000
X -0.999899 -0.014221 -0.000000
Y 0.014221 -0.999899 0.000000
Z 0.000000 -0.000000 1.000000

PART 3
OFFSET -1.485162 -1.217595 32.832218
SCALE 1.000000 1.000000 1.000000
X 0.405745 0.251288 0.878764
Y 0.811769 0.342742 -0.472821
Z -0.420003 0.905197 -0.064922

PART 4
OFFSET -3.528630 3.186550 32.516361
SCALE 1.000000 1.000000 1.000000
X -0.528635 -0.177250 -0.830137
Y 0.684277 0.489719 -0.540315
Z 0.502305 -0.853673 -0.137595

PART 5
OFFSET 0.558260 -5.621747 33.148046
SCALE 1.000000 1.000000 1.000000
X -0.382190 -0.188447 0.904665
Y -0.800026 -0.422482 -0.425989
Z 0.462481 -0.886564 0.010706

PART 6
OFFSET -1.485163 -1.217595 32.832218
SCALE 1.000000 1.000000 1.000000
X 0.999899 0.014221 -0.000000
Y -0.014221 0.999899 -0.000000
Z 0.000000 0.000000 1.000000

PART 7
OFFSET -5.193621 2.628282 29.901754
SCALE 1.000000 1.000000 1.000000
X -0.528635 -0.177250 -0.830137
Y 0.730723 0.402634 -0.551298
Z 0.431959 -0.898036 -0.083326

PART 8
OFFSET -12.786114 0.082428 17.979458
SCALE 1.000000 1.000000 1.000000
X -0.860987 -0.501629 -0.084078
Y 0.004471 0.157834 -0.987456
Z 0.508607 -0.850562 -0.133651

PART 9
OFFSET 1.761885 -5.028275 30.298999
SCALE 1.000000 1.000000 1.000000
X -0.382190 -0.188447 0.904665
Y -0.805612 -0.411628 -0.426088
Z 0.452681 -0.891656 0.005505

PART 10
OFFSET 7.250093 -2.321420 17.305949
SCALE 1.000000 1.000000 1.000000
X 0.499248 0.260949 0.826230
Y -0.772278 -0.298342 0.560873
Z 0.392858 -0.918095 0.052578

PART 11
OFFSET 0.790161 0.156619 37.305136
SCALE 1.000000 1.000000 1.000000
X 0.466099 0.224122 0.855874
Y 0.826383 0.235211 -0.511631
Z -0.315979 0.945751 -0.075580

PART 12
OFFSET -25.841622 -7.524111 16.704556
SCALE 1.000000 1.000000 1.000000
X -0.781846 -0.623263 0.016115
Y -0.212738 0.242391 -0.946567
Z 0.586054 -0.743498 -0.322104

PART 13
OFFSET -12.144264 0.674510 16.741979
SCALE 1.000000 1.000000 1.000000
X 0.761326 0.356366 0.541652
Y 0.412606 0.378125 -0.828721
Z -0.500140 0.854415 0.140837

PART 14
OFFSET -0.320632 -6.277754 4.777297
SCALE 1.000000 1.000000 1.000000
X -0.008340 -0.002472 0.999962
Y -0.962730 -0.270323 -0.008698
Z 0.270335 -0.962766 -0.000126

PART 15
OFFSET 8.633046 -1.714480 17.337124
SCALE 1.000000 1.000000 1.000000
X -0.022283 -0.079392 -0.996594
Y -0.919312 -0.390127 0.051633
Z -0.392897 0.917332 -0.064293

PART 16
OFFSET 0.790161 0.156619 37.305136
SCALE 1.000000 1.000000 1.000000
X 0.466099 0.224122 0.855874
Y 0.826383 0.235211 -0.511631
Z -0.315979 0.945751 -0.075580

PART 17
OFFSET -30.575846 -8.929818 11.554076
SCALE 1.000000 1.000000 1.000000
X -0.073730 0.346944 -0.934983
Y 0.806910 0.571700 0.148509
Z 0.586054 -0.743498 -0.322104

PART 18
OFFSET 5.070964 -4.836292 0.331025
SCALE 1.000000 1.000000 1.000000
X -0.946662 -0.265700 -0.182303
Y 0.175484 0.049395 -0.983242
Z 0.270252 -0.962790 -0.000134

PART 19
OFFSET 3.364928 1.366574 41.681255
SCALE 1.000000 1.000000 1.000000
X 0.618021 0.188563 0.763213
Y 0.754238 0.131622 -0.643273
Z -0.221753 0.973201 -0.060876

PART 20
OFFSET 3.364927 1.366574 41.681254
SCALE 1.000000 1.000000 1.000000
X 0.618021 0.188563 0.763213
Y 0.754238 0.131622 -0.643273
Z -0.221753 0.973201 -0.060876

PART 21
OFFSET 5.887689 2.138264 44.828550
SCALE 1.000000 1.000000 1.000000
X 0.733568 0.130438 0.666981
Y 0.668170 0.040935 -0.742882
Z -0.124203 0.990611 -0.057127

PART 22
OFFSET 9.011237 4.080366 47.968943
SCALE 1.000000 1.000000 1.000000
X 0.643159 0.765240 0.027482
Y -0.757864 0.631007 0.165748
Z 0.109495 -0.127429 0.985785

PART 23
OFFSET 9.348288 1.392525 48.124038
SCALE 1.000000 1.000000 1.000000
X -0.508779 0.853365 -0.113631
Y 0.813612 0.433484 -0.387463
Z -0.281390 -0.289584 -0.914855

PART 24
OFFSET 12.443466 3.292267 50.587130
SCALE 1.000000 1.000000 1.000000
X 0.574802 0.064312 0.815761
Y 0.818271 -0.052383 -0.572441
Z 0.005917 0.996554 -0.082734

PART 25
OFFSET 12.434147 7.303549 49.728874
SCALE 1.000000 1.000000 1.000000
X 0.059496 -0.998029 0.019976
Y 0.690715 0.026712 -0.722633
Z 0.720675 0.056792 0.690943

PART 26
OFFSET 12.655039 -0.784589 49.862407
SCALE 1.000000 1.000000 1.000000
X 0.188390 -0.977597 0.093881
Y -0.686266 -0.062659 0.724646
Z -0.702530 -0.200944 -0.682696

PART 27
OFFSET 31.952582 12.306510 51.224873
SCALE 1.000000 1.000000 1.000000
X 0.618710 0.590572 0.518095
Y 0.025993 0.643723 -0.764817
Z -0.785189 0.486667 0.382927

PART 28
OFFSET 0.728978 -1.710620 49.638576
SCALE 1.000000 1.000000 1.000000
X -0.714905 -0.211459 -0.666481
Y 0.631260 0.214727 -0.745253
Z 0.300702 -0.953508 -0.020023

PART 29
OFFSET 10.110477 -27.112101 27.672487
SCALE 1.000000 1.000000 1.000000
X 0.701985 0.047034 -0.710637
Y -0.124203 0.990611 -0.057127
Z 0.701278 0.128365 0.701235

PART 30
OFFSET 13.119008 8.967813 48.144582
SCALE 1.000000 1.000000 1.000000
X 0.603577 0.724580 -0.332685
Y -0.775135 0.435556 -0.457664
Z -0.186711 0.534111 0.824539

PART 31
OFFSET 12.597751 -4.057707 48.849798
SCALE 1.000000 1.000000 1.000000
X -0.723745 0.253043 0.641999
Y 0.516187 0.815961 0.260304
Z -0.457978 0.519786 -0.721165

PART 32
OFFSET 12.443467 3.292267 50.587131
SCALE 1.000000 1.000000 1.000000
X 0.574802 0.064312 0.815761
Y 0.818271 -0.052383 -0.572441
Z 0.005917 0.996554 -0.082734

PART 33
OFFSET 20.300159 18.548797 43.784043
SCALE 1.000000 1.000000 1.000000
X 0.970877 0.228542 0.071872
Y -0.150058 0.813957 -0.561210
Z -0.186761 0.534081 0.824547

PART 34
OFFSET 19.857951 17.743755 44.202560
SCALE 1.000000 1.000000 1.000000
X 0.922107 -0.238931 0.304352
Y 0.362883 0.806997 -0.465909
Z -0.134291 0.540062 0.830842

PART 35
OFFSET 13.398255 9.303041 47.990664
SCALE 1.000000 1.000000 1.000000
X 0.603577 0.724580 -0.332685
Y -0.789641 0.600964 -0.123728
Z 0.110281 0.337380 0.934886

PART 36
OFFSET 21.791644 -7.937959 40.465703
SCALE 1.000000 1.000000 1.000000
X -0.880717 -0.375545 0.288625
Y -0.120806 0.767326 0.629775
Z -0.457978 0.519786 -0.721165

PART 37
OFFSET 20.966833 -7.449737 41.338380
SCALE 1.000000 1.000000 1.000000
X -0.507390 -0.840094 -0.191829
Y -0.692463 0.265004 0.671020
Z -0.512884 0.473303 -0.716194

PART 38
OFFSET 12.899149 -4.163085 48.582442
SCALE 1.000000 1.000000 1.000000
X -0.723745 0.253043 0.641999
Y 0.474102 0.858341 0.196156
Z -0.501419 0.446340 -0.741188

PART 39
OFFSET 14.091674 3.498510 53.189426
SCALE 1.000000 1.000000 1.000000
X 0.434619 0.069478 0.897931
Y 0.899705 -0.078305 -0.429418
Z 0.040478 0.994505 -0.096543

PART 40
OFFSET 29.250021 15.173977 47.175460
SCALE 1.000000 1.000000 1.000000
X 0.949815 0.199643 0.240821
Y 0.129443 -0.951693 0.278434
Z 0.284775 -0.233288 -0.929774

PART 41
OFFSET 26.501327 15.926265 46.304862
SCALE 1.000000 1.000000 1.000000
X 0.922107 -0.238931 0.304352
Y 0.380314 0.414777 -0.826632
Z 0.071270 0.877993 0.473338

PART 42
OFFSET 26.004863 1.199719 43.196755
SCALE 1.000000 1.000000 1.000000
X -0.744187 -0.583510 -0.325119
Y 0.102406 -0.580636 0.807697
Z -0.660075 0.567784 0.491856

PART 43
OFFSET 24.530554 -1.331717 42.652534
SCALE 1.000000 1.000000 1.000000
X -0.507390 -0.840094 -0.191829
Y -0.781576 0.354904 0.513013
Z -0.362898 0.410226 -0.836672

PART 44
OFFSET 14.091674 3.498510 53.189427
SCALE 1.000000 1.000000 1.000000
X 0.434619 0.069478 0.897931
Y 0.899705 -0.078305 -0.429418
Z 0.040478 0.994505 -0.096543

PART 45
OFFSET 32.022549 16.460252 49.434400
SCALE 1.000000 1.000000 1.000000
X 0.818634 0.375826 0.434273
Y 0.313317 -0.925974 0.210726
Z 0.481322 -0.036442 -0.875786

PART 46
OFFSET 32.426026 16.378352 48.468953
SCALE 1.000000 1.000000 1.000000
X 0.923125 0.009760 0.384377
Y -0.079907 -0.972982 0.216613
Z 0.376106 -0.230675 -0.897404

PART 47
OFFSET 32.812687 15.586299 46.624143
SCALE 1.000000 1.000000 1.000000
X 0.889316 -0.182063 0.419488
Y -0.270047 -0.949383 0.160457
Z 0.369041 -0.255979 -0.893467

PART 48
OFFSET 32.666837 16.022608 47.477082
SCALE 1.000000 1.000000 1.000000
X 0.921391 -0.104283 0.374385
Y -0.206171 -0.947758 0.243409
Z 0.329443 -0.301462 -0.894756

PART 49
OFFSET 29.766760 15.607982 48.083996
SCALE 1.000000 1.000000 1.000000
X 0.260264 -0.431253 0.863877
Y 0.962877 0.049550 -0.265354
Z 0.071629 0.900870 0.428139

PART 50
OFFSET 18.785684 -19.464885 77.858892
SCALE 1.000000 1.000000 1.000000
X 0.553768 0.409028 0.725284
Y 0.332613 0.689862 -0.643008
Z -0.763354 0.597316 0.245975

PART 51
OFFSET 27.521428 3.981043 45.296436
SCALE 1.000000 1.000000 1.000000
X -0.583211 -0.632180 -0.510111
Y -0.246290 -0.460796 0.852648
Z -0.774084 0.622909 0.113041

PART 52
OFFSET 28.316660 3.393153 44.944614
SCALE 1.000000 1.000000 1.000000
X -0.184070 -0.857494 0.480440
Y 0.755477 0.189263 0.627243
Z -0.628787 0.478418 0.612979

PART 53
OFFSET 29.438845 2.283099 43.645148
SCALE 1.000000 1.000000 1.000000
X 0.255465 -0.658889 0.707533
Y 0.780247 0.572653 0.251563
Z -0.570923 0.487784 0.660389

PART 54
OFFSET 28.955366 2.790427 44.314606
SCALE 1.000000 1.000000 1.000000
X -0.005236 -0.852661 0.522438
Y 0.751886 0.341081 0.564208
Z -0.659272 0.395768 0.639318

PART 55
OFFSET 26.079594 2.063798 43.923819
SCALE 1.000000 1.000000 1.000000
X -0.225377 -0.974115 -0.017487
Y -0.955837 0.224552 -0.189612
Z 0.188630 -0.026019 -0.981703

PART 56
OFFSET 31.951855 12.304296 51.222106
SCALE 1.000000 1.000000 1.000000
X 0.618791 0.590342 0.518260
Y 0.026113 0.643915 -0.764652
Z -0.785121 0.486693 0.383033

PART 57
OFFSET 16.597769 3.963859 59.039385
SCALE 1.000000 1.000000 1.000000
X 0.434619 0.069478 0.897931
Y 0.899705 -0.078305 -0.429418
Z 0.040478 0.994505 -0.096543

PART 58
OFFSET 33.291781 17.042982 50.107677
SCALE 1.000000 1.000000 1.000000
X 0.794669 -0.403500 0.453530
Y -0.369907 -0.914254 -0.165253
Z 0.481322 -0.036442 -0.875786

PART 59
OFFSET 34.138747 16.396509 49.182142
SCALE 1.000000 1.000000 1.000000
X 0.291464 -0.889897 0.350902
Y -0.879540 -0.393538 -0.267464
Z 0.376108 -0.230676 -0.897402

PART 60
OFFSET 33.878639 15.368083 47.127039
SCALE 1.000000 1.000000 1.000000
X 0.325222 -0.864992 0.382125
Y -0.870640 -0.431607 -0.236011
Z 0.369075 -0.255937 -0.893465

PART 61
OFFSET 34.216681 15.847272 48.106875
SCALE 1.000000 1.000000 1.000000
X 0.309541 -0.860798 0.403994
Y -0.891994 -0.410055 -0.190266
Z 0.329441 -0.301465 -0.894756

PART 62
OFFSET 30.392904 14.570431 50.162356
SCALE 1.000000 1.000000 1.000000
X 0.601996 -0.381352 0.701549
Y 0.795273 0.207446 -0.569655
Z 0.071706 0.900853 0.428161

PART 63
OFFSET 28.425732 4.961242 46.087258
SCALE 1.000000 1.000000 1.000000
X -0.582727 -0.770830 0.257391
Y 0.247422 0.133406 0.959680
Z -0.774087 0.622916 0.112981

PART 64
OFFSET 28.658143 4.984207 44.052981
SCALE 1.000000 1.000000 1.000000
X 0.747961 0.156501 0.645028
Y 0.212633 0.864091 -0.456217
Z -0.628762 0.478387 0.613029

PART 65
OFFSET 29.132579 3.072926 42.797123
SCALE 1.000000 1.000000 1.000000
X 0.775188 0.055081 0.629324
Y 0.270647 0.871181 -0.409627
Z -0.570818 0.487863 0.660421

PART 66
OFFSET 28.964190 4.224780 43.435561
SCALE 1.000000 1.000000 1.000000
X 0.745362 0.231561 0.625153
Y 0.099377 0.888668 -0.447654
Z -0.659212 0.395790 0.639367

PART 67
OFFSET 26.622110 4.407374 43.965711
SCALE 1.000000 1.000000 1.000000
X -0.567017 -0.819073 -0.087240
Y -0.801818 0.573099 -0.169253
Z 0.188628 -0.026018 -0.981704

PART 68
OFFSET 15.918499 4.149259 60.664391
SCALE 1.000000 1.000000 1.000000
X 0.981532 -0.057634 -0.182412
Y 0.040462 0.994510 -0.096503
Z 0.186973 0.087340 0.978475

PART 69
OFFSET 34.064082 16.650840 50.548539
SCALE 1.000000 1.000000 1.000000
X 0.558673 -0.757147 0.338546
Y -0.675436 -0.652227 -0.344072
Z 0.481322 -0.036442 -0.875786

PART 70
OFFSET 34.459830 15.416278 49.568712
SCALE 1.000000 1.000000 1.000000
X -0.074408 -0.972906 0.218900
Y -0.923583 -0.015556 -0.383082
Z 0.376108 -0.230676 -0.897402

PART 71
OFFSET 34.103169 14.770755 47.390945
SCALE 1.000000 1.000000 1.000000
X -0.170237 -0.963697 0.205689
Y -0.913699 0.076204 -0.399183
Z 0.369018 -0.255893 -0.893501

PART 72
OFFSET 34.508496 15.035634 48.487854
SCALE 1.000000 1.000000 1.000000
X -0.012961 -0.949032 0.314913
Y -0.944090 -0.092145 -0.316548
Z 0.329432 -0.301409 -0.894778

PART 73
OFFSET 31.111967 14.114909 51.000391
SCALE 1.000000 1.000000 1.000000
X 0.860647 -0.272838 0.429936
Y 0.504129 0.337678 -0.794876
Z 0.071692 0.900851 0.428167

PART 74
OFFSET 28.991952 5.710387 45.837184
SCALE 1.000000 1.000000 1.000000
X -0.419922 -0.638682 0.644788
Y 0.473815 0.451672 0.755970
Z -0.774057 0.622959 0.112950

PART 75
OFFSET 27.834222 4.811889 43.342602
SCALE 1.000000 1.000000 1.000000
X 0.752656 0.572292 0.325563
Y -0.195067 0.666086 -0.719915
Z -0.628855 0.478342 0.612969

PART 76
OFFSET 28.597270 3.034856 42.362502
SCALE 1.000000 1.000000 1.000000
X 0.803698 0.496458 0.328023
Y -0.167865 0.718040 -0.675455
Z -0.570869 0.487798 0.660425

PART 77
OFFSET 28.261358 4.006423 42.846310
SCALE 1.000000 1.000000 1.000000
X 0.734568 0.520620 0.435160
Y -0.160589 0.756493 -0.633979
Z -0.659258 0.395819 0.639302

PART 78
OFFSET 27.299396 5.385804 44.069914
SCALE 1.000000 1.000000 1.000000
X -0.830842 -0.537177 -0.145403
Y -0.523566 0.843068 -0.122941
Z 0.188626 -0.026016 -0.981704

FRAME 2
PART 0
OFFSET 8.213021 2.996351 8.235819
SCALE 1.000000 1.000000 1.000000
X 0.999597 0.028379 0.000000
Y -0.028379 0.999597 0.000000
Z 0.000000 0.000000 1.000000

PART 1
OFFSET 2.890399 0.473440 34.700753
SCALE 1.000000 1.000000 1.000000
X 0.487670 0.227022 0.842994
Y 0.772563 0.337495 -0.537815
Z -0.406602 0.913542 -0.010803

PART 2
OFFSET 8.210742 2.996287 8.235819
SCALE 1.000000 1.000000 1.000000
X -0.999597 -0.028379 -0.000000
Y 0.028379 -0.999597 0.000000
Z 0.000000 -0.000000 1.000000

PART 3
OFFSET 2.890398 0.473440 34.700753
SCALE 1.000000 1.000000 1.000000
X 0.487670 0.227022 0.842994
Y 0.772563 0.337495 -0.537815
Z -0.406602 0.913542 -0.010803

PART 4
OFFSET 0.912135 4.918182 34.648207
SCALE 1.000000 1.000000 1.000000
X -0.539609 -0.139827 -0.830223
Y 0.635752 0.578802 -0.510693
Z 0.551944 -0.803390 -0.223431

PART 5
OFFSET 4.868613 -3.971307 34.753273
SCALE 1.000000 1.000000 1.000000
X -0.198284 -0.104866 0.974519
Y -0.868034 -0.442960 -0.224283
Z 0.455192 -0.890387 -0.003195

PART 6
OFFSET 2.890398 0.473440 34.700752
SCALE 1.000000 1.000000 1.000000
X 0.999597 0.028379 -0.000000
Y -0.028379 0.999597 -0.000000
Z 0.000000 0.000000 1.000000

PART 7
OFFSET -0.787420 4.477780 32.033328
SCALE 1.000000 1.000000 1.000000
X -0.539609 -0.139827 -0.830223
Y 0.707786 0.458662 -0.537278
Z 0.455919 -0.877540 -0.148530

PART 8
OFFSET -8.537503 2.469359 20.109783
SCALE 1.000000 1.000000 1.000000
X -0.821585 -0.569797 -0.018172
Y -0.120024 0.204048 -0.971575
Z 0.557308 -0.796050 -0.236032

PART 9
OFFSET 5.493065 -3.641057 31.684237
SCALE 1.000000 1.000000 1.000000
X -0.198284 -0.104866 0.974519
Y -0.879629 -0.419550 -0.224123
Z 0.432362 -0.901655 -0.009053

PART 10
OFFSET 8.339976 -2.134602 17.688075
SCALE 1.000000 1.000000 1.000000
X 0.532247 0.261890 0.805063
Y -0.752608 -0.289097 0.591611
Z 0.387679 -0.920780 0.043230

PART 11
OFFSET 5.582979 1.724138 38.985821
SCALE 1.000000 1.000000 1.000000
X 0.536567 0.197032 0.820533
Y 0.784747 0.241012 -0.571039
Z -0.310271 0.950311 -0.025301

PART 12
OFFSET -20.995523 -6.170831 19.834233
SCALE 1.000000 1.000000 1.000000
X -0.637744 -0.763992 0.097978
Y -0.371747 0.193888 -0.907861
Z 0.674601 -0.615406 -0.407663

PART 13
OFFSET -8.037589 3.190525 18.908322
SCALE 1.000000 1.000000 1.000000
X 0.771641 0.384604 0.506607
Y 0.311088 0.466515 -0.828002
Z -0.554793 0.796520 0.240336

PART 14
OFFSET 0.268883 -6.105211 5.480400
SCALE 1.000000 1.000000 1.000000
X 0.120029 0.035391 0.992139
Y -0.956006 -0.265322 0.125123
Z 0.267665 -0.963510 0.001988

PART 15
OFFSET 9.763476 -1.530348 17.510471
SCALE 1.000000 1.000000 1.000000
X -0.125275 -0.105873 -0.986457
Y -0.913896 -0.374665 0.156271
Z -0.386135 0.921096 -0.049820

PART 16
OFFSET 5.582979 1.724138 38.985821
SCALE 1.000000 1.000000 1.000000
X 0.536567 0.197032 0.820533
Y 0.784747 0.241012 -0.571039
Z -0.310271 0.950311 -0.025301

PART 17
OFFSET -25.969486 -8.486855 15.272209
SCALE 1.000000 1.000000 1.000000
X -0.255349 0.323616 -0.911082
Y 0.692611 0.718713 0.061169
Z 0.674601 -0.615406 -0.407663

PART 18
OFFSET 5.046056 -4.861698 0.327852
SCALE 1.000000 1.000000 1.000000
X -0.947380 -0.263011 -0.182474
Y 0.175730 0.049152 -0.983211
Z 0.267564 -0.963540 -0.000347

PART 19
OFFSET 8.518137 2.793777 43.167274
SCALE 1.000000 1.000000 1.000000
X 0.658001 0.179042 0.731423
Y 0.718826 0.140020 -0.680943
Z -0.224331 0.973827 -0.036567

PART 20
OFFSET 8.518136 2.793777 43.167273
SCALE 1.000000 1.000000 1.000000
X 0.658001 0.179042 0.731423
Y 0.718826 0.140020 -0.680943
Z -0.224331 0.973827 -0.036567

PART 21
OFFSET 11.205797 3.526195 46.184780
SCALE 1.000000 1.000000 1.000000
X 0.749904 0.141155 0.646312
Y 0.646966 0.047503 -0.761038
Z -0.138126 0.988847 -0.055700

PART 22
OFFSET 14.389771 5.514528 49.234243
SCALE 1.000000 1.000000 1.000000
X 0.624014 0.780618 0.035237
Y -0.770710 0.607402 0.192533
Z 0.128892 -0.147301 0.980658

PART 23
OFFSET 14.764603 2.831474 49.385464
SCALE 1.000000 1.000000 1.000000
X -0.576137 0.801756 -0.158913
Y 0.776591 0.476327 -0.412335
Z -0.254898 -0.360972 -0.897066

PART 24
OFFSET 17.902163 4.775492 51.758748
SCALE 1.000000 1.000000 1.000000
X 0.655819 0.114759 0.746145
Y 0.753877 -0.047669 -0.655284
Z -0.039632 0.992249 -0.117776

PART 25
OFFSET 17.843799 8.788792 50.915343
SCALE 1.000000 1.000000 1.000000
X 0.072521 -0.997159 0.020358
Y 0.670237 0.033609 -0.741386
Z 0.738596 0.067411 0.670770

PART 26
OFFSET 18.358573 0.738559 51.199573
SCALE 1.000000 1.000000 1.000000
X 0.203133 -0.974947 0.090641
Y -0.665285 -0.069505 0.743347
Z -0.718424 -0.211301 -0.662736

PART 27
OFFSET 37.389600 14.185077 53.506621
SCALE 1.000000 1.000000 1.000000
X 0.594296 0.595041 0.541053
Y 0.026904 0.657660 -0.752835
Z -0.803797 0.461963 0.374835

PART 28
OFFSET 6.229660 -0.375310 51.142489
SCALE 1.000000 1.000000 1.000000
X -0.730220 -0.221935 -0.646161
Y 0.607831 0.220816 -0.762747
Z 0.311963 -0.949729 -0.026345

PART 29
OFFSET 15.322347 -25.709800 28.978475
SCALE 1.000000 1.000000 1.000000
X 0.681574 0.054100 -0.729747
Y -0.138126 0.988847 -0.055700
Z 0.718595 0.138760 0.681445

PART 30
OFFSET 18.375271 10.500194 49.459412
SCALE 1.000000 1.000000 1.000000
X 0.595438 0.726475 -0.343057
Y -0.770116 0.394482 -0.501303
Z -0.228854 0.562689 0.794360

PART 31
OFFSET 18.444268 -2.289139 50.400425
SCALE 1.000000 1.000000 1.000000
X -0.750899 0.256883 0.608409
Y 0.492535 0.831545 0.256791
Z -0.439954 0.492487 -0.750931

PART 32
OFFSET 17.902164 4.775492 51.758749
SCALE 1.000000 1.000000 1.000000
X 0.655819 0.114759 0.746145
Y 0.753877 -0.047669 -0.655284
Z -0.039632 0.992249 -0.117776

PART 33
OFFSET 25.430436 20.064239 44.945340
SCALE 1.000000 1.000000 1.000000
X 0.961511 0.258094 0.094253
Y -0.151989 0.785368 -0.600081
Z -0.228901 0.562659 0.794367

PART 34
OFFSET 25.013175 19.286931 45.372665
SCALE 1.000000 1.000000 1.000000
X 0.922359 -0.187428 0.337824
Y 0.342970 0.799768 -0.492690
Z -0.177837 0.570300 0.801955

PART 35
OFFSET 18.650753 10.836298 49.300696
SCALE 1.000000 1.000000 1.000000
X 0.595438 0.726475 -0.343057
Y -0.797954 0.584414 -0.147410
Z 0.093397 0.361517 0.927676

PART 36
OFFSET 28.025449 -6.231178 42.442933
SCALE 1.000000 1.000000 1.000000
X -0.884252 -0.383442 0.266589
Y -0.156647 0.781299 0.604180
Z -0.439954 0.492487 -0.750931

PART 37
OFFSET 27.138387 -5.727642 43.290025
SCALE 1.000000 1.000000 1.000000
X -0.476525 -0.857415 -0.194330
Y -0.726627 0.259674 0.636068
Z -0.494912 0.444308 -0.746762

PART 38
OFFSET 18.756974 -2.396117 50.147057
SCALE 1.000000 1.000000 1.000000
X -0.750899 0.256883 0.608409
Y 0.433980 0.886350 0.161384
Z -0.497807 0.385220 -0.777042

PART 39
OFFSET 19.809960 5.136573 54.158956
SCALE 1.000000 1.000000 1.000000
X 0.534512 0.119615 0.836653
Y 0.845150 -0.070660 -0.529838
Z -0.004259 0.990303 -0.138862

PART 40
OFFSET 34.416617 17.236373 48.692812
SCALE 1.000000 1.000000 1.000000
X 0.933687 0.219168 0.283185
Y 0.149047 -0.956920 0.249176
Z 0.325597 -0.190445 -0.926130

PART 41
OFFSET 31.664601 17.836680 47.720579
SCALE 1.000000 1.000000 1.000000
X 0.922359 -0.187428 0.337824
Y 0.386207 0.424862 -0.818741
Z 0.009926 0.885643 0.464261

PART 42
OFFSET 31.863733 3.092669 45.166626
SCALE 1.000000 1.000000 1.000000
X -0.723677 -0.594386 -0.350709
Y 0.099033 -0.592350 0.799571
Z -0.682996 0.543900 0.487534

PART 43
OFFSET 30.480952 0.511226 44.617078
SCALE 1.000000 1.000000 1.000000
X -0.476525 -0.857415 -0.194330
Y -0.804689 0.336338 0.489237
Z -0.354118 0.389509 -0.850225

PART 44
OFFSET 19.809961 5.136573 54.158956
SCALE 1.000000 1.000000 1.000000
X 0.534512 0.119615 0.836653
Y 0.845150 -0.070660 -0.529838
Z -0.004259 0.990303 -0.138862

PART 45
OFFSET 37.063371 18.521921 51.098283
SCALE 1.000000 1.000000 1.000000
X 0.790088 0.384131 0.477707
Y 0.334363 -0.923223 0.189367
Z 0.513772 0.010111 -0.857867

PART 46
OFFSET 37.504076 18.487569 50.146344
SCALE 1.000000 1.000000 1.000000
X 0.907769 0.023443 0.418815
Y -0.057145 -0.982218 0.178838
Z 0.415560 -0.186277 -0.890287

PART 47
OFFSET 37.982276 17.775529 48.290407
SCALE 1.000000 1.000000 1.000000
X 0.878743 -0.170466 0.445816
Y -0.245760 -0.962309 0.116459
Z 0.409161 -0.211901 -0.887516

PART 48
OFFSET 37.791864 18.175755 49.152209
SCALE 1.000000 1.000000 1.000000
X 0.909982 -0.090160 0.404728
Y -0.185028 -0.961800 0.201757
Z 0.371077 -0.258481 -0.891902

PART 49
OFFSET 34.886078 17.652187 49.634896
SCALE 1.000000 1.000000 1.000000
X 0.242077 -0.454560 0.857190
Y 0.969862 0.088159 -0.227147
Z 0.027683 0.886343 0.462202

PART 50
OFFSET 23.935755 -18.800911 77.715076
SCALE 1.000000 1.000000 1.000000
X 0.513898 0.398686 0.759578
Y 0.333958 0.722615 -0.605227
Z -0.790177 0.564692 0.238206

PART 51
OFFSET 33.272144 5.870102 47.345304
SCALE 1.000000 1.000000 1.000000
X -0.557835 -0.636121 -0.533076
Y -0.253182 -0.481253 0.839222
Z -0.790391 0.603113 0.107405

PART 52
OFFSET 34.087802 5.306692 47.000254
SCALE 1.000000 1.000000 1.000000
X -0.174161 -0.869802 0.461641
Y 0.737797 0.195224 0.646176
Z -0.652168 0.453136 0.607737

PART 53
OFFSET 35.261861 4.245490 45.705818
SCALE 1.000000 1.000000 1.000000
X 0.255899 -0.665324 0.701327
Y 0.761488 0.585658 0.277742
Z -0.595526 0.462979 0.656506

PART 54
OFFSET 34.753098 4.729821 46.373568
SCALE 1.000000 1.000000 1.000000
X 0.003609 -0.861659 0.507474
Y 0.732014 0.348013 0.585698
Z -0.681280 0.369365 0.632003

PART 55
OFFSET 31.903509 3.945235 45.909854
SCALE 1.000000 1.000000 1.000000
X -0.202472 -0.978512 -0.038965
Y -0.956633 0.206141 -0.205813
Z 0.209423 -0.004396 -0.977815

PART 56
OFFSET 37.386357 14.185588 53.505232
SCALE 1.000000 1.000000 1.000000
X 0.594193 0.594961 0.541254
Y 0.027078 0.657754 -0.752746
Z -0.803867 0.461932 0.374722

PART 57
OFFSET 22.968868 5.919273 59.647833
SCALE 1.000000 1.000000 1.000000
X 0.534512 0.119615 0.836653
Y 0.845150 -0.070660 -0.529838
Z -0.004259 0.990303 -0.138862

PART 58
OFFSET 38.288343 19.117528 51.838902
SCALE 1.000000 1.000000 1.000000
X 0.789918 -0.395750 0.468414
Y -0.334765 -0.918303 -0.211312
Z 0.513772 0.010111 -0.857867

PART 59
OFFSET 39.188305 18.531109 50.923429
SCALE 1.000000 1.000000 1.000000
X 0.306306 -0.892971 0.329818
Y -0.856436 -0.409760 -0.314028
Z 0.415564 -0.186280 -0.890284

PART 60
OFFSET 39.035552 17.571210 48.824861
SCALE 1.000000 1.000000 1.000000
X 0.338100 -0.868226 0.363142
Y -0.847498 -0.448662 -0.283637
Z 0.409189 -0.211864 -0.887512

PART 61
OFFSET 39.322513 18.024173 49.833044
SCALE 1.000000 1.000000 1.000000
X 0.321512 -0.865307 0.384543
Y -0.871169 -0.429451 -0.237985
Z 0.371073 -0.258487 -0.891902

PART 62
OFFSET 35.468469 16.558562 51.697165
SCALE 1.000000 1.000000 1.000000
X 0.587753 -0.388495 0.709660
Y 0.808564 0.251977 -0.531725
Z 0.027755 0.886329 0.462224

PART 63
OFFSET 34.137104 6.856414 48.171734
SCALE 1.000000 1.000000 1.000000
X -0.570016 -0.788268 0.231765
Y 0.224397 0.121999 0.966831
Z -0.790397 0.603117 0.107344

PART 64
OFFSET 34.410903 6.920585 46.143500
SCALE 1.000000 1.000000 1.000000
X 0.730672 0.161987 0.663233
Y 0.202060 0.876617 -0.436709
Z -0.652143 0.453104 0.607789

PART 65
OFFSET 34.955072 5.043026 44.865231
SCALE 1.000000 1.000000 1.000000
X 0.760546 0.061515 0.646363
Y 0.258918 0.884190 -0.388806
Z -0.595425 0.463060 0.656540

PART 66
OFFSET 34.747047 6.179316 45.519696
SCALE 1.000000 1.000000 1.000000
X 0.726752 0.237319 0.644601
Y 0.088108 0.898463 -0.430118
Z -0.681225 0.369383 0.632051

PART 67
