// Export time: Mon Jun 13 18:20:33 2022

MODEL
VERSION 6

NUMBONES 79
BONE 0 -1 "tag_origin"
BONE 1 0 "j_mainroot"
BONE 2 0 "tag_sync"
BONE 3 1 "pelvis"
BONE 4 3 "j_hip_le"
BONE 5 3 "j_hip_ri"
BONE 6 3 "torso_stabilizer"
BONE 7 4 "j_hiptwist_le"
BONE 8 4 "j_knee_le"
BONE 9 5 "j_hiptwist_ri"
BONE 10 5 "j_knee_ri"
BONE 11 6 "j_spinelower"
BONE 12 8 "j_ankle_le"
BONE 13 8 "j_knee_bulge_le"
BONE 14 10 "j_ankle_ri"
BONE 15 10 "j_knee_bulge_ri"
BONE 16 11 "back_low"
BONE 17 12 "j_ball_le"
BONE 18 14 "j_ball_ri"
BONE 19 16 "j_spineupper"
BONE 20 19 "back_mid"
BONE 21 20 "j_spine4"
BONE 22 21 "j_clavicle_le"
BONE 23 21 "j_clavicle_ri"
BONE 24 21 "j_neck"
BONE 25 21 "j_shoulderraise_le"
BONE 26 21 "j_shoulderraise_ri"
BONE 27 21 "tag_inhand"
BONE 28 21 "tag_stowed_back"
BONE 29 21 "tag_weapon_chest"
BONE 30 22 "j_shoulder_le"
BONE 31 23 "j_shoulder_ri"
BONE 32 24 "neck"
BONE 33 30 "j_elbow_bulge_le"
BONE 34 30 "j_elbow_le"
BONE 35 30 "j_shouldertwist_le"
BONE 36 31 "j_elbow_bulge_ri"
BONE 37 31 "j_elbow_ri"
BONE 38 31 "j_shouldertwist_ri"
BONE 39 32 "j_head"
BONE 40 34 "j_wrist_le"
BONE 41 34 "j_wristtwist_le"
BONE 42 37 "j_wrist_ri"
BONE 43 37 "j_wristtwist_ri"
BONE 44 39 "head"
BONE 45 40 "j_index_le_1"
BONE 46 40 "j_mid_le_1"
BONE 47 40 "j_pinky_le_1"
BONE 48 40 "j_ring_le_1"
BONE 49 40 "j_thumb_le_1"
BONE 50 40 "tag_weapon_left"
BONE 51 42 "j_index_ri_1"
BONE 52 42 "j_mid_ri_1"
BONE 53 42 "j_pinky_ri_1"
BONE 54 42 "j_ring_ri_1"
BONE 55 42 "j_thumb_ri_1"
BONE 56 42 "tag_weapon_right"
BONE 57 44 "j_head_end"
BONE 58 45 "j_index_le_2"
BONE 59 46 "j_mid_le_2"
BONE 60 47 "j_pinky_le_2"
BONE 61 48 "j_ring_le_2"
BONE 62 49 "j_thumb_le_2"
BONE 63 51 "j_index_ri_2"
BONE 64 52 "j_mid_ri_2"
BONE 65 53 "j_pinky_ri_2"
BONE 66 54 "j_ring_ri_2"
BONE 67 55 "j_thumb_ri_2"
BONE 68 57 "j_helmet"
BONE 69 58 "j_index_le_3"
BONE 70 59 "j_mid_le_3"
BONE 71 60 "j_pinky_le_3"
BONE 72 61 "j_ring_le_3"
BONE 73 62 "j_thumb_le_3"
BONE 74 63 "j_index_ri_3"
BONE 75 64 "j_mid_ri_3"
BONE 76 65 "j_pinky_ri_3"
BONE 77 66 "j_ring_ri_3"
BONE 78 67 "j_thumb_ri_3"

BONE 0
OFFSET 0.000000 0.000000 0.000000
SCALE 1.000000 1.000000 1.000000
X 1.000000 0.000000 0.000000
Y 0.000000 1.000000 0.000000
Z 0.000000 0.000000 1.000000

BONE 1
OFFSET -3.440964 0.000080 37.227973
SCALE 1.000000 1.000000 1.000000
X -0.024871 0.000031 0.999691
Y 0.999691 -0.000030 0.024871
Z 0.000031 1.000000 -0.000030

BONE 2
OFFSET -0.002280 0.000000 -0.000000
SCALE 1.000000 1.000000 1.000000
X -1.000000 0.000000 0.000000
Y -0.000000 -1.000000 0.000000
Z 0.000000 0.000000 1.000000

BONE 3
OFFSET -3.440964 0.000080 37.227973
SCALE 1.000000 1.000000 1.000000
X -0.024871 0.000031 0.999691
Y 0.999691 -0.000030 0.024871
Z 0.000031 1.000000 -0.000030

BONE 4
OFFSET -3.440809 4.865470 37.227847
SCALE 1.000000 1.000000 1.000000
X -0.033819 -0.013986 -0.999330
Y 0.999417 -0.005082 -0.033751
Z -0.004607 -0.999889 0.014150

BONE 5
OFFSET -3.441143 -4.865295 37.228052
SCALE 1.000000 1.000000 1.000000
X 0.033838 -0.008655 0.999390
Y -0.999359 -0.012008 0.033733
Z 0.011709 -0.999890 -0.009056

BONE 6
OFFSET -3.440964 0.000080 37.227972
SCALE 1.000000 1.000000 1.000000
X 1.000000 0.000000 0.000000
Y 0.000000 1.000000 0.000000
Z 0.000000 0.000000 1.000000

BONE 7
OFFSET -3.547326 4.821418 34.080348
SCALE 1.000000 1.000000 1.000000
X -0.033819 -0.013986 -0.999330
Y 0.999417 -0.005082 -0.033751
Z -0.004607 -0.999889 0.014150

BONE 8
OFFSET -4.033372 4.620524 19.727932
SCALE 1.000000 1.000000 1.000000
X -0.166871 -0.013183 -0.985891
Y 0.985968 -0.006903 -0.166791
Z -0.004607 -0.999889 0.014150

BONE 9
OFFSET -3.547707 -4.838040 34.080689
SCALE 1.000000 1.000000 1.000000
X 0.033838 -0.008655 0.999390
Y -0.999359 -0.012008 0.033733
Z 0.011709 -0.999890 -0.009056

BONE 10
OFFSET -4.034280 -4.713033 19.727484
SCALE 1.000000 1.000000 1.000000
X 0.166941 -0.006974 0.985942
Y -0.985897 -0.013056 0.166841
Z 0.011709 -0.999890 -0.009056

BONE 11
OFFSET -3.370835 0.000087 42.432584
SCALE 1.000000 1.000000 1.000000
X -0.029813 -0.000031 0.999555
Y 0.999555 0.000030 0.029813
Z -0.000031 1.000000 0.000030

BONE 12
OFFSET -6.563742 4.420520 4.778406
SCALE 1.000000 1.000000 1.000000
X 0.008806 -0.005035 -0.999949
Y 0.999824 0.016583 0.008721
Z 0.016539 -0.999850 0.005180

BONE 13
OFFSET -2.159158 4.612079 19.741423
SCALE 1.000000 1.000000 1.000000
X -0.029997 0.012677 0.999470
Y 0.999550 0.000874 0.029988
Z -0.000494 0.999919 -0.012697

BONE 14
OFFSET -6.565778 -4.606606 4.777040
SCALE 1.000000 1.000000 1.000000
X -0.008850 -0.000064 0.999961
Y -0.999916 0.009443 -0.008849
Z -0.009442 -0.999955 -0.000147

BONE 15
OFFSET -2.155708 -4.679382 19.765644
SCALE 1.000000 1.000000 1.000000
X 0.029925 0.007797 -0.999522
Y -0.999530 -0.006378 -0.029975
Z -0.006609 0.999949 0.007603

BONE 16
OFFSET -3.370835 0.000087 42.432584
SCALE 1.000000 1.000000 1.000000
X -0.029813 -0.000031 0.999555
Y 0.999555 0.000030 0.029813
Z -0.000031 1.000000 0.000030

BONE 17
OFFSET -0.984610 4.560161 0.332045
SCALE 1.000000 1.000000 1.000000
X 0.983104 0.017206 0.182239
Y -0.182301 0.002079 0.983241
Z 0.016539 -0.999850 0.005180

BONE 18
OFFSET -0.985490 -4.728947 0.331608
SCALE 1.000000 1.000000 1.000000
X -0.983187 0.009263 -0.182367
Y 0.182360 -0.001616 -0.983231
Z -0.009403 -0.999956 -0.000100

BONE 19
OFFSET -3.353059 -0.000070 47.652116
SCALE 1.000000 1.000000 1.000000
X 0.020480 -0.000029 0.999790
Y 0.999790 0.000032 -0.020480
Z -0.000031 1.000000 0.000030

BONE 20
OFFSET -3.353059 -0.000070 47.652115
SCALE 1.000000 1.000000 1.000000
X 0.020480 -0.000029 0.999790
Y 0.999790 0.000032 -0.020480
Z -0.000031 1.000000 0.000030

BONE 21
OFFSET -3.289186 -0.000208 51.758357
SCALE 1.000000 1.000000 1.000000
X 0.047138 -0.000029 0.998888
Y 0.998888 0.000032 -0.047138
Z -0.000031 1.000000 0.000030

BONE 22
OFFSET -3.236737 1.356168 56.400326
SCALE 1.000000 1.000000 1.000000
X 0.019513 0.997178 0.072491
Y -0.999656 0.018189 0.018878
Z 0.017506 -0.072834 0.997190

BONE 23
OFFSET -3.236684 -1.357160 56.400343
SCALE 1.000000 1.000000 1.000000
X -0.019447 0.997190 -0.072348
Y 0.999655 0.018117 -0.019001
Z -0.017637 -0.072693 -0.997198

BONE 24
OFFSET -2.724844 -0.000501 60.542018
SCALE 1.000000 1.000000 1.000000
X 0.309806 -0.000019 0.950800
Y 0.950800 0.000039 -0.309806
Z -0.000031 1.000000 0.000030

BONE 25
OFFSET -3.142033 4.024819 58.859701
SCALE 1.000000 1.000000 1.000000
X -0.019386 -0.997187 -0.072408
Y 0.999656 -0.018054 -0.019002
Z 0.017641 -0.072752 0.997194

BONE 26
OFFSET -3.141778 -4.025630 58.859634
SCALE 1.000000 1.000000 1.000000
X 0.019652 -0.997186 0.072344
Y -0.999657 -0.018344 0.018707
Z -0.017327 -0.072687 -0.997204

BONE 27
OFFSET 10.491615 -28.519544 38.933252
SCALE 1.000000 1.000000 1.000000
X -0.000031 1.000000 0.000030
Y 0.764231 0.000043 -0.644942
Z -0.644942 0.000003 -0.764231

BONE 28
OFFSET -10.509650 -3.447210 51.019682
SCALE 1.000000 1.000000 1.000000
X -0.038200 -0.082578 -0.995852
Y 0.982832 0.176912 -0.052371
Z 0.180503 -0.980756 0.074402

BONE 29
OFFSET 10.491615 -28.519544 38.933252
SCALE 1.000000 1.000000 1.000000
X 1.000000 0.000031 -0.000031
Y -0.000031 1.000000 0.000030
Z 0.000031 -0.000030 1.000000

BONE 30
OFFSET -3.112102 7.724981 56.863433
SCALE 1.000000 1.000000 1.000000
X 0.260830 0.662981 -0.701729
Y -0.956847 0.274000 -0.096786
Z 0.128106 0.696692 0.705839

BONE 31
OFFSET -3.112471 -7.725974 56.862443
SCALE 1.000000 1.000000 1.000000
X -0.260692 0.662902 0.701855
Y 0.956880 0.273915 0.096705
Z -0.128143 0.696801 -0.705725

BONE 32
OFFSET -2.724843 -0.000501 60.542019
SCALE 1.000000 1.000000 1.000000
X 0.309806 -0.000019 0.950800
Y 0.950800 0.000039 -0.309806
Z -0.000031 1.000000 0.000030

BONE 33
OFFSET -0.586515 15.845881 48.643351
SCALE 1.000000 1.000000 1.000000
X 0.846115 0.294501 -0.444251
Y -0.517377 0.654132 -0.551754
Z 0.128106 0.696692 0.705839

BONE 34
OFFSET -0.413200 15.741845 48.713842
SCALE 1.000000 1.000000 1.000000
X 0.845915 0.294754 -0.444464
Y -0.517703 0.654018 -0.551583
Z 0.128106 0.696692 0.705839

BONE 35
OFFSET -2.991428 8.031710 56.538776
SCALE 1.000000 1.000000 1.000000
X 0.260830 0.662981 -0.701729
Y -0.956847 0.274000 -0.096786
Z 0.128106 0.696692 0.705839

BONE 36
OFFSET -0.588453 -15.845919 48.640932
SCALE 1.000000 1.000000 1.000000
X -0.846037 0.294502 0.444399
Y 0.517495 0.654016 0.551781
Z -0.128143 0.696801 -0.705725

BONE 37
OFFSET -0.415219 -15.742063 48.711617
SCALE 1.000000 1.000000 1.000000
X -0.845837 0.294754 0.444611
Y 0.517821 0.653902 0.551610
Z -0.128143 0.696801 -0.705725

BONE 38
OFFSET -3.003908 -8.002035 56.570160
SCALE 1.000000 1.000000 1.000000
X -0.260692 0.662902 0.701855
Y 0.956880 0.273915 0.096705
Z -0.128143 0.696801 -0.705725

BONE 39
OFFSET -1.913870 -0.000581 63.520841
SCALE 1.000000 1.000000 1.000000
X 0.216481 -0.000023 0.976287
Y 0.976287 0.000037 -0.216481
Z -0.000031 1.000000 0.000030

BONE 40
OFFSET 8.200920 18.584306 44.091046
SCALE 1.000000 1.000000 1.000000
X 0.782122 0.298941 -0.546736
Y -0.115712 -0.792471 -0.598833
Z -0.612288 0.531624 -0.585218

BONE 41
OFFSET 5.679453 17.752407 45.443581
SCALE 1.000000 1.000000 1.000000
X 0.845915 0.294754 -0.444464
Y -0.517703 0.654018 -0.551583
Z 0.128106 0.696692 0.705839

BONE 42
OFFSET 8.197851 -18.584700 44.087459
SCALE 1.000000 1.000000 1.000000
X -0.782031 0.298923 0.546876
Y 0.115728 -0.792564 0.598706
Z 0.612401 0.531496 0.585216

BONE 43
OFFSET 5.676889 -17.752871 45.440508
SCALE 1.000000 1.000000 1.000000
X -0.845837 0.294754 0.444611
Y 0.517821 0.653902 0.551610
Z -0.128143 0.696801 -0.705725

BONE 44
OFFSET -1.913869 -0.000581 63.520842
SCALE 1.000000 1.000000 1.000000
X 0.216481 -0.000023 0.976287
Y 0.976287 0.000037 -0.216481
Z -0.000031 1.000000 0.000030

BONE 45
OFFSET 11.900503 18.941822 43.297639
SCALE 1.000000 1.000000 1.000000
X 0.921922 0.252449 -0.293819
Y -0.052529 -0.670009 -0.740492
Z -0.383798 0.698110 -0.604435

BONE 46
OFFSET 11.389975 19.640315 42.703452
SCALE 1.000000 1.000000 1.000000
X 0.793811 0.066767 -0.604489
Y -0.285116 -0.837102 -0.466872
Z -0.537190 0.542958 -0.645464

BONE 47
OFFSET 9.941702 20.408700 41.481868
SCALE 1.000000 1.000000 1.000000
X 0.722112 -0.099320 -0.684609
Y -0.421426 -0.847963 -0.321494
Z -0.548593 0.520667 -0.654180

BONE 48
OFFSET 10.658208 20.112759 42.063401
SCALE 1.000000 1.000000 1.000000
X 0.738942 -0.006057 -0.673741
Y -0.325282 -0.878914 -0.348859
Z -0.590047 0.476943 -0.651437

BONE 49
OFFSET 9.323576 18.471507 44.178998
SCALE 1.000000 1.000000 1.000000
X 0.594238 -0.766371 -0.244043
Y 0.360846 0.525211 -0.770677
Z 0.718799 0.369904 0.588642

BONE 50
OFFSET 10.496051 -28.521214 38.930770
SCALE 1.000000 1.000000 1.000000
X 1.000000 0.000033 -0.000163
Y -0.000033 1.000000 0.000213
Z 0.000163 -0.000213 1.000000

BONE 51
OFFSET 11.897339 -18.942340 43.293562
SCALE 1.000000 1.000000 1.000000
X -0.921870 0.252615 0.293841
Y 0.052384 -0.670096 0.740424
Z 0.383943 0.697967 0.604508

BONE 52
OFFSET 11.386622 -19.640747 42.699269
SCALE 1.000000 1.000000 1.000000
X -0.793715 0.066825 0.604609
Y 0.285062 -0.837187 0.466753
Z 0.537361 0.542819 0.645438

BONE 53
OFFSET 9.938181 -20.408918 41.477769
SCALE 1.000000 1.000000 1.000000
X -0.722034 -0.099362 0.684686
Y 0.421403 -0.848040 0.321322
Z 0.548714 0.520534 0.654185

BONE 54
OFFSET 10.654771 -20.113039 42.059372
SCALE 1.000000 1.000000 1.000000
X -0.738858 -0.006097 0.673833
Y 0.325260 -0.878987 0.348694
Z 0.590165 0.476807 0.651430

BONE 55
OFFSET 9.320527 -18.471947 44.175354
SCALE 1.000000 1.000000 1.000000
X -0.594265 -0.766361 0.244010
Y -0.360710 0.525130 0.770796
Z -0.718845 0.370040 -0.588500

BONE 56
OFFSET 10.487779 -28.518715 38.931981
SCALE 1.000000 1.000000 1.000000
X 1.000000 -0.000063 -0.000300
Y 0.000049 0.998881 -0.047295
Z 0.000303 0.047295 0.998881

BONE 57
OFFSET -0.820740 -0.001274 69.807665
SCALE 1.000000 1.000000 1.000000
X 0.216481 -0.000023 0.976287
Y 0.976287 0.000037 -0.216481
Z -0.000031 1.000000 0.000030

BONE 58
OFFSET 13.329867 19.333273 42.842111
SCALE 1.000000 1.000000 1.000000
X 0.603800 -0.305519 -0.736263
Y -0.698659 -0.647534 -0.304261
Z -0.383798 0.698110 -0.604435

BONE 59
OFFSET 12.862818 19.764202 41.581949
SCALE 1.000000 1.000000 1.000000
X 0.051850 -0.742551 -0.667779
Y -0.841866 -0.392192 0.370739
Z -0.537190 0.542958 -0.645464

BONE 60
OFFSET 10.807308 20.289602 40.661308
SCALE 1.000000 1.000000 1.000000
X 0.103355 -0.734196 -0.671025
Y -0.829677 -0.435732 0.348961
Z -0.548593 0.520667 -0.654180

BONE 61
OFFSET 11.901229 20.102589 40.930178
SCALE 1.000000 1.000000 1.000000
X 0.112249 -0.750567 -0.651191
Y -0.799528 -0.457357 0.389333
Z -0.590047 0.476943 -0.651437

BONE 62
OFFSET 10.753209 16.627715 43.591863
SCALE 1.000000 1.000000 1.000000
X 0.686141 -0.513830 -0.514964
Y 0.111975 0.774048 -0.623147
Z 0.718799 0.369904 0.588642

BONE 63
OFFSET 13.326651 -19.333969 42.837875
SCALE 1.000000 1.000000 1.000000
X -0.603443 -0.305953 0.736375
Y 0.698957 -0.647440 0.303777
Z 0.383817 0.698007 0.604542

BONE 64
OFFSET 12.859310 -19.764655 41.577257
SCALE 1.000000 1.000000 1.000000
X -0.051863 -0.742606 0.667717
Y 0.841756 -0.392279 -0.370896
Z 0.537361 0.542819 0.645438

BONE 65
OFFSET 10.803701 -20.289770 40.657129
SCALE 1.000000 1.000000 1.000000
X -0.103393 -0.734247 0.670963
Y 0.829592 -0.435805 -0.349072
Z 0.548714 0.520534 0.654185

BONE 66
OFFSET 11.897648 -20.102760 40.925654
SCALE 1.000000 1.000000 1.000000
X -0.112181 -0.750675 0.651078
Y 0.799450 -0.457322 -0.389533
Z 0.590165 0.476807 0.651430

BONE 67
OFFSET 10.750199 -16.628192 43.587962
SCALE 1.000000 1.000000 1.000000
X -0.686115 -0.513851 0.514978
Y -0.111839 0.773968 0.623270
Z -0.718845 0.370040 -0.588500

BONE 68
OFFSET -1.858068 -0.001347 71.243066
SCALE 1.000000 1.000000 1.000000
X 0.999051 0.000056 0.043551
Y -0.000059 1.000000 0.000063
Z -0.043551 -0.000066 0.999051

BONE 69
OFFSET 13.916743 19.036292 42.126595
SCALE 1.000000 1.000000 1.000000
X 0.245128 -0.554056 -0.795572
Y -0.890287 -0.453503 0.041519
Z -0.383798 0.698110 -0.604435

BONE 70
OFFSET 12.919984 18.946254 40.846370
SCALE 1.000000 1.000000 1.000000
X -0.280336 -0.836685 -0.470500
Y -0.795511 -0.071801 0.601670
Z -0.537190 0.542958 -0.645464

BONE 71
OFFSET 10.878670 19.782561 40.197975
SCALE 1.000000 1.000000 1.000000
X -0.339231 -0.853744 -0.395023
Y -0.764178 0.005212 0.644984
Z -0.548593 0.520667 -0.654180

BONE 72
OFFSET 12.007083 19.394835 40.316226
SCALE 1.000000 1.000000 1.000000
X -0.166949 -0.861502 -0.479523
Y -0.789919 -0.174184 0.587952
Z -0.590047 0.476943 -0.651437

BONE 73
OFFSET 11.572819 16.013918 42.976765
SCALE 1.000000 1.000000 1.000000
X 0.676720 -0.178253 -0.714336
Y -0.159308 0.911810 -0.378449
Z 0.718799 0.369904 0.588642

BONE 74
OFFSET 13.913134 -19.036610 42.122350
SCALE 1.000000 1.000000 1.000000
X -0.245410 -0.553928 0.795574
Y 0.890178 -0.453734 -0.041326
Z 0.383870 0.698061 0.604446

BONE 75
OFFSET 12.916501 -18.946642 40.841891
SCALE 1.000000 1.000000 1.000000
X 0.280282 -0.836770 0.470381
Y 0.795415 -0.071860 -0.601790
Z 0.537361 0.542819 0.645438

BONE 76
OFFSET 10.875069 -19.782730 40.193753
SCALE 1.000000 1.000000 1.000000
X 0.339199 -0.853825 0.394875
Y 0.764105 0.005226 -0.645070
Z 0.548714 0.520534 0.654185

BONE 77
OFFSET 12.003409 -19.394904 40.311955
SCALE 1.000000 1.000000 1.000000
X 0.166987 -0.861591 0.479349
Y 0.789823 -0.174115 -0.588101
Z 0.590165 0.476807 0.651430

BONE 78
OFFSET 11.569779 -16.014350 42.972830
SCALE 1.000000 1.000000 1.000000
X -0.676644 -0.178303 0.714396
Y 0.159424 0.911745 0.378558
Z -0.718845 0.370040 -0.588500


NUMVERTS 3553
VERT 0
OFFSET 7.317659 20.699543 44.473792
BONES 1
BONE 34 1.000000

VERT 1
OFFSET 5.975621 18.100202 45.028278
BONES 1
BONE 34 1.000000

VERT 2
OFFSET 8.271376 20.023651 45.381405
BONES 1
BONE 34 1.000000

VERT 3
OFFSET 6.897650 20.433584 43.629990
BONES 1
BONE 34 1.000000

VERT 4
OFFSET 5.975621 18.100202 45.028278
BONES 1
BONE 34 1.000000

VERT 5
OFFSET 8.803401 18.778747 45.878673
BONES 1
BONE 34 1.000000

VERT 6
OFFSET 8.856734 17.369174 45.771534
BONES 1
BONE 34 1.000000

VERT 7
OFFSET 8.562275 16.822241 44.776127
BONES 1
BONE 34 1.000000

VERT 8
OFFSET 8.006304 16.818296 43.737402
BONES 1
BONE 34 1.000000

VERT 9
OFFSET 7.384791 17.604419 42.839197
BONES 1
BONE 34 1.000000

VERT 10
OFFSET 6.603917 18.474679 42.218853
BONES 1
BONE 34 1.000000

VERT 11
OFFSET 6.387271 19.829956 42.567047
BONES 1
BONE 34 1.000000

VERT 12
OFFSET 3.156428 15.724478 44.426274
BONES 1
BONE 34 1.000000

VERT 13
OFFSET 1.192568 14.782290 45.072180
BONES 1
BONE 34 1.000000

VERT 14
OFFSET 2.523932 14.064131 46.380967
BONES 1
BONE 34 1.000000

VERT 15
OFFSET 4.178716 15.023637 45.658929
BONES 1
BONE 34 1.000000

VERT 16
OFFSET 4.975917 16.288888 44.000896
BONES 1
BONE 34 1.000000

VERT 17
OFFSET 5.656403 15.928202 45.044462
BONES 1
BONE 34 1.000000

VERT 18
OFFSET 6.986757 16.368274 44.224677
BONES 1
BONE 34 1.000000

VERT 19
OFFSET 6.437172 16.974641 43.301208
BONES 1
BONE 34 1.000000

VERT 20
OFFSET 6.509651 16.770494 43.059765
BONES 1
BONE 34 1.000000

VERT 21
OFFSET 3.223022 14.515904 47.880807
BONES 1
BONE 34 1.000000

VERT 22
OFFSET 4.839702 15.447270 46.822733
BONES 1
BONE 34 1.000000

VERT 23
OFFSET 6.122291 16.235359 46.073280
BONES 1
BONE 34 1.000000

VERT 24
OFFSET 7.434703 16.758863 45.086787
BONES 1
BONE 34 1.000000

VERT 25
OFFSET 7.230149 16.273296 44.188156
BONES 1
BONE 34 1.000000

VERT 26
OFFSET 7.935016 16.716684 43.785152
BONES 1
BONE 34 1.000000

VERT 27
OFFSET 3.613814 15.645475 48.625255
BONES 1
BONE 34 1.000000

VERT 28
OFFSET 5.014212 16.557745 47.510484
BONES 1
BONE 34 1.000000

VERT 29
OFFSET 6.597665 16.996714 46.671833
BONES 1
BONE 34 1.000000

VERT 30
OFFSET 7.739751 17.242624 46.069504
BONES 1
BONE 34 1.000000

VERT 31
OFFSET 7.720912 16.452112 45.246395
BONES 1
BONE 34 1.000000

VERT 32
OFFSET 3.359469 16.803847 49.087636
BONES 1
BONE 34 1.000000

VERT 33
OFFSET 5.032546 17.498031 47.846348
BONES 1
BONE 34 1.000000

VERT 34
OFFSET 6.667011 17.924064 46.848480
BONES 1
BONE 34 1.000000

VERT 35
OFFSET 7.856931 18.397354 46.398658
BONES 1
BONE 34 1.000000

VERT 36
OFFSET 7.920529 17.126327 46.185573
BONES 1
BONE 34 1.000000

VERT 37
OFFSET 8.504363 16.801206 44.864588
BONES 1
BONE 34 1.000000

VERT 38
OFFSET 4.555736 18.737407 47.723260
BONES 1
BONE 34 1.000000

VERT 39
OFFSET 6.202903 19.098459 46.589027
BONES 1
BONE 34 1.000000

VERT 40
OFFSET 7.217339 19.757181 46.093483
BONES 1
BONE 34 1.000000

VERT 41
OFFSET 7.972626 18.452392 46.520960
BONES 1
BONE 34 1.000000

VERT 42
OFFSET 8.810082 17.335908 45.831035
BONES 1
BONE 34 1.000000

VERT 43
OFFSET 2.667043 18.175256 49.010819
BONES 1
BONE 34 1.000000

VERT 44
OFFSET 3.667960 19.376259 46.743919
BONES 1
BONE 34 1.000000

VERT 45
OFFSET 5.307947 19.871255 45.768651
BONES 1
BONE 34 1.000000

VERT 46
OFFSET 6.537981 20.140085 45.196014
BONES 1
BONE 34 1.000000

VERT 47
OFFSET 7.443207 19.881537 46.056384
BONES 1
BONE 34 1.000000

VERT 48
OFFSET 8.768607 18.730763 45.969100
BONES 1
BONE 34 1.000000

VERT 49
OFFSET 8.856734 17.369174 45.771534
BONES 1
BONE 34 1.000000

VERT 50
OFFSET 1.733657 18.611400 47.751239
BONES 1
BONE 34 1.000000

VERT 51
OFFSET 2.680433 19.239166 45.363503
BONES 1
BONE 34 1.000000

VERT 52
OFFSET 4.551563 19.534599 44.648367
BONES 1
BONE 34 1.000000

VERT 53
OFFSET 5.920474 19.947423 44.156899
BONES 1
BONE 34 1.000000

VERT 54
OFFSET 5.913313 20.352452 44.093371
BONES 1
BONE 34 1.000000

VERT 55
OFFSET 6.517906 20.655761 45.139376
BONES 1
BONE 34 1.000000

VERT 56
OFFSET -0.167555 18.070608 49.029865
BONES 1
BONE 34 1.000000

VERT 57
OFFSET 0.722721 18.482847 46.266394
BONES 1
BONE 34 1.000000

VERT 58
OFFSET 2.031774 18.207992 44.066914
BONES 1
BONE 34 1.000000

VERT 59
OFFSET 0.162417 17.500999 45.034258
BONES 1
BONE 34 1.000000

VERT 60
OFFSET 2.319253 17.025547 43.858563
BONES 1
BONE 34 1.000000

VERT 61
OFFSET 0.458818 15.949599 44.777220
BONES 1
BONE 34 1.000000

VERT 62
OFFSET 3.156428 15.724478 44.426274
BONES 1
BONE 34 1.000000

VERT 63
OFFSET 1.192568 14.782290 45.072180
BONES 1
BONE 34 1.000000

VERT 64
OFFSET 5.411501 19.234017 43.073210
BONES 1
BONE 34 1.000000

VERT 65
OFFSET 5.390296 19.340835 42.762096
BONES 1
BONE 34 1.000000

VERT 66
OFFSET 6.184386 19.858773 42.462702
BONES 1
BONE 34 1.000000

VERT 67
OFFSET 6.765622 20.421836 43.625629
BONES 1
BONE 34 1.000000

VERT 68
OFFSET 7.210789 20.729341 44.538315
BONES 1
BONE 34 1.000000

VERT 69
OFFSET 5.486450 17.958423 42.486209
BONES 1
BONE 34 1.000000

VERT 70
OFFSET 5.603487 18.049860 42.306254
BONES 1
BONE 34 1.000000

VERT 71
OFFSET 6.416347 18.436171 42.097632
BONES 1
BONE 34 1.000000

VERT 72
OFFSET 6.603917 18.474679 42.218853
BONES 1
BONE 34 1.000000

VERT 73
OFFSET 6.387271 19.829956 42.567047
BONES 1
BONE 34 1.000000

VERT 74
OFFSET 6.897650 20.433584 43.629990
BONES 1
BONE 34 1.000000

VERT 75
OFFSET 6.509651 16.770494 43.059765
BONES 1
BONE 34 1.000000

VERT 76
OFFSET 7.257465 17.513790 42.804865
BONES 1
BONE 34 1.000000

VERT 77
OFFSET 7.384791 17.604419 42.839197
BONES 1
BONE 34 1.000000

VERT 78
OFFSET 6.437172 16.974641 43.301208
BONES 1
BONE 34 1.000000

VERT 79
OFFSET 4.975917 16.288888 44.000896
BONES 1
BONE 34 1.000000

VERT 80
OFFSET 7.317659 20.699543 44.473792
BONES 1
BONE 34 1.000000

VERT 81
OFFSET 8.271376 20.023651 45.381405
BONES 1
BONE 34 1.000000

VERT 82
OFFSET 8.234617 19.997528 45.510552
BONES 1
BONE 34 1.000000

VERT 83
OFFSET 8.803401 18.778747 45.878673
BONES 1
BONE 34 1.000000

VERT 84
OFFSET 8.562275 16.822241 44.776127
BONES 1
BONE 34 1.000000

VERT 85
OFFSET 8.006304 16.818296 43.737402
BONES 1
BONE 34 1.000000

VERT 86
OFFSET 7.257465 17.513790 42.804865
BONES 1
BONE 34 1.000000

VERT 87
OFFSET 6.509651 16.770494 43.059765
BONES 1
BONE 34 1.000000

VERT 88
OFFSET 7.384791 17.604419 42.839197
BONES 1
BONE 34 1.000000

VERT 89
OFFSET 8.054966 -19.540652 45.638359
BONES 1
BONE 37 1.000000

VERT 90
OFFSET 5.337461 -18.260594 44.956658
BONES 1
BONE 37 1.000000

VERT 91
OFFSET 7.174192 -20.331045 44.534398
BONES 1
BONE 37 1.000000

VERT 92
OFFSET 6.659976 -20.179938 43.349562
BONES 1
BONE 37 1.000000

VERT 93
OFFSET 6.410959 -19.563101 42.794929
BONES 1
BONE 37 1.000000

VERT 94
OFFSET 8.634529 -18.424124 46.063926
BONES 1
BONE 37 1.000000

VERT 95
OFFSET 5.337461 -18.260594 44.956658
BONES 1
BONE 37 1.000000

VERT 96
OFFSET 8.762205 -17.415649 45.739788
BONES 1
BONE 37 1.000000

VERT 97
OFFSET 8.463966 -17.070042 44.844031
BONES 1
BONE 37 1.000000

VERT 98
OFFSET 7.901114 -16.869498 43.943784
BONES 1
BONE 37 1.000000

VERT 99
OFFSET 6.891010 -17.433823 42.851699
BONES 1
BONE 37 1.000000

VERT 100
OFFSET 6.342875 -18.330990 42.516865
BONES 1
BONE 37 1.000000

VERT 101
OFFSET 2.113705 -15.650631 44.562407
BONES 1
BONE 37 1.000000

VERT 102
OFFSET 4.248550 -16.264923 43.831283
BONES 1
BONE 37 1.000000

VERT 103
OFFSET 3.196814 -14.980189 45.585773
BONES 1
BONE 37 1.000000

VERT 104
OFFSET 4.931446 -15.565229 44.838784
BONES 1
BONE 37 1.000000

VERT 105
OFFSET 4.110696 -15.040368 46.896927
BONES 1
BONE 37 1.000000

VERT 106
OFFSET 5.648645 -15.909139 45.875690
BONES 1
BONE 37 1.000000

VERT 107
OFFSET 4.419516 -15.892729 47.824436
BONES 1
BONE 37 1.000000

VERT 108
OFFSET 6.086461 -16.753344 46.617367
BONES 1
BONE 37 1.000000

VERT 109
OFFSET 4.463814 -17.092606 48.404465
BONES 1
BONE 37 1.000000

VERT 110
OFFSET 5.811812 -16.978363 43.218036
BONES 1
BONE 37 1.000000

VERT 111
OFFSET 6.699490 -16.381569 44.175834
BONES 1
BONE 37 1.000000

VERT 112
OFFSET 7.182795 -16.535221 45.117121
BONES 1
BONE 37 1.000000

VERT 113
OFFSET 7.467213 -17.261374 46.107216
BONES 1
BONE 37 1.000000

VERT 114
OFFSET 6.106629 -17.907207 47.109505
BONES 1
BONE 37 1.000000

VERT 115
OFFSET 3.894967 -18.501952 48.007926
BONES 1
BONE 37 1.000000

VERT 116
OFFSET 6.789586 -16.257906 44.060306
BONES 1
BONE 37 1.000000

VERT 117
OFFSET 7.373314 -16.394211 45.159062
BONES 1
BONE 37 1.000000

VERT 118
OFFSET 7.602442 -17.174131 46.134489
BONES 1
BONE 37 1.000000

VERT 119
OFFSET 7.641653 -18.257961 46.509270
BONES 1
BONE 37 1.000000

VERT 120
OFFSET 7.509630 -18.299083 46.491566
BONES 1
BONE 37 1.000000

VERT 121
OFFSET 5.801323 -16.982483 43.050312
BONES 1
BONE 37 1.000000

VERT 122
OFFSET 6.722508 -17.299439 42.771891
BONES 1
BONE 37 1.000000

VERT 123
OFFSET 7.794724 -16.710218 43.956513
BONES 1
BONE 37 1.000000

VERT 124
OFFSET 8.419794 -16.911501 44.941985
BONES 1
BONE 37 1.000000

VERT 125
OFFSET 8.684018 -17.287459 45.893725
BONES 1
BONE 37 1.000000

VERT 126
OFFSET 8.597583 -18.382143 46.260846
BONES 1
BONE 37 1.000000

VERT 127
OFFSET 7.968155 -19.570833 45.782441
BONES 1
BONE 37 1.000000

VERT 128
OFFSET 7.156914 -19.378303 46.010908
BONES 1
BONE 37 1.000000

VERT 129
OFFSET 6.891010 -17.433823 42.851699
BONES 1
BONE 37 1.000000

VERT 130
OFFSET 7.901114 -16.869498 43.943784
BONES 1
BONE 37 1.000000

VERT 131
OFFSET 8.463966 -17.070042 44.844031
BONES 1
BONE 37 1.000000

VERT 132
OFFSET 8.762205 -17.415649 45.739788
BONES 1
BONE 37 1.000000

VERT 133
OFFSET 8.634529 -18.424124 46.063926
BONES 1
BONE 37 1.000000

VERT 134
OFFSET 8.054966 -19.540652 45.638359
BONES 1
BONE 37 1.000000

VERT 135
OFFSET 7.174192 -20.331045 44.534398
BONES 1
BONE 37 1.000000

VERT 136
OFFSET 7.024111 -20.416800 44.599058
BONES 1
BONE 37 1.000000

VERT 137
OFFSET 6.448311 -20.112623 45.122447
BONES 1
BONE 37 1.000000

VERT 138
OFFSET 6.331683 -19.843938 45.114397
BONES 1
BONE 37 1.000000

VERT 139
OFFSET 7.030331 -19.227938 45.962170
BONES 1
BONE 37 1.000000

VERT 140
OFFSET 6.659976 -20.179938 43.349562
BONES 1
BONE 37 1.000000

VERT 141
OFFSET 6.474409 -20.253797 43.330116
BONES 1
BONE 37 1.000000

VERT 142
OFFSET 5.728305 -20.222221 43.957736
BONES 1
BONE 37 1.000000

VERT 143
OFFSET 5.749979 -19.919597 43.985745
BONES 1
BONE 37 1.000000

VERT 144
OFFSET 4.689772 -19.610857 45.859888
BONES 1
BONE 37 1.000000

VERT 145
OFFSET 5.618593 -18.839955 46.928451
BONES 1
BONE 37 1.000000

VERT 146
OFFSET 6.410959 -19.563101 42.794929
BONES 1
BONE 37 1.000000

VERT 147
OFFSET 6.202983 -19.608002 42.733269
BONES 1
BONE 37 1.000000

VERT 148
OFFSET 5.371298 -19.529168 42.981963
BONES 1
BONE 37 1.000000

VERT 149
OFFSET 5.390030 -19.329346 43.076105
BONES 1
BONE 37 1.000000

VERT 150
OFFSET 3.807610 -19.480919 44.772026
BONES 1
BONE 37 1.000000

VERT 151
OFFSET 2.669274 -19.313055 46.779846
BONES 1
BONE 37 1.000000

VERT 152
OFFSET 6.342875 -18.330990 42.516865
BONES 1
BONE 37 1.000000

VERT 153
OFFSET 6.122430 -18.303314 42.420578
BONES 1
BONE 37 1.000000

VERT 154
OFFSET 5.344501 -18.174206 42.600545
BONES 1
BONE 37 1.000000

VERT 155
OFFSET 5.367098 -18.123601 42.762246
BONES 1
BONE 37 1.000000

VERT 156
OFFSET 5.801323 -16.982483 43.050312
BONES 1
BONE 37 1.000000

VERT 157
OFFSET 5.811812 -16.978363 43.218036
BONES 1
BONE 37 1.000000

VERT 158
OFFSET 3.678820 -17.496252 43.488976
BONES 1
BONE 37 1.000000

VERT 159
OFFSET 6.722508 -17.299439 42.771891
BONES 1
BONE 37 1.000000

VERT 160
OFFSET 6.891010 -17.433823 42.851699
BONES 1
BONE 37 1.000000

VERT 161
OFFSET 4.248550 -16.264923 43.831283
BONES 1
BONE 37 1.000000

VERT 162
OFFSET 2.113705 -15.650631 44.562407
BONES 1
BONE 37 1.000000

VERT 163
OFFSET 1.385534 -16.755032 44.419527
BONES 1
BONE 37 1.000000

VERT 164
OFFSET 1.241206 -18.010075 44.966378
BONES 1
BONE 37 1.000000

VERT 165
OFFSET 1.530867 -19.060875 45.648743
BONES 1
BONE 37 1.000000

VERT 166
OFFSET 0.735335 -19.001657 47.910075
BONES 1
BONE 37 1.000000

VERT 167
OFFSET -0.094121 -18.479042 46.782111
BONES 1
BONE 37 1.000000

VERT 168
OFFSET -0.421804 -17.557060 46.021841
BONES 1
BONE 37 1.000000

VERT 169
OFFSET -5.414834 11.024246 56.016054
BONES 1
BONE 35 1.000000

VERT 170
OFFSET -0.905068 15.879292 52.331765
BONES 1
BONE 30 1.000000

VERT 171
OFFSET -3.362405 13.810171 47.199847
BONES 1
BONE 30 1.000000

VERT 172
OFFSET -2.132278 13.056557 47.031267
BONES 1
BONE 30 1.000000

VERT 173
OFFSET -2.132278 13.056557 47.031267
BONES 1
BONE 30 1.000000

VERT 174
OFFSET -6.654983 7.556915 33.219979
BONES 2
BONE 7 0.746094
BONE 3 0.253906

VERT 175
OFFSET -7.455014 6.370965 33.463612
BONES 2
BONE 7 0.675781
BONE 3 0.324219

VERT 176
OFFSET 3.657255 -18.617367 44.035225
BONES 2
BONE 36 0.011719
BONE 37 0.988281

VERT 177
OFFSET -6.964995 -8.892391 55.248483
BONES 2
BONE 23 0.191406
BONE 38 0.808594

VERT 178
OFFSET -6.911124 9.304704 55.342222
BONES 2
BONE 35 0.867188
BONE 22 0.132812

VERT 179
OFFSET -5.858687 9.364361 57.419160
BONES 2
BONE 35 0.777344
BONE 22 0.222656

VERT 180
OFFSET -4.204527 12.054913 48.645458
BONES 2
BONE 35 0.250000
BONE 30 0.750000

VERT 181
OFFSET -3.733051 15.350747 49.666616
BONES 2
BONE 34 0.175781
BONE 30 0.824219

VERT 182
OFFSET -2.824161 15.885840 51.139741
BONES 2
BONE 34 0.117188
BONE 30 0.882812

VERT 183
OFFSET -2.701547 11.506482 48.506603
BONES 2
BONE 35 0.222656
BONE 30 0.777344

VERT 184
OFFSET -4.011663 14.774856 48.253845
BONES 2
BONE 34 0.148438
BONE 30 0.851562

VERT 185
OFFSET -1.297349 17.686581 47.532347
BONES 2
BONE 34 0.871094
BONE 33 0.128906

VERT 186
OFFSET 3.808492 17.523956 43.255819
BONES 2
BONE 34 0.988281
BONE 33 0.011719

VERT 187
OFFSET 3.916114 18.873321 43.705677
BONES 2
BONE 34 0.984375
BONE 33 0.015625

VERT 188
OFFSET 2.215968 14.954595 49.640391
BONES 2
BONE 34 0.781250
BONE 30 0.218750

VERT 189
OFFSET 1.789611 16.008801 50.360981
BONES 2
BONE 34 0.800781
BONE 30 0.199219

VERT 190
OFFSET 2.073688 13.918452 48.256371
BONES 2
BONE 34 0.812500
BONE 30 0.187500

VERT 191
OFFSET 0.618774 13.174198 49.086338
BONES 2
BONE 34 0.210938
BONE 30 0.789062

VERT 192
OFFSET 1.109791 13.981589 50.830565
BONES 2
BONE 34 0.183594
BONE 30 0.816406

VERT 193
OFFSET -0.588942 12.672816 47.763500
BONES 2
BONE 34 0.121094
BONE 30 0.878906

VERT 194
OFFSET -2.701547 11.506482 48.506603
BONES 2
BONE 35 0.222656
BONE 30 0.777344

VERT 195
OFFSET -1.019258 11.044403 49.051474
BONES 2
BONE 35 0.269531
BONE 30 0.730469

VERT 196
OFFSET 0.516270 14.975689 51.821545
BONES 2
BONE 34 0.101562
BONE 30 0.898438

VERT 197
OFFSET 1.316476 -13.833925 48.350318
BONES 2
BONE 37 0.593750
BONE 31 0.406250

VERT 198
OFFSET 1.816111 -14.118701 48.085872
BONES 2
BONE 37 0.792969
BONE 31 0.207031

VERT 199
OFFSET 2.173014 -15.083861 49.841056
BONES 2
BONE 37 0.792969
BONE 31 0.207031

VERT 200
OFFSET 2.899428 -14.626583 47.572264
BONES 2
BONE 37 0.957031
BONE 31 0.042969

VERT 201
OFFSET 3.268903 -15.470143 48.873223
BONES 2
BONE 37 0.937500
BONE 31 0.062500

VERT 202
OFFSET 3.177498 -16.831745 49.766090
BONES 2
BONE 37 0.937500
BONE 31 0.062500

VERT 203
OFFSET -6.836830 -8.306162 33.363862
BONES 2
BONE 3 0.171875
BONE 9 0.828125

VERT 204
OFFSET -6.836830 -8.306162 33.363862
BONES 2
BONE 3 0.171875
BONE 9 0.828125

VERT 205
OFFSET -7.217639 -6.128794 39.679436
BONES 2
BONE 3 0.902344
BONE 9 0.097656

VERT 206
OFFSET -8.370396 -4.166039 39.924679
BONES 2
BONE 3 0.953125
BONE 9 0.046875

VERT 207
OFFSET -3.753425 -9.168330 36.477547
BONES 2
BONE 3 0.324219
BONE 9 0.675781

VERT 208
OFFSET -6.386957 -8.191222 36.688458
BONES 2
BONE 3 0.414062
BONE 9 0.585938

VERT 209
OFFSET -8.198336 -6.327507 36.797071
BONES 2
BONE 3 0.539062
BONE 9 0.460938

VERT 210
OFFSET -6.526102 -8.456510 34.004521
BONES 2
BONE 3 0.160156
BONE 9 0.839844

VERT 211
OFFSET -6.836830 -8.306162 33.363862
BONES 2
BONE 3 0.171875
BONE 9 0.828125

VERT 212
OFFSET -8.210026 6.937711 33.565837
BONES 2
BONE 7 0.667969
BONE 3 0.332031

VERT 213
OFFSET -7.455014 6.370965 33.463612
BONES 2
BONE 7 0.675781
BONE 3 0.324219

VERT 214
OFFSET -8.210026 6.937711 33.565837
BONES 2
BONE 7 0.667969
BONE 3 0.332031

VERT 215
OFFSET -7.874892 7.023361 36.224047
BONES 2
BONE 7 0.519531
BONE 3 0.480469

VERT 216
OFFSET -5.706569 8.511714 36.010120
BONES 2
BONE 7 0.636719
BONE 3 0.363281

VERT 217
OFFSET -3.162464 9.404103 36.145984
BONES 2
BONE 7 0.699219
BONE 3 0.300781

VERT 218
OFFSET -5.372376 9.010746 33.685387
BONES 2
BONE 7 0.804688
BONE 3 0.195312

VERT 219
OFFSET -7.029160 8.038577 33.534061
BONES 2
BONE 7 0.750000
BONE 3 0.250000

VERT 220
OFFSET -3.753425 -9.168330 36.477547
BONES 2
BONE 3 0.324219
BONE 9 0.675781

VERT 221
OFFSET -1.094302 -8.630057 36.210930
BONES 2
BONE 3 0.300781
BONE 9 0.699219

VERT 222
OFFSET 1.489722 -7.276612 35.978413
BONES 2
BONE 3 0.292969
BONE 9 0.707031

VERT 223
OFFSET 1.373698 -5.131627 42.562025
BONES 2
BONE 3 0.695312
BONE 16 0.304688

VERT 224
OFFSET 1.927094 -4.360925 42.505673
BONES 2
BONE 3 0.695312
BONE 16 0.304688

VERT 225
OFFSET 3.437996 3.276816 38.000840
BONES 2
BONE 7 0.171875
BONE 3 0.828125

VERT 226
OFFSET 3.659708 4.704591 34.629254
BONES 2
BONE 7 0.644531
BONE 3 0.355469

VERT 227
OFFSET 3.553446 4.293672 38.146804
BONES 2
BONE 7 0.207031
BONE 3 0.792969

VERT 228
OFFSET 2.657900 6.054963 35.050219
BONES 2
BONE 7 0.777344
BONE 3 0.222656

VERT 229
OFFSET 1.224090 7.732784 35.920379
BONES 2
BONE 7 0.812500
BONE 3 0.187500

VERT 230
OFFSET -0.754727 9.032715 36.163901
BONES 2
BONE 7 0.828125
BONE 3 0.171875

VERT 231
OFFSET -3.162464 9.404103 36.145984
BONES 2
BONE 7 0.699219
BONE 3 0.300781

VERT 232
OFFSET -6.654983 7.556915 33.219979
BONES 2
BONE 7 0.746094
BONE 3 0.253906

VERT 233
OFFSET -6.654983 7.556915 33.219979
BONES 2
BONE 7 0.746094
BONE 3 0.253906

VERT 234
OFFSET -5.065891 8.397813 33.595648
BONES 2
BONE 7 0.808594
BONE 3 0.191406

VERT 235
OFFSET -7.455014 6.370965 33.463612
BONES 2
BONE 7 0.675781
BONE 3 0.324219

VERT 236
OFFSET -7.455014 6.370965 33.463612
BONES 2
BONE 7 0.675781
BONE 3 0.324219

VERT 237
OFFSET -6.941406 7.816524 33.405517
BONES 2
BONE 7 0.746094
BONE 3 0.253906

VERT 238
OFFSET -7.029160 8.038577 33.534061
BONES 2
BONE 7 0.750000
BONE 3 0.250000

VERT 239
OFFSET -5.372376 9.010746 33.685387
BONES 2
BONE 7 0.804688
BONE 3 0.195312

VERT 240
OFFSET -5.065891 8.397813 33.595648
BONES 2
BONE 7 0.808594
BONE 3 0.191406

VERT 241
OFFSET -6.654983 7.556915 33.219979
BONES 2
BONE 7 0.746094
BONE 3 0.253906

VERT 242
OFFSET -4.285049 -1.525783 61.943397
BONES 2
BONE 21 0.949219
BONE 26 0.050781

VERT 243
OFFSET 1.494727 -5.274644 42.560019
BONES 2
BONE 3 0.695312
BONE 16 0.304688

VERT 244
OFFSET 1.927094 -4.360925 42.505673
BONES 2
BONE 3 0.695312
BONE 16 0.304688

VERT 245
OFFSET 1.494727 -5.274644 42.560019
BONES 2
BONE 3 0.695312
BONE 16 0.304688

VERT 246
OFFSET 1.373698 -5.131627 42.562025
BONES 2
BONE 3 0.695312
BONE 16 0.304688

VERT 247
OFFSET -9.911624 -2.231546 33.265106
BONES 3
BONE 7 0.108185
BONE 3 0.387909
BONE 9 0.503906

VERT 248
OFFSET -3.479521 0.345385 37.842211
BONES 3
BONE 7 0.382812
BONE 3 0.317078
BONE 9 0.300110

VERT 249
OFFSET -9.904385 0.561676 33.079258
BONES 3
BONE 7 0.346786
BONE 3 0.460938
BONE 9 0.192276

VERT 250
OFFSET -3.479521 0.345385 37.842211
BONES 3
BONE 7 0.382812
BONE 3 0.317078
BONE 9 0.300110

VERT 251
OFFSET -3.524917 -9.880984 33.110019
BONES 3
BONE 5 0.086960
BONE 3 0.053665
BONE 9 0.859375

VERT 252
OFFSET -1.063623 -9.365668 33.030295
BONES 3
BONE 5 0.093384
BONE 3 0.051147
BONE 9 0.855469

VERT 253
OFFSET -3.479521 0.345385 37.842211
BONES 3
BONE 7 0.382812
BONE 3 0.317078
BONE 9 0.300110

VERT 254
OFFSET -9.495580 3.141003 32.902383
BONES 3
BONE 7 0.496094
BONE 3 0.449020
BONE 9 0.054886

VERT 255
OFFSET -9.904385 0.561676 33.079258
BONES 3
BONE 7 0.346786
BONE 3 0.460938
BONE 9 0.192276

VERT 256
OFFSET -3.479521 0.345385 37.842211
BONES 3
BONE 7 0.382812
BONE 3 0.317078
BONE 9 0.300110

VERT 257
OFFSET -3.479521 0.345385 37.842211
BONES 3
BONE 7 0.382812
BONE 3 0.317078
BONE 9 0.300110

VERT 258
OFFSET 2.759153 6.000471 32.574520
BONES 3
BONE 4 0.062912
BONE 7 0.886719
BONE 3 0.050369

VERT 259
OFFSET 1.858622 7.488988 32.715511
BONES 3
BONE 4 0.071198
BONE 7 0.878906
BONE 3 0.049896

VERT 260
OFFSET -3.479521 0.345385 37.842211
BONES 3
BONE 7 0.382812
BONE 3 0.317078
BONE 9 0.300110

VERT 261
OFFSET -0.963490 9.442771 32.906615
BONES 3
BONE 4 0.082199
BONE 7 0.875000
BONE 3 0.042801

VERT 262
OFFSET -2.551705 9.729260 32.962538
BONES 3
BONE 4 0.099976
BONE 7 0.855469
BONE 3 0.044556

VERT 263
OFFSET -2.551705 9.729260 32.962538
BONES 3
BONE 4 0.099976
BONE 7 0.855469
BONE 3 0.044556

VERT 264
OFFSET -3.172898 9.511426 33.798620
BONES 3
BONE 4 0.017807
BONE 7 0.851562
BONE 3 0.130630

VERT 265
OFFSET -5.184194 8.759764 32.960952
BONES 3
BONE 4 0.096878
BONE 7 0.820312
BONE 3 0.082809

VERT 266
OFFSET 4.094566 0.657279 42.395017
BONES 3
BONE 20 0.024155
BONE 3 0.617188
BONE 16 0.358658

VERT 267
OFFSET 4.863963 0.922148 44.836417
BONES 3
BONE 20 0.126068
BONE 3 0.260651
BONE 16 0.613281

VERT 268
OFFSET 4.395782 1.669910 44.793638
BONES 3
BONE 20 0.121552
BONE 3 0.276886
BONE 16 0.601562

VERT 269
OFFSET 1.852641 -5.100739 44.789850
BONES 3
BONE 20 0.114426
BONE 3 0.334793
BONE 16 0.550781

VERT 270
OFFSET 1.869508 -5.352179 45.377885
BONES 3
BONE 20 0.147522
BONE 3 0.282166
BONE 16 0.570312

VERT 271
OFFSET 1.818244 -5.294068 45.391335
BONES 3
BONE 20 0.145096
BONE 3 0.284592
BONE 16 0.570312

VERT 272
OFFSET 1.373923 -5.975100 45.488520
BONES 3
BONE 20 0.167099
BONE 3 0.239151
BONE 16 0.593750

VERT 273
OFFSET 1.472593 -6.014977 45.423790
BONES 3
BONE 20 0.167435
BONE 3 0.242722
BONE 16 0.589844

VERT 274
OFFSET 1.347903 -5.777174 44.815027
BONES 3
BONE 20 0.123276
BONE 3 0.306412
BONE 16 0.570312

VERT 275
OFFSET -0.122825 8.164889 35.844527
BONES 3
BONE 4 0.013519
BONE 7 0.789062
BONE 3 0.197418

VERT 276
OFFSET -1.166110 8.594196 35.970694
BONES 3
BONE 4 0.011475
BONE 7 0.781250
BONE 3 0.207275

VERT 277
OFFSET -0.344506 7.902347 35.741127
BONES 3
BONE 4 0.013672
BONE 7 0.785156
BONE 3 0.201172

VERT 278
OFFSET 0.422014 -15.097040 45.221136
BONES 3
BONE 36 0.035446
BONE 37 0.910156
BONE 31 0.054398

VERT 279
OFFSET -0.328979 -16.191238 45.239051
BONES 3
BONE 36 0.014404
BONE 37 0.960938
BONE 31 0.024658

VERT 280
OFFSET 2.201962 -18.261959 49.327283
BONES 3
BONE 36 0.014603
BONE 37 0.937500
BONE 31 0.047897

VERT 281
OFFSET -0.949174 -14.636264 45.696150
BONES 3
BONE 36 0.163757
BONE 37 0.671875
BONE 31 0.164368

VERT 282
OFFSET -1.645152 -15.701112 46.039320
BONES 3
BONE 36 0.135452
BONE 37 0.792969
BONE 31 0.071579

VERT 283
OFFSET -1.834610 -16.899953 46.829218
BONES 3
BONE 36 0.119766
BONE 37 0.851562
BONE 31 0.028671

VERT 284
OFFSET -1.410145 -18.003255 47.687311
BONES 3
BONE 36 0.174271
BONE 37 0.757812
BONE 31 0.067917

VERT 285
OFFSET -0.483835 -18.452668 49.083517
BONES 3
BONE 36 0.143661
BONE 37 0.753906
BONE 31 0.102432

VERT 286
OFFSET 0.727506 -18.085220 50.403985
BONES 3
BONE 36 0.111710
BONE 37 0.730469
BONE 31 0.157822

VERT 287
OFFSET -1.540398 -14.227344 46.161162
BONES 3
BONE 36 0.249451
BONE 37 0.488281
BONE 31 0.262268

VERT 288
OFFSET -2.163063 -15.408558 46.592361
BONES 3
BONE 36 0.395050
BONE 37 0.484375
BONE 31 0.120575

VERT 289
OFFSET -2.602592 -16.474294 47.394763
BONES 3
BONE 36 0.558594
BONE 37 0.374634
BONE 31 0.066772

VERT 290
OFFSET -2.361457 -17.483900 48.469739
BONES 3
BONE 36 0.554688
BONE 37 0.334686
BONE 31 0.110626

VERT 291
OFFSET -1.458438 -17.871672 49.769640
BONES 3
BONE 36 0.507812
BONE 37 0.323700
BONE 31 0.168488

VERT 292
OFFSET -2.463388 -14.861979 46.825232
BONES 3
BONE 36 0.377579
BONE 37 0.402344
BONE 31 0.220078

VERT 293
OFFSET -3.094556 -15.812853 47.774548
BONES 3
BONE 36 0.570312
BONE 37 0.311920
BONE 31 0.117767

VERT 294
OFFSET -3.128633 -16.775331 49.070304
BONES 3
BONE 36 0.578125
BONE 37 0.243103
BONE 31 0.178772

VERT 295
OFFSET -2.240753 -17.230722 50.414763
BONES 3
BONE 36 0.492188
BONE 37 0.265060
BONE 31 0.242752

VERT 296
OFFSET -0.656911 -16.922345 51.740878
BONES 3
BONE 36 0.227402
BONE 37 0.417969
BONE 31 0.354630

VERT 297
OFFSET -0.014402 -17.567821 51.167988
BONES 3
BONE 36 0.221558
BONE 37 0.515625
BONE 31 0.262817

VERT 298
OFFSET 0.751937 -15.911756 51.676268
BONES 3
BONE 36 0.121429
BONE 37 0.484375
BONE 31 0.394196

VERT 299
OFFSET -5.623233 -11.897889 50.199007
BONES 3
BONE 23 0.022812
BONE 31 0.383438
BONE 38 0.593750

VERT 300
OFFSET -5.574172 -12.502417 52.617501
BONES 3
BONE 23 0.032150
BONE 31 0.295975
BONE 38 0.671875

VERT 301
OFFSET -4.494863 -12.771926 54.288080
BONES 3
BONE 23 0.045593
BONE 31 0.255188
BONE 38 0.699219

VERT 302
OFFSET -5.522066 -10.598286 56.192948
BONES 3
BONE 23 0.121414
