// Export time: Tue Jun 14 06:54:07 2022

ANIMATION
VERSION 3

NUMPARTS 77
PART 0 "tag_torso"
PART 1 "j_shoulder_le"
PART 2 "j_shoulder_ri"
PART 3 "tag_weapon"
PART 4 "tag_weapon1"
PART 5 "j_elbow_le"
PART 6 "j_elbow_ri"
PART 7 "j_gun"
PART 8 "j_sleave_reshape_bottom_le_1"
PART 9 "j_sleave_reshape_bottom_le_2"
PART 10 "j_sleave_reshape_top_le_1"
PART 11 "j_sleave_reshape_top_le_2"
PART 12 "j_sleave_reshape_top_le_3"
PART 13 "j_wrist_le"
PART 14 "j_wristtwist_le"
PART 15 "j_sleave_reshape_top_ri_1"
PART 16 "j_sleave_reshape_top_ri_2"
PART 17 "j_sleave_reshape_top_ri_3"
PART 18 "j_wrist_ri"
PART 19 "j_wristtwist_ri"
PART 20 "tag_bolt_animate"
PART 21 "tag_brass"
PART 22 "tag_clip"
PART 23 "tag_flash"
PART 24 "tag_mag_release_animate"
PART 25 "j_index_le_0"
PART 26 "j_mid_le_0"
PART 27 "j_pinkypalm_le"
PART 28 "j_ringpalm_le"
PART 29 "j_thumb_le_0"
PART 30 "j_webbing_le"
PART 31 "tag_knife_attach"
PART 32 "j_index_ri_0"
PART 33 "j_mid_ri_0"
PART 34 "j_pinkypalm_ri"
PART 35 "j_ringpalm_ri"
PART 36 "j_thumb_ri_0"
PART 37 "j_webbing_ri"
PART 38 "tag_bullet_animate"
PART 39 "j_index_le_1"
PART 40 "j_mid_le_1"
PART 41 "j_pinky_le_0"
PART 42 "j_ring_le_0"
PART 43 "j_thumb_le_1"
PART 44 "j_index_ri_1"
PART 45 "j_mid_ri_1"
PART 46 "j_pinky_ri_0"
PART 47 "j_ring_ri_0"
PART 48 "j_thumb_ri_1"
PART 49 "j_index_le_2"
PART 50 "j_mid_le_2"
PART 51 "j_pinky_le_1"
PART 52 "j_ring_le_1"
PART 53 "j_thumb_le_2"
PART 54 "j_index_ri_2"
PART 55 "j_mid_ri_2"
PART 56 "j_pinky_ri_1"
PART 57 "j_ring_ri_1"
PART 58 "j_thumb_ri_2"
PART 59 "j_index_le_3"
PART 60 "j_mid_le_3"
PART 61 "j_pinky_le_2"
PART 62 "j_ring_le_2"
PART 63 "j_thumb_le_3"
PART 64 "j_index_ri_3"
PART 65 "j_mid_ri_3"
PART 66 "j_pinky_ri_2"
PART 67 "j_ring_ri_2"
PART 68 "j_thumb_ri_3"
PART 69 "j_pinky_le_3"
PART 70 "j_ring_le_3"
PART 71 "j_pinky_ri_3"
PART 72 "j_ring_ri_3"
PART 73 "tag_cambone"
PART 74 "tag_camera"
PART 75 "tag_gasmask"
PART 76 "tag_gasmask2"

FRAMERATE 30
NUMFRAMES 36
FRAME 0
PART 0
OFFSET 0.000000 0.000000 0.000000
SCALE 1.000000 1.000000 1.000000
X 1.000000 0.000000 0.000000
Y 0.000000 1.000000 0.000000
Z 0.000000 0.000000 1.000000

PART 1
OFFSET 4.430467 6.488415 -8.791918
SCALE 1.000000 1.000000 1.000000
X 0.345904 -0.007144 -0.938243
Y 0.635802 -0.733594 0.239989
Z -0.690004 -0.679550 -0.249211

PART 2
OFFSET -1.205972 -7.116053 -6.112617
SCALE 1.000000 1.000000 1.000000
X -0.698378 0.203000 0.686337
Y 0.254399 -0.825910 0.503143
Z 0.668991 0.525988 0.525155

PART 3
OFFSET 17.220545 1.908225 -18.689480
SCALE 1.000000 1.000000 1.000000
X 0.419206 0.793929 -0.440389
Y -0.878112 0.231346 -0.418806
Z -0.230621 0.562277 0.794140

PART 4
OFFSET 13.908927 18.076323 -17.331985
SCALE 1.000000 1.000000 1.000000
X 0.998737 0.041892 -0.027740
Y 0.021387 0.145113 0.989184
Z 0.045465 -0.988528 0.144033

PART 5
OFFSET 8.736262 6.376661 -19.837892
SCALE 1.000000 1.000000 1.000000
X 0.930192 0.194482 -0.311321
Y 0.291845 0.122581 0.948578
Z 0.222643 -0.973217 0.057266

PART 6
OFFSET 7.150990 -9.381604 -14.295752
SCALE 1.000000 1.000000 1.000000
X -0.781561 -0.582976 0.222038
Y 0.315486 -0.676429 -0.665517
Z 0.538173 -0.450092 0.712592

PART 7
OFFSET 17.220545 1.908225 -18.689480
SCALE 1.000000 1.000000 1.000000
X 0.419206 0.793929 -0.440389
Y -0.878112 0.231346 -0.418806
Z -0.230621 0.562277 0.794140

PART 8
OFFSET 17.439377 9.045756 -23.973838
SCALE 1.000000 1.000000 1.000000
X 0.927822 0.196392 -0.317138
Y -0.229414 0.970809 -0.069990
Z 0.294135 0.137694 0.945793

PART 9
OFFSET 17.387445 7.363367 -23.950713
SCALE 1.000000 1.000000 1.000000
X 0.927822 0.196392 -0.317138
Y -0.229414 0.970809 -0.069990
Z 0.294135 0.137694 0.945793

PART 10
OFFSET 18.693367 9.351642 -21.722144
SCALE 1.000000 1.000000 1.000000
X 0.927822 0.196392 -0.317138
Y -0.229414 0.970809 -0.069990
Z 0.294135 0.137694 0.945793

PART 11
OFFSET 18.958686 8.069455 -21.410535
SCALE 1.000000 1.000000 1.000000
X 0.927822 0.196392 -0.317138
Y -0.229414 0.970809 -0.069990
Z 0.294135 0.137694 0.945793

PART 12
OFFSET 18.456393 7.287084 -22.166368
SCALE 1.000000 1.000000 1.000000
X 0.927822 0.196392 -0.317138
Y -0.229414 0.970809 -0.069990
Z 0.294135 0.137694 0.945793

PART 13
OFFSET 19.314763 8.376749 -23.931022
SCALE 1.000000 1.000000 1.000000
X 0.601677 0.797198 0.049596
Y -0.716129 0.510906 0.475535
Z 0.353757 -0.321635 0.878298

PART 14
OFFSET 16.578777 8.382822 -22.579668
SCALE 1.000000 1.000000 1.000000
X 0.905472 0.113651 -0.408905
Y -0.123458 0.992347 0.002430
Z 0.406051 0.048282 0.912574

PART 15
OFFSET 15.255687 -2.653456 -15.063542
SCALE 1.000000 1.000000 1.000000
X -0.784893 -0.577698 0.224072
Y -0.540448 0.461380 -0.703594
Z 0.303082 -0.673345 -0.674349

PART 16
OFFSET 14.396823 -1.969226 -15.841796
SCALE 1.000000 1.000000 1.000000
X -0.784893 -0.577698 0.224072
Y -0.540448 0.461380 -0.703594
Z 0.303082 -0.673345 -0.674349

PART 17
OFFSET 14.073049 -2.569246 -16.827120
SCALE 1.000000 1.000000 1.000000
X -0.784893 -0.577698 0.224072
Y -0.540448 0.461380 -0.703594
Z 0.303082 -0.673345 -0.674349

PART 18
OFFSET 16.376757 -2.664563 -16.805107
SCALE 1.000000 1.000000 1.000000
X -0.493139 -0.663617 0.562517
Y 0.371507 -0.745328 -0.553597
Z 0.786636 -0.064021 0.614089

PART 19
OFFSET 13.834566 -4.427864 -16.115433
SCALE 1.000000 1.000000 1.000000
X -0.790672 -0.563197 0.240096
Y 0.123761 -0.531092 -0.838227
Z 0.599600 -0.633049 0.489621

PART 20
OFFSET 16.983532 7.289583 -18.547358
SCALE 1.000000 1.000000 1.000000
X 0.419206 0.793929 -0.440389
Y -0.878112 0.231346 -0.418806
Z -0.230621 0.562277 0.794140

PART 21
OFFSET 19.343059 7.443427 -18.493501
SCALE 1.000000 1.000000 1.000000
X 0.586963 0.133058 0.798605
Y 0.419206 0.793929 -0.440389
Z -0.692633 0.593272 0.410228

PART 22
OFFSET 19.216669 7.456954 -19.845521
SCALE 1.000000 1.000000 1.000000
X 0.419206 0.793929 -0.440389
Y -0.878112 0.231346 -0.418806
Z -0.230621 0.562277 0.794140

PART 23
OFFSET 27.063718 22.430916 -27.991083
SCALE 1.000000 1.000000 1.000000
X 0.419206 0.793929 -0.440389
Y -0.878112 0.231346 -0.418806
Z -0.230621 0.562277 0.794140

PART 24
OFFSET 18.059728 5.594052 -20.794875
SCALE 1.000000 1.000000 1.000000
X 0.419206 0.793929 -0.440389
Y -0.878112 0.231346 -0.418806
Z -0.230621 0.562277 0.794140

PART 25
OFFSET 20.998033 11.909576 -23.733152
SCALE 1.000000 1.000000 1.000000
X 0.941460 0.332531 -0.055465
Y 0.121805 -0.182110 0.975705
Z 0.314351 -0.925343 -0.211953

PART 26
OFFSET 21.794622 11.264529 -24.076572
SCALE 1.000000 1.000000 1.000000
X 0.799563 0.345387 0.491331
Y -0.432676 -0.236104 0.870084
Z 0.416521 -0.908274 -0.039339

PART 27
OFFSET 20.879005 8.377420 -24.375854
SCALE 1.000000 1.000000 1.000000
X 0.830494 0.372683 0.413989
Y -0.363572 -0.200399 0.909756
Z 0.422013 -0.906062 -0.030933

PART 28
OFFSET 20.271338 9.057079 -24.005567
SCALE 1.000000 1.000000 1.000000
X 0.860079 0.509585 0.024252
Y 0.240440 -0.446825 0.861705
Z 0.449948 -0.735303 -0.506830

PART 29
OFFSET 18.932794 9.429888 -23.111633
SCALE 1.000000 1.000000 1.000000
X 0.320590 0.943116 0.088063
Y -0.875042 0.330475 -0.353679
Z -0.362663 0.036328 0.931212

PART 30
OFFSET 20.222126 11.473071 -22.552320
SCALE 1.000000 1.000000 1.000000
X 0.802963 0.561856 0.198918
Y -0.191398 0.559128 -0.806686
Z -0.564462 0.609667 0.556498

PART 31
OFFSET 21.871038 9.772625 -22.714415
SCALE 1.000000 1.000000 1.000000
X 0.455831 -0.760640 -0.462218
Y -0.353750 0.321707 -0.878274
Z 0.816749 0.563854 -0.122432

PART 32
OFFSET 18.314531 0.458550 -18.341222
SCALE 1.000000 1.000000 1.000000
X -0.370789 -0.764532 0.527263
Y 0.858653 -0.065882 0.508305
Z -0.353878 0.641210 0.680897

PART 33
OFFSET 18.531301 -0.389327 -19.047276
SCALE 1.000000 1.000000 1.000000
X 0.408485 -0.614738 0.674712
Y 0.906423 0.360188 -0.220595
Z -0.107415 0.701684 0.704344

PART 34
OFFSET 17.011094 -2.922701 -17.989505
SCALE 1.000000 1.000000 1.000000
X -0.370955 -0.423955 0.826229
Y 0.915083 -0.015345 0.402974
Z -0.158164 0.905553 0.393646

PART 35
OFFSET 16.992356 -2.282197 -17.670457
SCALE 1.000000 1.000000 1.000000
X -0.466363 -0.493449 0.734175
Y 0.836380 0.024291 0.547612
Z -0.288052 0.869435 0.401383

PART 36
OFFSET 15.936539 -1.661545 -16.823283
SCALE 1.000000 1.000000 1.000000
X 0.229231 -0.888687 0.397100
Y 0.412734 -0.280729 -0.866511
Z 0.881535 0.362528 0.302440

PART 37
OFFSET 14.431881 -4.830494 -13.666718
SCALE 1.000000 1.000000 1.000000
X -0.317112 -0.498069 0.807073
Y -0.880824 -0.160776 -0.445310
Z 0.351553 -0.852102 -0.387727

PART 38
OFFSET 19.119397 7.694113 -19.510566
SCALE 1.000000 1.000000 1.000000
X 0.419206 0.793929 -0.440389
Y -0.878112 0.231346 -0.418806
Z -0.230621 0.562277 0.794140

PART 39
OFFSET 22.632465 12.456078 -23.922516
SCALE 1.000000 1.000000 1.000000
X 0.801370 0.299779 0.517628
Y -0.418725 -0.336842 0.843331
Z 0.427171 -0.892564 -0.144410

PART 40
OFFSET 23.325722 11.944292 -23.041998
SCALE 1.000000 1.000000 1.000000
X -0.427264 -0.059140 0.902191
Y -0.890560 -0.144688 -0.431240
Z 0.156039 -0.987708 0.009153

PART 41
OFFSET 22.757996 9.349939 -23.486225
SCALE 1.000000 1.000000 1.000000
X 0.198324 0.458046 0.866523
Y -0.954563 -0.110373 0.276817
Z 0.222435 -0.882050 0.415344

PART 42
OFFSET 22.580514 10.270869 -24.016881
SCALE 1.000000 1.000000 1.000000
X 0.449109 0.418593 0.789355
Y -0.832153 -0.125694 0.540114
Z 0.325305 -0.899434 0.291883

PART 43
OFFSET 19.538513 11.535846 -22.945530
SCALE 1.000000 1.000000 1.000000
X 0.746199 0.665709 0.004338
Y -0.619547 0.696811 -0.361408
Z -0.243615 0.266995 0.932398

PART 44
OFFSET 18.952094 1.778167 -19.305247
SCALE 1.000000 1.000000 1.000000
X 0.465493 -0.686327 0.558812
Y 0.854992 0.511869 -0.083541
Z -0.228703 0.516668 0.825076

PART 45
OFFSET 17.685859 0.813793 -20.359195
SCALE 1.000000 1.000000 1.000000
X 0.997616 0.049476 -0.048109
Y -0.065646 0.465364 -0.882682
Z -0.021283 0.883736 0.467502

PART 46
OFFSET 17.889778 -1.839775 -19.805302
SCALE 1.000000 1.000000 1.000000
X 0.392486 -0.564336 0.726278
Y 0.918366 0.197028 -0.343196
Z 0.050581 0.801688 0.595598

PART 47
OFFSET 18.242012 -1.121904 -19.643889
SCALE 1.000000 1.000000 1.000000
X 0.463177 -0.601834 0.650587
Y 0.874525 0.191267 -0.445672
Z 0.143785 0.775379 0.614909

PART 48
OFFSET 15.349608 0.302662 -17.646048
SCALE 1.000000 1.000000 1.000000
X -0.182598 -0.667242 0.722112
Y 0.532817 -0.684414 -0.497678
Z 0.826296 0.293879 0.480490

PART 49
OFFSET 23.452162 12.892458 -23.153373
SCALE 1.000000 1.000000 1.000000
X 0.308422 0.247503 0.918487
Y -0.753044 -0.526423 0.394721
Z 0.581207 -0.813401 0.024021

PART 50
OFFSET 23.003929 11.886244 -21.737632
SCALE 1.000000 1.000000 1.000000
X -0.558092 -0.051834 0.828159
Y -0.828317 -0.024418 -0.559727
Z 0.049235 -0.998357 -0.029307

PART 51
OFFSET 23.033956 10.009182 -22.237804
SCALE 1.000000 1.000000 1.000000
X -0.775600 0.269490 0.570806
Y -0.597733 -0.604202 -0.526930
Z 0.202879 -0.749877 0.629702

PART 52
OFFSET 23.346121 11.005781 -22.583022
SCALE 1.000000 1.000000 1.000000
X -0.822012 0.075823 0.564400
Y -0.508778 -0.543000 -0.668054
Z 0.255816 -0.836303 0.484929

PART 53
OFFSET 20.556980 12.716457 -22.944722
SCALE 1.000000 1.000000 1.000000
X 0.318838 0.943554 -0.089713
Y -0.819755 0.227012 -0.525802
Z -0.475757 0.241188 0.845863

PART 54
OFFSET 18.196173 2.521253 -19.860183
SCALE 1.000000 1.000000 1.000000
X 0.941171 -0.245323 0.232407
Y 0.325837 0.841136 -0.431649
Z -0.089593 0.481983 0.871588

PART 55
OFFSET 16.244197 0.649487 -20.161125
SCALE 1.000000 1.000000 1.000000
X 0.279105 0.488897 -0.826486
Y -0.954620 0.048117 -0.293913
Z -0.103926 0.871013 0.480141

PART 56
OFFSET 17.318805 -1.027024 -20.844769
SCALE 1.000000 1.000000 1.000000
X 0.964446 -0.258189 -0.056418
Y 0.157166 0.731950 -0.662984
Z 0.212470 0.630545 0.746505

PART 57
OFFSET 17.414717 -0.074960 -20.771915
SCALE 1.000000 1.000000 1.000000
X 0.966631 -0.040354 -0.252974
Y -0.164310 0.659959 -0.733114
Z 0.196537 0.750217 0.631306

PART 58
OFFSET 15.810985 1.111791 -18.879292
SCALE 1.000000 1.000000 1.000000
X -0.578149 -0.125028 0.806295
Y 0.175793 -0.984069 -0.026543
Z 0.796769 0.126395 0.590918

PART 59
OFFSET 23.800560 13.172035 -22.115968
SCALE 1.000000 1.000000 1.000000
X 0.743213 0.165157 -0.648350
Y -0.594017 -0.283016 -0.753024
Z -0.307861 0.944788 -0.112235

PART 60
OFFSET 22.372781 11.820487 -20.799492
SCALE 1.000000 1.000000 1.000000
X 0.953344 0.123384 -0.275520
Y -0.270211 -0.058208 -0.961040
Z -0.134615 0.990650 -0.022153

PART 61
OFFSET 22.460795 10.197942 -21.871460
SCALE 1.000000 1.000000 1.000000
X -0.719741 0.212202 0.661017
Y -0.616104 -0.634085 -0.467281
Z 0.319983 -0.743577 0.587116

PART 62
OFFSET 22.480527 11.199652 -21.695123
SCALE 1.000000 1.000000 1.000000
X -0.667946 -0.098599 0.737649
Y -0.617027 -0.480795 -0.622988
Z 0.416084 -0.871272 0.260307

PART 63
OFFSET 20.866034 13.751734 -23.011958
SCALE 1.000000 1.000000 1.000000
X 0.372000 0.588384 -0.717928
Y 0.422515 -0.795998 -0.433437
Z -0.826497 -0.142096 -0.544713

PART 64
OFFSET 17.133170 2.798386 -20.122678
SCALE 1.000000 1.000000 1.000000
X -0.625606 -0.543381 0.559781
Y -0.779935 0.419199 -0.464730
Z 0.017865 -0.727330 -0.686055

PART 65
OFFSET 15.928176 0.089652 -19.228643
SCALE 1.000000 1.000000 1.000000
X 0.402611 -0.464897 0.788527
Y -0.915320 -0.213626 0.341400
Z 0.009734 -0.859206 -0.511538

PART 66
OFFSET 16.459871 -0.797666 -20.793312
SCALE 1.000000 1.000000 1.000000
X 0.569501 0.385792 -0.725832
Y -0.721537 0.657627 -0.216591
Z 0.393767 0.647064 0.652883

PART 67
OFFSET 16.103004 -0.084520 -20.331247
SCALE 1.000000 1.000000 1.000000
X 0.264229 0.605711 -0.750532
Y -0.951077 0.292829 -0.098507
Z 0.160111 0.739842 0.653451

PART 68
OFFSET 16.396784 1.257962 -19.777828
SCALE 1.000000 1.000000 1.000000
X -0.902345 -0.376308 0.210156
Y -0.323975 0.270578 -0.906547
Z 0.284278 -0.886104 -0.366069

PART 69
OFFSET 21.777023 10.399541 -21.243477
SCALE 1.000000 1.000000 1.000000
X 0.890501 0.344001 -0.297776
Y 0.038391 -0.708959 -0.704204
Z -0.453358 0.615663 -0.644535

PART 70
OFFSET 21.756191 11.092736 -20.895148
SCALE 1.000000 1.000000 1.000000
X 0.921891 0.308443 -0.234480
Y -0.139336 -0.300771 -0.943463
Z -0.361529 0.902441 -0.234301

PART 71
OFFSET 15.918821 -1.164191 -20.103756
SCALE 1.000000 1.000000 1.000000
X -0.040046 -0.802043 0.595922
Y -0.861620 0.329722 0.385868
Z -0.505972 -0.498006 -0.704261

PART 72
OFFSET 15.816393 -0.741397 -19.517265
SCALE 1.000000 1.000000 1.000000
X 0.335286 -0.623577 0.706212
Y -0.936421 -0.138282 0.322481
Z -0.103435 -0.769435 -0.630294

PART 73
OFFSET 0.000000 0.000000 0.000000
SCALE 1.000000 1.000000 1.000000
X 1.000000 0.000000 0.000000
Y 0.000000 1.000000 0.000000
Z 0.000000 0.000000 1.000000

PART 74
OFFSET 0.000000 0.000000 0.000000
SCALE 1.000000 1.000000 1.000000
X 1.000000 0.000000 0.000000
Y 0.000000 1.000000 0.000000
Z 0.000000 0.000000 1.000000

PART 75
OFFSET 1.540553 -0.000011 4.135828
SCALE 1.000000 1.000000 1.000000
X 1.000000 0.000000 0.000000
Y 0.000000 1.000000 0.000000
Z 0.000000 0.000000 1.000000

PART 76
OFFSET -4.631835 0.000000 -1.376957
SCALE 1.000000 1.000000 1.000000
X 1.000000 0.000000 0.000000
Y 0.000000 1.000000 0.000000
Z 0.000000 0.000000 1.000000

FRAME 1
PART 0
OFFSET 0.000000 0.000000 0.000000
SCALE 1.000000 1.000000 1.000000
X 1.000000 0.000000 0.000000
Y 0.000000 1.000000 0.000000
Z 0.000000 0.000000 1.000000

PART 1
OFFSET 4.708224 6.492566 -8.693684
SCALE 1.000000 1.000000 1.000000
X 0.319188 -0.006111 -0.947672
Y 0.647366 -0.728906 0.222742
Z -0.692125 -0.684587 -0.228702

PART 2
OFFSET -1.407809 -7.105532 -5.707507
SCALE 1.000000 1.000000 1.000000
X -0.691554 0.178149 0.700011
Y 0.254726 -0.846702 0.467129
Z 0.675920 0.501356 0.540161

PART 3
OFFSET 17.174854 1.958252 -18.466182
SCALE 1.000000 1.000000 1.000000
X 0.428439 0.789985 -0.438593
Y -0.877482 0.247967 -0.410534
Z -0.215559 0.560746 0.799436

PART 4
OFFSET 13.908927 18.076323 -17.331985
SCALE 1.000000 1.000000 1.000000
X 0.998737 0.041892 -0.027740
Y 0.021387 0.145113 0.989184
Z 0.045465 -0.988528 0.144033

PART 5
OFFSET 8.640916 6.403214 -19.973922
SCALE 1.000000 1.000000 1.000000
X 0.940266 0.195345 -0.278819
Y 0.259331 0.119615 0.958353
Z 0.220561 -0.973413 0.061811

PART 6
OFFSET 6.841135 -8.999751 -14.002562
SCALE 1.000000 1.000000 1.000000
X -0.799781 -0.555119 0.228457
Y 0.274835 -0.676961 -0.682781
Z 0.533681 -0.483287 0.693987

PART 7
OFFSET 17.174854 1.958252 -18.466182
SCALE 1.000000 1.000000 1.000000
X 0.428439 0.789985 -0.438593
Y -0.877482 0.247967 -0.410534
Z -0.215559 0.560746 0.799436

PART 8
OFFSET 17.479999 9.084168 -23.802426
SCALE 1.000000 1.000000 1.000000
X 0.938096 0.197274 -0.284707
Y -0.226894 0.971045 -0.074766
Z 0.261714 0.134736 0.955694

PART 9
OFFSET 17.427307 7.401722 -23.786293
SCALE 1.000000 1.000000 1.000000
X 0.938096 0.197274 -0.284707
Y -0.226894 0.971045 -0.074766
Z 0.261714 0.134736 0.955694

PART 10
OFFSET 18.656481 9.382954 -21.508347
SCALE 1.000000 1.000000 1.000000
X 0.938096 0.197274 -0.284707
Y -0.226894 0.971045 -0.074766
Z 0.261714 0.134736 0.955694

PART 11
OFFSET 18.911020 8.099781 -21.191843
SCALE 1.000000 1.000000 1.000000
X 0.938096 0.197274 -0.284707
Y -0.226894 0.971045 -0.074766
Z 0.261714 0.134736 0.955694

PART 12
OFFSET 18.434792 7.319806 -21.966781
SCALE 1.000000 1.000000 1.000000
X 0.938096 0.197274 -0.284707
Y -0.226894 0.971045 -0.074766
Z 0.261714 0.134736 0.955694

PART 13
OFFSET 19.345884 8.422019 -23.679760
SCALE 1.000000 1.000000 1.000000
X 0.614439 0.787407 0.049550
Y -0.704568 0.519367 0.483572
Z 0.355033 -0.332037 0.873901

PART 14
OFFSET 16.573460 8.415203 -22.437494
SCALE 1.000000 1.000000 1.000000
X 0.918816 0.116050 -0.377240
Y -0.119690 0.992714 0.013869
Z 0.376101 0.032408 0.926012

PART 15
OFFSET 15.192578 -2.587385 -14.826307
SCALE 1.000000 1.000000 1.000000
X -0.802858 -0.549748 0.230645
Y -0.535322 0.494501 -0.684762
Z 0.262392 -0.673235 -0.691306

PART 16
OFFSET 14.346626 -1.856291 -15.575549
SCALE 1.000000 1.000000 1.000000
X -0.802858 -0.549748 0.230645
Y -0.535322 0.494501 -0.684762
Z 0.262392 -0.673235 -0.691306

PART 17
OFFSET 13.979574 -2.425995 -16.563691
SCALE 1.000000 1.000000 1.000000
X -0.802858 -0.549748 0.230645
Y -0.535322 0.494501 -0.684762
Z 0.262392 -0.673235 -0.691306

PART 18
OFFSET 16.274776 -2.610425 -16.590080
SCALE 1.000000 1.000000 1.000000
X -0.499406 -0.659502 0.561829
Y 0.355230 -0.747343 -0.561506
Z 0.790193 -0.080841 0.607502

PART 19
OFFSET 13.677668 -4.284139 -15.882725
SCALE 1.000000 1.000000 1.000000
X -0.807291 -0.536723 0.245377
Y 0.100964 -0.535263 -0.838630
Z 0.581453 -0.652244 0.486302

PART 20
OFFSET 17.024767 7.341671 -18.288236
SCALE 1.000000 1.000000 1.000000
X 0.428439 0.789985 -0.438593
Y -0.877482 0.247967 -0.410534
Z -0.215559 0.560746 0.799436

PART 21
OFFSET 19.386790 7.457639 -18.251654
SCALE 1.000000 1.000000 1.000000
X 0.595086 0.118565 0.794868
Y 0.428439 0.789985 -0.438593
Z -0.679935 0.601553 0.419311

PART 22
OFFSET 19.250318 7.481880 -19.602544
SCALE 1.000000 1.000000 1.000000
X 0.428439 0.789985 -0.438593
Y -0.877482 0.247967 -0.410534
Z -0.215559 0.560746 0.799436

PART 23
OFFSET 27.272740 22.381363 -27.713773
SCALE 1.000000 1.000000 1.000000
X 0.428439 0.789985 -0.438593
Y -0.877482 0.247967 -0.410534
Z -0.215559 0.560746 0.799436

PART 24
OFFSET 18.056610 5.643756 -20.554674
SCALE 1.000000 1.000000 1.000000
X 0.428439 0.789985 -0.438593
Y -0.877482 0.247967 -0.410534
Z -0.215559 0.560746 0.799436

PART 25
OFFSET 21.085699 11.926943 -23.474877
SCALE 1.000000 1.000000 1.000000
X 0.946128 0.318081 -0.060548
Y 0.126009 -0.189451 0.973771
Z 0.298267 -0.928942 -0.219326

PART 26
OFFSET 21.869570 11.271456 -23.827666
SCALE 1.000000 1.000000 1.000000
X 0.808419 0.330093 0.487338
Y -0.430003 -0.234180 0.871927
Z 0.401942 -0.914439 -0.047375

PART 27
OFFSET 20.906678 8.400732 -24.136048
SCALE 1.000000 1.000000 1.000000
X 0.839213 0.357333 0.409921
Y -0.360060 -0.199781 0.911287
Z 0.407527 -0.912360 -0.038997

PART 28
OFFSET 20.312437 9.087722 -23.757591
SCALE 1.000000 1.000000 1.000000
X 0.868112 0.495936 0.020734
Y 0.239651 -0.455346 0.857454
Z 0.434683 -0.739397 -0.514142

PART 29
OFFSET 18.986417 9.476397 -22.851827
SCALE 1.000000 1.000000 1.000000
X 0.335960 0.937482 0.090878
Y -0.872297 0.346086 -0.345431
Z -0.355286 0.036778 0.934034

PART 30
OFFSET 20.311631 11.496015 -22.290795
SCALE 1.000000 1.000000 1.000000
X 0.813091 0.548114 0.196098
Y -0.188457 0.566559 -0.802182
Z -0.550788 0.615290 0.563960

PART 31
OFFSET 21.932475 9.770939 -22.474308
SCALE 1.000000 1.000000 1.000000
X 0.440492 -0.765072 -0.469714
Y -0.355025 0.332108 -0.873877
Z 0.824575 0.551696 -0.125329

PART 32
OFFSET 18.250624 0.491786 -18.120035
SCALE 1.000000 1.000000 1.000000
X -0.378966 -0.762117 0.524941
Y 0.861358 -0.083125 0.501151
Z -0.338299 0.642081 0.687957

PART 33
OFFSET 18.448324 -0.354562 -18.833481
SCALE 1.000000 1.000000 1.000000
X 0.403722 -0.625839 0.667334
Y 0.910372 0.347144 -0.225196
Z -0.090724 0.698439 0.709896

PART 34
OFFSET 16.895779 -2.870510 -17.781099
SCALE 1.000000 1.000000 1.000000
X -0.371369 -0.423650 0.826200
Y 0.917782 -0.032773 0.395729
Z -0.140574 0.905233 0.400990

PART 35
OFFSET 16.889781 -2.232003 -17.457583
SCALE 1.000000 1.000000 1.000000
X -0.468583 -0.490972 0.734422
Y 0.840838 0.007120 0.541240
Z -0.270962 0.871146 0.409492

PART 36
OFFSET 15.850598 -1.600387 -16.598035
SCALE 1.000000 1.000000 1.000000
X 0.217966 -0.894961 0.389276
Y 0.401513 -0.281317 -0.871578
Z 0.889538 0.346274 0.298021

PART 37
OFFSET 14.319491 -4.766538 -13.451397
SCALE 1.000000 1.000000 1.000000
X -0.318871 -0.498484 0.806124
Y -0.886682 -0.143578 -0.439522
Z 0.334836 -0.854926 -0.396214

PART 38
OFFSET 19.159398 7.718393 -19.265355
SCALE 1.000000 1.000000 1.000000
X 0.428439 0.789985 -0.438593
Y -0.877482 0.247967 -0.410534
Z -0.215559 0.560746 0.799436

PART 39
OFFSET 22.727078 12.448883 -23.673231
SCALE 1.000000 1.000000 1.000000
X 0.809702 0.284315 0.513369
Y -0.417826 -0.334971 0.844521
Z 0.412074 -0.898309 -0.152433

PART 40
OFFSET 23.418596 11.921404 -22.800642
SCALE 1.000000 1.000000 1.000000
X -0.421585 -0.057504 0.904964
Y -0.895821 -0.128334 -0.425481
Z 0.140605 -0.990062 0.002591

PART 41
OFFSET 22.807079 9.338769 -23.254912
SCALE 1.000000 1.000000 1.000000
X 0.211756 0.450031 0.867543
Y -0.954143 -0.096987 0.283205
Z 0.211591 -0.887730 0.408857

PART 42
OFFSET 22.640207 10.265316 -23.779193
SCALE 1.000000 1.000000 1.000000
X 0.461325 0.407097 0.788322
Y -0.830082 -0.115694 0.545509
Z 0.313279 -0.906028 0.284551

PART 43
OFFSET 19.626252 11.571667 -22.678628
SCALE 1.000000 1.000000 1.000000
X 0.756551 0.653930 0.002512
Y -0.611156 0.708421 -0.353026
Z -0.232634 0.265547 0.935610

PART 44
OFFSET 18.901887 1.807644 -19.080031
SCALE 1.000000 1.000000 1.000000
X 0.458682 -0.697529 0.550513
Y 0.862438 0.498679 -0.086722
Z -0.214038 0.514561 0.830310

PART 45
OFFSET 17.612277 0.870959 -20.130603
SCALE 1.000000 1.000000 1.000000
X 0.997884 0.033829 -0.055533
Y -0.064932 0.472432 -0.878972
Z -0.003499 0.880718 0.473629

PART 46
OFFSET 17.777792 -1.789291 -19.596300
SCALE 1.000000 1.000000 1.000000
X 0.388930 -0.575544 0.719363
Y 0.918753 0.184662 -0.348988
Z 0.068019 0.796649 0.600603

PART 47
OFFSET 18.142737 -1.078281 -19.432774
SCALE 1.000000 1.000000 1.000000
X 0.458427 -0.613645 0.642872
Y 0.874039 0.180311 -0.451157
Z 0.160934 0.768718 0.619010

PART 48
OFFSET 15.288999 0.378594 -17.402885
SCALE 1.000000 1.000000 1.000000
X -0.187747 -0.669198 0.718975
Y 0.517921 -0.689408 -0.506433
Z 0.834571 0.277291 0.476026

PART 49
OFFSET 23.559069 12.868085 -22.907743
SCALE 1.000000 1.000000 1.000000
X 0.318915 0.237507 0.917542
Y -0.758318 -0.516790 0.397344
Z 0.568548 -0.822508 0.015294

PART 50
OFFSET 23.105399 11.861092 -21.494288
SCALE 1.000000 1.000000 1.000000
X -0.552816 -0.047740 0.831935
Y -0.832635 -0.008335 -0.553759
Z 0.033371 -0.998825 -0.035142

PART 51
OFFSET 23.102382 9.986618 -22.004953
SCALE 1.000000 1.000000 1.000000
X -0.767122 0.278381 0.577952
Y -0.610934 -0.591825 -0.525835
Z 0.195664 -0.756470 0.624074

PART 52
OFFSET 23.427614 10.980134 -22.346983
SCALE 1.000000 1.000000 1.000000
X -0.816608 0.085501 0.570824
Y -0.522055 -0.531233 -0.667270
Z 0.246189 -0.842900 0.478446

PART 53
OFFSET 20.663073 12.736192 -22.678820
SCALE 1.000000 1.000000 1.000000
X 0.332926 0.938943 -0.086874
Y -0.819888 0.242737 -0.518520
Z -0.465773 0.243856 0.850641

PART 54
OFFSET 18.153764 2.566546 -19.624023
SCALE 1.000000 1.000000 1.000000
X 0.938864 -0.261957 0.223410
Y 0.335985 0.838769 -0.428464
Z -0.075150 0.477332 0.875504

PART 55
OFFSET 16.169724 0.728392 -19.922439
SCALE 1.000000 1.000000 1.000000
X 0.280574 0.490055 -0.825302
Y -0.955951 0.065420 -0.286144
Z -0.086236 0.869233 0.486824

PART 56
OFFSET 17.211991 -0.960353 -20.625764
SCALE 1.000000 1.000000 1.000000
X 0.959713 -0.273202 -0.065667
Y 0.163813 0.733896 -0.659213
Z 0.228291 0.621898 0.749083

PART 57
OFFSET 17.323737 -0.010471 -20.547211
SCALE 1.000000 1.000000 1.000000
X 0.963889 -0.054078 -0.260755
Y -0.159307 0.667545 -0.727327
Z 0.213399 0.742603 0.634825

PART 58
OFFSET 15.753839 1.188720 -18.634172
SCALE 1.000000 1.000000 1.000000
X -0.573880 -0.121315 0.809904
Y 0.159755 -0.986551 -0.034576
Z 0.803206 0.109544 0.585543

PART 59
OFFSET 23.919318 13.136372 -21.871404
SCALE 1.000000 1.000000 1.000000
X 0.740989 0.157147 -0.652871
Y -0.603824 -0.269477 -0.750186
Z -0.293823 0.950098 -0.104790

PART 60
OFFSET 22.480117 11.799956 -20.551917
SCALE 1.000000 1.000000 1.000000
X 0.953138 0.110009 -0.281827
Y -0.278051 -0.048597 -0.959336
Z -0.119232 0.992742 -0.015732

PART 61
OFFSET 22.534921 10.182260 -21.633383
SCALE 1.000000 1.000000 1.000000
X -0.711515 0.219723 0.667435
Y -0.629338 -0.621751 -0.466218
Z 0.312539 -0.751763 0.580665

PART 62
OFFSET 22.571626 11.182536 -21.451706
SCALE 1.000000 1.000000 1.000000
X -0.664042 -0.092275 0.741979
Y -0.628987 -0.467597 -0.621070
Z 0.404257 -0.879112 0.252465

PART 63
OFFSET 20.987817 13.766873 -22.742643
SCALE 1.000000 1.000000 1.000000
X 0.375959 0.586507 -0.717401
Y 0.406835 -0.800066 -0.440884
Z -0.832550 -0.126110 -0.539404

PART 64
OFFSET 17.093367 2.862466 -19.876356
SCALE 1.000000 1.000000 1.000000
X -0.629941 -0.537143 0.560938
Y -0.776643 0.434828 -0.455797
Z 0.000917 -0.722774 -0.691084

PART 65
OFFSET 15.851914 0.167269 -18.991341
SCALE 1.000000 1.000000 1.000000
X 0.401128 -0.476711 0.782204
Y -0.915987 -0.201295 0.347057
Z -0.007992 -0.855703 -0.517406

PART 66
OFFSET 16.357272 -0.717633 -20.566074
SCALE 1.000000 1.000000 1.000000
X 0.570041 0.381623 -0.727611
Y -0.712520 0.670573 -0.206512
Z 0.409106 0.636157 0.654168

PART 67
OFFSET 16.015458 -0.002069 -20.096426
SCALE 1.000000 1.000000 1.000000
X 0.268159 0.606565 -0.748445
Y -0.946978 0.308691 -0.089118
Z 0.176982 0.732659 0.657182

PART 68
OFFSET 16.335000 1.331688 -19.536228
SCALE 1.000000 1.000000 1.000000
X -0.906634 -0.363255 0.214617
Y -0.326532 0.281977 -0.902145
Z 0.267192 -0.887995 -0.374264

PART 69
OFFSET 21.858965 10.391003 -20.999303
SCALE 1.000000 1.000000 1.000000
X 0.893600 0.331701 -0.302412
Y 0.022168 -0.705519 -0.708345
Z -0.448316 0.626273 -0.637805

PART 70
OFFSET 21.851524 11.082478 -20.647035
SCALE 1.000000 1.000000 1.000000
X 0.924886 0.295304 -0.239544
Y -0.150870 -0.293270 -0.944050
Z -0.349033 0.909279 -0.226689

PART 71
OFFSET 15.815710 -1.080197 -19.874828
SCALE 1.000000 1.000000 1.000000
X -0.048352 -0.805391 0.590768
Y -0.853228 0.340805 0.394784
Z -0.519293 -0.484971 -0.703660

PART 72
OFFSET 15.724586 -0.659872 -19.284706
SCALE 1.000000 1.000000 1.000000
X 0.330634 -0.633721 0.699342
Y -0.936020 -0.125493 0.328813
Z -0.120613 -0.763315 -0.634668

PART 73
OFFSET 0.000000 0.000000 0.000000
SCALE 1.000000 1.000000 1.000000
X 1.000000 0.000000 0.000000
Y 0.000000 1.000000 0.000000
Z 0.000000 0.000000 1.000000

PART 74
OFFSET 0.000000 0.000000 0.000000
SCALE 1.000000 1.000000 1.000000
X 1.000000 -0.000190 0.000214
Y 0.000191 0.999996 -0.002655
Z -0.000213 0.002655 0.999996

PART 75
OFFSET 1.539670 0.010676 4.136143
SCALE 1.000000 1.000000 1.000000
X 1.000000 -0.000190 0.000214
Y 0.000191 0.999996 -0.002655
Z -0.000213 0.002655 0.999996

PART 76
OFFSET -4.631541 -0.002774 -1.377943
SCALE 1.000000 1.000000 1.000000
X 1.000000 -0.000190 0.000214
Y 0.000191 0.999996 -0.002655
Z -0.000213 0.002655 0.999996

FRAME 2
PART 0
OFFSET 0.000000 0.000000 0.000000
SCALE 1.000000 1.000000 1.000000
X 1.000000 0.000000 0.000000
Y 0.000000 1.000000 0.000000
Z 0.000000 0.000000 1.000000

PART 1
OFFSET 5.002199 6.492651 -8.598107
SCALE 1.000000 1.000000 1.000000
X 0.287134 -0.003667 -0.957883
Y 0.659859 -0.724125 0.200570
Z -0.694363 -0.689659 -0.205501

PART 2
OFFSET -1.546974 -7.034618 -5.305118
SCALE 1.000000 1.000000 1.000000
X -0.674900 0.181056 0.715352
Y 0.224811 -0.872895 0.433029
Z 0.702830 0.453071 0.548414

PART 3
OFFSET 17.069698 2.013811 -17.838028
SCALE 1.000000 1.000000 1.000000
X 0.452112 0.778320 -0.435675
Y -0.874136 0.289463 -0.389997
Z -0.177430 0.557162 0.811227

PART 4
OFFSET 13.908927 18.076323 -17.331985
SCALE 1.000000 1.000000 1.000000
X 0.998737 0.041892 -0.027740
Y 0.021387 0.145113 0.989184
Z 0.045465 -0.988528 0.144033

PART 5
OFFSET 8.458579 6.450766 -20.221564
SCALE 1.000000 1.000000 1.000000
X 0.960455 0.192372 -0.201296
Y 0.182711 0.110088 0.976984
Z 0.210104 -0.975128 0.070586

PART 6
OFFSET 6.538272 -9.043365 -13.825015
SCALE 1.000000 1.000000 1.000000
X -0.803108 -0.563485 0.193653
Y 0.271896 -0.635785 -0.722391
Z 0.530179 -0.527505 0.663814

PART 7
OFFSET 17.069698 2.013811 -17.838028
SCALE 1.000000 1.000000 1.000000
X 0.452112 0.778320 -0.435675
Y -0.874136 0.289463 -0.389997
Z -0.177430 0.557162 0.811227

PART 8
OFFSET 17.587871 9.113872 -23.309967
SCALE 1.000000 1.000000 1.000000
X 0.958771 0.194361 -0.207322
Y -0.215396 0.972905 -0.084025
Z 0.185373 0.125217 0.974658

PART 9
OFFSET 17.525721 7.431673 -23.312939
SCALE 1.000000 1.000000 1.000000
X 0.958771 0.194361 -0.207322
Y -0.215396 0.972905 -0.084025
Z 0.185373 0.125217 0.974658

PART 10
OFFSET 18.579228 9.386714 -20.926912
SCALE 1.000000 1.000000 1.000000
X 0.958771 0.194361 -0.207322
Y -0.215396 0.972905 -0.084025
Z 0.185373 0.125217 0.974658

PART 11
OFFSET 18.801366 8.099509 -20.602480
SCALE 1.000000 1.000000 1.000000
X 0.958771 0.194361 -0.207322
Y -0.215396 0.972905 -0.084025
Z 0.185373 0.125217 0.974658

PART 12
OFFSET 18.384558 7.328777 -21.419749
SCALE 1.000000 1.000000 1.000000
X 0.958771 0.194361 -0.207322
Y -0.215396 0.972905 -0.084025
Z 0.185373 0.125217 0.974658

PART 13
OFFSET 19.418269 8.457225 -23.001837
SCALE 1.000000 1.000000 1.000000
X 0.647859 0.760165 0.049277
Y -0.672933 0.540799 0.504676
Z 0.356988 -0.360119 0.861901

PART 14
OFFSET 16.573831 8.434594 -22.021492
SCALE 1.000000 1.000000 1.000000
X 0.946390 0.116588 -0.301252
Y -0.109693 0.993170 0.039766
Z 0.303830 -0.004588 0.952715

PART 15
OFFSET 14.926011 -2.639607 -14.250831
SCALE 1.000000 1.000000 1.000000
X -0.806157 -0.558239 0.196161
Y -0.531769 0.538147 -0.653926
Z 0.259484 -0.631480 -0.730685

PART 16
OFFSET 14.085002 -1.859657 -14.955015
SCALE 1.000000 1.000000 1.000000
X -0.806157 -0.558239 0.196161
Y -0.531769 0.538147 -0.653926
Z 0.259484 -0.631480 -0.730685

PART 17
OFFSET 13.715976 -2.366257 -15.976236
SCALE 1.000000 1.000000 1.000000
X -0.806157 -0.558239 0.196161
Y -0.531769 0.538147 -0.653926
Z 0.259484 -0.631480 -0.730685

PART 18
OFFSET 16.014927 -2.538485 -16.004382
SCALE 1.000000 1.000000 1.000000
X -0.515836 -0.646533 0.562057
Y 0.313603 -0.753050 -0.578419
Z 0.797224 -0.122107 0.591205

PART 19
OFFSET 13.401150 -4.259611 -15.412595
SCALE 1.000000 1.000000 1.000000
X -0.810267 -0.546900 0.210636
Y 0.107973 -0.492561 -0.863554
Z 0.576029 -0.676966 0.458156

PART 20
OFFSET 17.143338 7.395662 -17.581817
SCALE 1.000000 1.000000 1.000000
X 0.452112 0.778320 -0.435675
Y -0.874136 0.289463 -0.389997
Z -0.177430 0.557162 0.811227

PART 21
OFFSET 19.508398 7.414995 -17.589239
SCALE 1.000000 1.000000 1.000000
X 0.614219 0.082520 0.784810
Y 0.452112 0.778320 -0.435675
Z -0.646785 0.622421 0.440751

PART 22
OFFSET 19.347760 7.464731 -18.936769
SCALE 1.000000 1.000000 1.000000
X 0.452112 0.778320 -0.435675
Y -0.874136 0.289463 -0.389997
Z -0.177430 0.557162 0.811227

PART 23
OFFSET 27.819729 22.144191 -26.991897
SCALE 1.000000 1.000000 1.000000
X 0.452112 0.778320 -0.435675
Y -0.874136 0.289463 -0.389997
Z -0.177430 0.557162 0.811227

PART 24
OFFSET 18.062231 5.690914 -19.891324
SCALE 1.000000 1.000000 1.000000
X 0.452112 0.778320 -0.435675
Y -0.874136 0.289463 -0.389997
Z -0.177430 0.557162 0.811227

PART 25
OFFSET 21.307605 11.882741 -22.778962
SCALE 1.000000 1.000000 1.000000
X 0.957385 0.279148 -0.074102
Y 0.136072 -0.209650 0.968262
Z 0.254753 -0.937082 -0.238700

PART 26
OFFSET 22.056468 11.200611 -23.156428
SCALE 1.000000 1.000000 1.000000
X 0.830551 0.288399 0.476457
Y -0.423133 -0.229508 0.876519
Z 0.362138 -0.929598 -0.068587

PART 27
OFFSET 20.967996 8.377789 -23.488423
SCALE 1.000000 1.000000 1.000000
X 0.861015 0.315527 0.398869
Y -0.351082 -0.198678 0.915024
Z 0.367961 -0.927885 -0.060289

PART 28
OFFSET 20.410368 9.083064 -23.088491
SCALE 1.000000 1.000000 1.000000
X 0.888455 0.458826 0.011281
Y 0.236231 -0.478225 0.845870
Z 0.393502 -0.748852 -0.533270

PART 29
OFFSET 19.119020 9.512728 -22.151681
SCALE 1.000000 1.000000 1.000000
X 0.376764 0.921092 0.098177
Y -0.863250 0.387574 -0.323398
Z -0.335930 0.037093 0.941156

PART 30
OFFSET 20.538315 11.466220 -21.586638
SCALE 1.000000 1.000000 1.000000
X 0.838961 0.510530 0.188423
Y -0.179378 0.586329 -0.789963
Z -0.513778 0.628949 0.583485

PART 31
OFFSET 22.081397 9.677944 -21.826785
SCALE 1.000000 1.000000 1.000000
X 0.399053 -0.775434 -0.489346
Y -0.356977 0.360189 -0.861877
Z 0.844585 0.518619 -0.133077

PART 32
OFFSET 18.088938 0.501847 -17.528624
SCALE 1.000000 1.000000 1.000000
X -0.400446 -0.753464 0.521474
Y 0.866263 -0.125764 0.483499
Z -0.298717 0.645349 0.703060

PART 33
OFFSET 18.238278 -0.341423 -18.257315
SCALE 1.000000 1.000000 1.000000
X 0.389700 -0.651570 0.650839
Y 0.919655 0.312669 -0.237638
Z -0.048660 0.691155 0.721067

PART 34
OFFSET 16.602600 -2.806490 -17.210462
SCALE 1.000000 1.000000 1.000000
X -0.373304 -0.420024 0.827178
Y 0.922771 -0.076244 0.377731
Z -0.095589 0.904305 0.416048

PART 35
OFFSET 16.628985 -2.173061 -16.878106
SCALE 1.000000 1.000000 1.000000
X -0.474894 -0.481947 0.736344
Y 0.850236 -0.035346 0.525213
Z -0.227098 0.875487 0.426555

PART 36
OFFSET 15.632831 -1.511853 -15.990331
SCALE 1.000000 1.000000 1.000000
X 0.187879 -0.908745 0.372671
Y 0.373411 -0.284850 -0.882850
Z 0.908441 0.305029 0.285819

PART 37
OFFSET 14.030229 -4.657917 -12.859184
SCALE 1.000000 1.000000 1.000000
X -0.324326 -0.496652 0.805077
Y -0.899807 -0.100581 -0.424536
Z 0.291822 -0.862102 -0.414270

PART 38
OFFSET 19.272923 7.699733 -18.594606
SCALE 1.000000 1.000000 1.000000
X 0.452112 0.778320 -0.435675
Y -0.874136 0.289463 -0.389997
Z -0.177430 0.557162 0.811227

PART 39
OFFSET 22.965513 12.338618 -23.001242
SCALE 1.000000 1.000000 1.000000
X 0.830392 0.242208 0.501781
Y -0.415723 -0.330282 0.847401
Z 0.370977 -0.912277 -0.173572

PART 40
OFFSET 23.650376 11.769205 -22.150024
SCALE 1.000000 1.000000 1.000000
X -0.406671 -0.053872 0.911985
Y -0.908214 -0.084148 -0.409960
Z 0.098827 -0.994996 -0.014707

PART 41
OFFSET 22.922313 9.221759 -22.630403
SCALE 1.000000 1.000000 1.000000
X 0.246666 0.427260 0.869830
Y -0.951928 -0.061396 0.300105
Z 0.181627 -0.902042 0.391576

PART 42
OFFSET 22.784837 10.162500 -23.137661
SCALE 1.000000 1.000000 1.000000
X 0.492685 0.375164 0.785184
Y -0.823891 -0.089344 0.559662
Z 0.280117 -0.922643 0.265076

PART 43
OFFSET 19.849610 11.576473 -21.960016
SCALE 1.000000 1.000000 1.000000
X 0.783323 0.621610 -0.002456
Y -0.587275 0.738749 -0.330693
Z -0.203748 0.260482 0.943735

PART 44
OFFSET 18.776303 1.803673 -18.482562
SCALE 1.000000 1.000000 1.000000
X 0.439486 -0.723747 0.532017
Y 0.880590 0.464011 -0.096201
Z -0.177237 0.510767 0.841251

PART 45
OFFSET 17.429913 0.936213 -19.521274
SCALE 1.000000 1.000000 1.000000
X 0.997237 -0.006419 -0.074010
Y -0.061502 0.487466 -0.870974
Z 0.041668 0.873119 0.485724

PART 46
OFFSET 17.495023 -1.736100 -19.026991
SCALE 1.000000 1.000000 1.000000
X 0.377961 -0.601473 0.703829
Y 0.919025 0.151802 -0.363798
Z 0.111972 0.784338 0.610144

PART 47
OFFSET 17.892023 -1.043153 -18.860629
SCALE 1.000000 1.000000 1.000000
X 0.444403 -0.641280 0.625512
Y 0.872296 0.150783 -0.465150
Z 0.203975 0.752346 0.626395

PART 48
OFFSET 15.138873 0.500066 -16.756965
SCALE 1.000000 1.000000 1.000000
X -0.202005 -0.671324 0.713104
Y 0.479539 -0.702661 -0.525652
Z 0.853954 0.235777 0.463867

PART 49
OFFSET 23.828553 12.710734 -22.245860
SCALE 1.000000 1.000000 1.000000
X 0.345698 0.209691 0.914616
Y -0.771853 -0.490741 0.404248
Z 0.533607 -0.845697 -0.007797

PART 50
OFFSET 23.359351 11.701763 -20.838900
SCALE 1.000000 1.000000 1.000000
X -0.538714 -0.037497 0.841654
Y -0.842437 0.035082 -0.537652
Z -0.009366 -0.998681 -0.050488

PART 51
OFFSET 23.267902 9.837208 -21.376967
SCALE 1.000000 1.000000 1.000000
X -0.743803 0.301203 0.596685
Y -0.645012 -0.557529 -0.522609
Z 0.175258 -0.773588 0.608972

PART 52
OFFSET 23.628228 10.821449 -21.710538
SCALE 1.000000 1.000000 1.000000
X -0.801490 0.110694 0.587674
Y -0.556317 -0.498518 -0.664824
Z 0.219374 -0.859783 0.461138

PART 53
OFFSET 20.934350 12.696494 -21.963063
SCALE 1.000000 1.000000 1.000000
X 0.370477 0.925438 -0.079443
Y -0.818477 0.284824 -0.498970
Z -0.439139 0.249879 0.862970

PART 54
OFFSET 18.050332 2.600539 -19.001713
SCALE 1.000000 1.000000 1.000000
X 0.931176 -0.303563 0.201894
Y 0.362457 0.830403 -0.423149
Z -0.039200 0.467204 0.883280

PART 55
OFFSET 15.986774 0.850054 -19.287729
SCALE 1.000000 1.000000 1.000000
X 0.285366 0.490086 -0.823640
Y -0.957532 0.108830 -0.266999
Z -0.041216 0.864854 0.500329

PART 56
OFFSET 16.945147 -0.869680 -20.033977
SCALE 1.000000 1.000000 1.000000
X 0.946214 -0.311441 -0.087654
Y 0.181874 0.736073 -0.652011
Z 0.267583 0.601000 0.753126

PART 57
OFFSET 17.097526 0.073558 -19.944455
SCALE 1.000000 1.000000 1.000000
X 0.955861 -0.089853 -0.279744
Y -0.144915 0.684063 -0.714883
Z 0.255597 0.723868 0.640848

PART 58
OFFSET 15.614085 1.308261 -17.985560
SCALE 1.000000 1.000000 1.000000
X -0.563398 -0.109413 0.818909
Y 0.118134 -0.991676 -0.051222
Z 0.817696 0.067882 0.571634

PART 59
OFFSET 24.219054 12.947601 -21.212827
SCALE 1.000000 1.000000 1.000000
X 0.734634 0.136148 -0.664663
Y -0.628528 -0.232316 -0.742282
Z -0.255472 0.963064 -0.085094

PART 60
OFFSET 22.749745 11.652199 -19.885641
SCALE 1.000000 1.000000 1.000000
X 0.951498 0.074427 -0.298516
Y -0.297705 -0.022029 -0.954404
Z -0.077609 0.996983 0.001197

PART 61
OFFSET 22.716213 10.050611 -20.991674
SCALE 1.000000 1.000000 1.000000
X -0.689055 0.238889 0.684204
Y -0.663545 -0.587581 -0.463096
Z 0.291397 -0.773098 0.563389

PART 62
OFFSET 22.798376 11.045538 -20.796026
SCALE 1.000000 1.000000 1.000000
X -0.653375 -0.075941 0.753216
Y -0.659594 -0.431192 -0.615637
Z 0.371533 -0.899059 0.231640

PART 63
OFFSET 21.300945 13.713563 -22.017953
SCALE 1.000000 1.000000 1.000000
X 0.386861 0.581344 -0.715806
Y 0.364496 -0.809434 -0.460390
Z -0.847042 -0.082801 -0.525037

PART 64
OFFSET 16.998621 2.943452 -19.229743
SCALE 1.000000 1.000000 1.000000
X -0.641191 -0.518911 0.565337
Y -0.766247 0.472988 -0.434912
Z -0.041717 -0.712049 -0.700890

PART 65
OFFSET 15.663217 0.288957 -18.358596
SCALE 1.000000 1.000000 1.000000
X 0.395395 -0.504152 0.767785
Y -0.916986 -0.168505 0.361585
Z -0.052918 -0.847017 -0.528926

PART 66
OFFSET 16.102448 -0.592921 -19.954714
SCALE 1.000000 1.000000 1.000000
X 0.571850 0.368432 -0.732971
Y -0.687845 0.702239 -0.183659
Z 0.447055 0.609195 0.654999

PART 67
OFFSET 15.799238 0.129167 -19.468821
SCALE 1.000000 1.000000 1.000000
X 0.279200 0.605874 -0.744959
Y -0.934875 0.348629 -0.066839
Z 0.219218 0.715105 0.663754

PART 68
OFFSET 16.183956 1.440351 -18.896434
SCALE 1.000000 1.000000 1.000000
X -0.916783 -0.328764 0.226768
Y -0.331141 0.308285 -0.891799
Z 0.223283 -0.892678 -0.391497

PART 69
OFFSET 22.061594 10.277563 -20.341663
SCALE 1.000000 1.000000 1.000000
