// Export time: Tue Jun 14 06:52:31 2022

ANIMATION
VERSION 3

NUMPARTS 77
PART 0 "tag_torso"
PART 1 "j_shoulder_le"
PART 2 "j_shoulder_ri"
PART 3 "tag_weapon"
PART 4 "tag_weapon1"
PART 5 "j_elbow_le"
PART 6 "j_elbow_ri"
PART 7 "j_gun"
PART 8 "j_sleave_reshape_bottom_le_1"
PART 9 "j_sleave_reshape_bottom_le_2"
PART 10 "j_sleave_reshape_top_le_1"
PART 11 "j_sleave_reshape_top_le_2"
PART 12 "j_sleave_reshape_top_le_3"
PART 13 "j_wrist_le"
PART 14 "j_wristtwist_le"
PART 15 "j_sleave_reshape_top_ri_1"
PART 16 "j_sleave_reshape_top_ri_2"
PART 17 "j_sleave_reshape_top_ri_3"
PART 18 "j_wrist_ri"
PART 19 "j_wristtwist_ri"
PART 20 "tag_bolt_animate"
PART 21 "tag_brass"
PART 22 "tag_clip"
PART 23 "tag_flash"
PART 24 "tag_mag_release_animate"
PART 25 "j_index_le_0"
PART 26 "j_mid_le_0"
PART 27 "j_pinkypalm_le"
PART 28 "j_ringpalm_le"
PART 29 "j_thumb_le_0"
PART 30 "j_webbing_le"
PART 31 "tag_knife_attach"
PART 32 "j_index_ri_0"
PART 33 "j_mid_ri_0"
PART 34 "j_pinkypalm_ri"
PART 35 "j_ringpalm_ri"
PART 36 "j_thumb_ri_0"
PART 37 "j_webbing_ri"
PART 38 "tag_bullet_animate"
PART 39 "j_index_le_1"
PART 40 "j_mid_le_1"
PART 41 "j_pinky_le_0"
PART 42 "j_ring_le_0"
PART 43 "j_thumb_le_1"
PART 44 "j_index_ri_1"
PART 45 "j_mid_ri_1"
PART 46 "j_pinky_ri_0"
PART 47 "j_ring_ri_0"
PART 48 "j_thumb_ri_1"
PART 49 "j_index_le_2"
PART 50 "j_mid_le_2"
PART 51 "j_pinky_le_1"
PART 52 "j_ring_le_1"
PART 53 "j_thumb_le_2"
PART 54 "j_index_ri_2"
PART 55 "j_mid_ri_2"
PART 56 "j_pinky_ri_1"
PART 57 "j_ring_ri_1"
PART 58 "j_thumb_ri_2"
PART 59 "j_index_le_3"
PART 60 "j_mid_le_3"
PART 61 "j_pinky_le_2"
PART 62 "j_ring_le_2"
PART 63 "j_thumb_le_3"
PART 64 "j_index_ri_3"
PART 65 "j_mid_ri_3"
PART 66 "j_pinky_ri_2"
PART 67 "j_ring_ri_2"
PART 68 "j_thumb_ri_3"
PART 69 "j_pinky_le_3"
PART 70 "j_ring_le_3"
PART 71 "j_pinky_ri_3"
PART 72 "j_ring_ri_3"
PART 73 "tag_cambone"
PART 74 "tag_camera"
PART 75 "tag_gasmask"
PART 76 "tag_gasmask2"

FRAMERATE 30
NUMFRAMES 26
FRAME 0
PART 0
OFFSET 0.000000 0.000000 0.000000
SCALE 1.000000 1.000000 1.000000
X 1.000000 0.000000 0.000000
Y 0.000000 1.000000 0.000000
Z 0.000000 0.000000 1.000000

PART 1
OFFSET 5.952330 4.944820 -8.765780
SCALE 1.000000 1.000000 1.000000
X 0.966010 -0.077975 -0.246465
Y -0.074600 -0.996948 0.023019
Z -0.247508 -0.003851 -0.968878

PART 2
OFFSET -6.828609 -7.077063 2.364876
SCALE 1.000000 1.000000 1.000000
X -0.651452 -0.017901 0.758479
Y -0.197345 -0.961311 -0.192187
Z 0.732574 -0.274883 0.622715

PART 3
OFFSET 16.987955 -3.092871 -3.896577
SCALE 1.000000 1.000000 1.000000
X 1.000000 0.000000 0.000000
Y 0.000000 1.000000 0.000000
Z 0.000000 0.000000 1.000000

PART 4
OFFSET 13.908927 18.076323 -17.331985
SCALE 1.000000 1.000000 1.000000
X 0.998737 0.041892 -0.027740
Y 0.021387 0.145113 0.989184
Z 0.045465 -0.988528 0.144033

PART 5
OFFSET 17.576759 3.965782 -11.697719
SCALE 1.000000 1.000000 1.000000
X 0.652796 -0.464730 0.598233
Y -0.735305 -0.198823 0.647917
Z -0.182164 -0.862841 -0.471509

PART 6
OFFSET 1.042911 -6.846569 -6.766216
SCALE 1.000000 1.000000 1.000000
X -0.960279 -0.223886 -0.166552
Y 0.195530 -0.114053 -0.974043
Z 0.199079 -0.967919 0.153299

PART 7
OFFSET 16.987955 -3.092871 -3.896577
SCALE 1.000000 1.000000 1.000000
X 1.000000 0.000000 0.000000
Y 0.000000 1.000000 0.000000
Z 0.000000 0.000000 1.000000

PART 8
OFFSET 24.980848 0.347651 -6.035306
SCALE 1.000000 1.000000 1.000000
X 0.657671 -0.461186 0.595631
Y 0.190858 0.866904 0.460489
Z -0.728726 -0.189169 0.658159

PART 9
OFFSET 24.581282 -0.838762 -7.160665
SCALE 1.000000 1.000000 1.000000
X 0.657671 -0.461186 0.595631
Y 0.190858 0.866904 0.460489
Z -0.728726 -0.189169 0.658159

PART 10
OFFSET 23.436194 -0.496487 -4.128041
SCALE 1.000000 1.000000 1.000000
X 0.657671 -0.461186 0.595631
Y 0.190858 0.866904 0.460489
Z -0.728726 -0.189169 0.658159

PART 11
OFFSET 22.971156 -1.636186 -4.672398
SCALE 1.000000 1.000000 1.000000
X 0.657671 -0.461186 0.595631
Y 0.190858 0.866904 0.460489
Z -0.728726 -0.189169 0.658159

PART 12
OFFSET 23.315483 -1.790071 -5.809695
SCALE 1.000000 1.000000 1.000000
X 0.657671 -0.461186 0.595631
Y 0.190858 0.866904 0.460489
Z -0.728726 -0.189169 0.658159

PART 13
OFFSET 25.308155 -1.240798 -4.907224
SCALE 1.000000 1.000000 1.000000
X 0.863400 -0.364545 0.348780
Y -0.103927 0.547975 0.830014
Z -0.493700 -0.752882 0.435235

PART 14
OFFSET 23.262169 0.321072 -6.460146
SCALE 1.000000 1.000000 1.000000
X 0.715760 -0.496143 0.491457
Y 0.153926 0.798520 0.581955
Z -0.681171 -0.340892 0.647918

PART 15
OFFSET 10.922405 -5.104006 -3.464296
SCALE 1.000000 1.000000 1.000000
X -0.961968 -0.220568 -0.161145
Y -0.199169 0.970079 -0.138847
Z 0.186948 -0.101471 -0.977115

PART 16
OFFSET 10.520859 -3.819418 -3.473714
SCALE 1.000000 1.000000 1.000000
X -0.961968 -0.220568 -0.161145
Y -0.199169 0.970079 -0.138847
Z 0.186948 -0.101471 -0.977115

PART 17
OFFSET 10.218949 -3.427971 -4.565198
SCALE 1.000000 1.000000 1.000000
X -0.961968 -0.220568 -0.161145
Y -0.199169 0.970079 -0.138847
Z 0.186948 -0.101471 -0.977115

PART 18
OFFSET 12.175379 -4.192364 -4.776156
SCALE 1.000000 1.000000 1.000000
X -0.981350 0.043994 0.187128
Y -0.192047 -0.266825 -0.944416
Z 0.008382 -0.962740 0.270298

PART 19
OFFSET 9.234161 -5.026773 -5.297639
SCALE 1.000000 1.000000 1.000000
X -0.966758 -0.219990 -0.130322
Y 0.072432 0.253184 -0.964703
Z 0.245220 -0.942074 -0.228833

PART 20
OFFSET 21.098426 -1.699315 -0.703237
SCALE 1.000000 1.000000 1.000000
X 1.000000 0.000000 0.000000
Y 0.000000 1.000000 0.000000
Z 0.000000 0.000000 1.000000

PART 21
OFFSET 22.185979 -3.758208 -1.118120
SCALE 1.000000 1.000000 1.000000
X 0.000000 -0.819097 0.573655
Y 1.000000 0.000000 0.000000
Z -0.000000 0.573655 0.819097

PART 22
OFFSET 22.739149 -3.077859 -2.155060
SCALE 1.000000 1.000000 1.000000
X 1.000000 0.000000 0.000000
Y 0.000000 1.000000 0.000000
Z 0.000000 0.000000 1.000000

PART 23
OFFSET 41.504163 -3.092871 -2.013952
SCALE 1.000000 1.000000 1.000000
X 1.000000 0.000000 0.000000
Y 0.000000 1.000000 0.000000
Z 0.000000 0.000000 1.000000

PART 24
OFFSET 21.193225 -2.095314 -3.689632
SCALE 1.000000 1.000000 1.000000
X 1.000000 0.000000 0.000000
Y 0.000000 1.000000 0.000000
Z 0.000000 0.000000 1.000000

PART 25
OFFSET 28.731833 -1.983872 -3.152301
SCALE 1.000000 1.000000 1.000000
X 0.683164 -0.726484 -0.074211
Y -0.523047 -0.557695 0.644514
Z -0.509617 -0.401493 -0.760982

PART 26
OFFSET 28.704824 -2.688869 -3.971334
SCALE 1.000000 1.000000 1.000000
X 0.393166 -0.827872 0.400062
Y -0.751909 -0.039065 0.658108
Z -0.529201 -0.559556 -0.637844

PART 27
OFFSET 26.160337 -2.427924 -5.620837
SCALE 1.000000 1.000000 1.000000
X 0.461859 -0.816336 0.346816
Y -0.712037 -0.108105 0.693770
Z -0.528857 -0.567370 -0.631190

PART 28
OFFSET 26.282201 -1.892050 -4.804570
SCALE 1.000000 1.000000 1.000000
X 0.754531 -0.647417 0.107396
Y -0.633306 -0.675412 0.377813
Z -0.172066 -0.353086 -0.919632

PART 29
OFFSET 25.623490 -1.004711 -3.576348
SCALE 1.000000 1.000000 1.000000
X 0.844474 -0.100052 0.526168
Y 0.051217 0.992980 0.106616
Z -0.533141 -0.063085 0.843671

PART 30
OFFSET 27.540119 -1.898080 -2.280884
SCALE 1.000000 1.000000 1.000000
X 0.695197 -0.658305 0.288678
Y 0.718815 0.635307 -0.282293
Z 0.002436 0.403756 0.914864

PART 31
OFFSET 26.952658 -3.671763 -3.745685
SCALE 1.000000 1.000000 1.000000
X -0.209356 -0.382799 -0.899797
Y 0.493749 0.752883 -0.435178
Z 0.844027 -0.535381 0.031386

PART 32
OFFSET 16.143692 -4.528358 -4.686140
SCALE 1.000000 1.000000 1.000000
X -0.994641 -0.072028 0.074175
Y 0.083698 -0.982116 0.168649
Z 0.060701 0.173954 0.982881

PART 33
OFFSET 15.872540 -4.619168 -5.773626
SCALE 1.000000 1.000000 1.000000
X -0.614026 -0.783441 0.095875
Y 0.763081 -0.620284 -0.181536
Z 0.201692 -0.038307 0.978700

PART 34
OFFSET 12.758157 -4.313145 -6.008054
SCALE 1.000000 1.000000 1.000000
X -0.856060 -0.118265 0.503164
Y 0.193848 -0.975877 0.100431
Z 0.479149 0.183512 0.858335

PART 35
OFFSET 13.118212 -4.282140 -5.390161
SCALE 1.000000 1.000000 1.000000
X -0.910665 -0.012039 0.412970
Y 0.128627 -0.958158 0.255711
Z 0.392612 0.285986 0.874110

PART 36
OFFSET 12.795091 -3.566165 -4.125003
SCALE 1.000000 1.000000 1.000000
X -0.784334 -0.573148 -0.237322
Y 0.331911 -0.064529 -0.941101
Z 0.524076 -0.816907 0.240846

PART 37
OFFSET 8.258045 -4.299673 -3.053870
SCALE 1.000000 1.000000 1.000000
X -0.883884 -0.174698 0.433854
Y -0.300676 0.922777 -0.240992
Z -0.358250 -0.343458 -0.868155

PART 38
OFFSET 22.739149 -3.077859 -1.733276
SCALE 1.000000 1.000000 1.000000
X 1.000000 0.000000 0.000000
Y 0.000000 1.000000 0.000000
Z 0.000000 0.000000 1.000000

PART 39
OFFSET 29.934370 -3.213245 -3.372366
SCALE 1.000000 1.000000 1.000000
X 0.346140 -0.851039 0.394868
Y -0.814254 -0.063446 0.577031
Z -0.466023 -0.521256 -0.714923

PART 40
OFFSET 29.431041 -4.309168 -3.120490
SCALE 1.000000 1.000000 1.000000
X -0.623265 -0.016288 0.781841
Y -0.298407 0.929085 -0.218527
Z -0.722838 -0.369507 -0.583926

PART 41
OFFSET 27.328685 -4.225238 -4.800815
SCALE 1.000000 1.000000 1.000000
X 0.065358 -0.430985 0.899989
Y -0.609699 0.696734 0.377928
Z -0.789934 -0.573423 -0.217234

PART 42
OFFSET 28.219072 -3.633994 -4.663707
SCALE 1.000000 1.000000 1.000000
X 0.173169 -0.628000 0.758702
Y -0.686458 0.475437 0.550213
Z -0.706249 -0.616097 -0.348765

PART 43
OFFSET 27.476438 -1.118609 -2.400287
SCALE 1.000000 1.000000 1.000000
X 0.839514 -0.502938 0.205597
Y 0.452609 0.856676 0.247490
Z -0.300602 -0.114717 0.946826

PART 44
OFFSET 17.883228 -4.379301 -4.856473
SCALE 1.000000 1.000000 1.000000
X -0.595893 -0.801536 -0.049521
Y 0.801558 -0.597418 0.024412
Z -0.049152 -0.025148 0.998475

PART 45
OFFSET 17.051211 -3.049084 -5.943856
SCALE 1.000000 1.000000 1.000000
X 0.478665 -0.844464 -0.240334
Y 0.730772 0.534913 -0.424077
Z 0.486675 0.027362 0.873154

PART 46
OFFSET 14.786139 -4.073978 -7.043429
SCALE 1.000000 1.000000 1.000000
X -0.603461 -0.779307 0.168865
Y 0.692558 -0.617198 -0.373404
Z 0.395220 -0.108386 0.912170

PART 47
OFFSET 15.432563 -4.284768 -6.592699
SCALE 1.000000 1.000000 1.000000
X -0.570227 -0.818381 0.071368
Y 0.714773 -0.537096 -0.447915
Z 0.404897 -0.204401 0.891223

PART 48
OFFSET 14.470808 -2.251877 -3.538360
SCALE 1.000000 1.000000 1.000000
X -0.924364 -0.296375 0.240235
Y -0.100706 -0.417809 -0.902937
Z 0.367980 -0.858835 0.356360

PART 49
OFFSET 30.285934 -4.154074 -2.705168
SCALE 1.000000 1.000000 1.000000
X -0.078506 -0.598145 0.797533
Y -0.907463 0.374086 0.191235
Z -0.412732 -0.708719 -0.572163

PART 50
OFFSET 28.675811 -4.586222 -2.042915
SCALE 1.000000 1.000000 1.000000
X -0.639724 0.131283 0.757310
Y -0.120260 0.956072 -0.267327
Z -0.759138 -0.262090 -0.595834

PART 51
OFFSET 27.418216 -4.837748 -3.502301
SCALE 1.000000 1.000000 1.000000
X -0.362473 0.504411 0.783698
Y -0.498363 0.605666 -0.620325
Z -0.787558 -0.615417 0.031843

PART 52
OFFSET 28.492373 -4.736564 -3.288272
SCALE 1.000000 1.000000 1.000000
X -0.532894 0.503014 0.680441
Y -0.350363 0.600800 -0.718530
Z -0.770240 -0.621302 -0.143925

PART 53
OFFSET 28.840493 -1.739943 -1.970836
SCALE 1.000000 1.000000 1.000000
X 0.922347 -0.023968 0.385618
Y 0.068020 0.992558 -0.101002
Z -0.380327 0.119389 0.917114

PART 54
OFFSET 18.400730 -3.311221 -4.704988
SCALE 1.000000 1.000000 1.000000
X 0.097389 -0.980553 -0.170385
Y 0.994486 0.089185 0.055174
Z -0.038905 -0.174819 0.983832

PART 55
OFFSET 16.229188 -1.904034 -5.546662
SCALE 1.000000 1.000000 1.000000
X 0.869221 0.214082 -0.445672
Y -0.232484 0.972503 0.013723
Z 0.436355 0.091683 0.895091

PART 56
OFFSET 15.649967 -2.949335 -7.280136
SCALE 1.000000 1.000000 1.000000
X 0.224151 -0.883034 -0.412319
Y 0.939029 0.308889 -0.151037
Z 0.260732 -0.353324 0.898433

PART 57
OFFSET 16.413838 -2.843752 -6.708927
SCALE 1.000000 1.000000 1.000000
X 0.484613 -0.752246 -0.446404
Y 0.778005 0.603937 -0.173113
Z 0.399823 -0.263412 0.877927

PART 58
OFFSET 15.849857 -1.953461 -4.168934
SCALE 1.000000 1.000000 1.000000
X -0.696831 0.141149 0.703209
Y -0.695810 -0.370888 -0.615054
Z 0.173997 -0.917888 0.356659

PART 59
OFFSET 30.197306 -4.829694 -1.804370
SCALE 1.000000 1.000000 1.000000
X 0.728150 -0.342880 -0.593491
Y -0.142270 0.771416 -0.620223
Z 0.670491 0.536051 0.512925

PART 60
OFFSET 27.945985 -4.440065 -1.189235
SCALE 1.000000 1.000000 1.000000
X 0.618960 -0.693200 -0.369274
Y 0.263575 0.626219 -0.733743
Z 0.739877 0.356826 0.570314

PART 61
OFFSET 27.166518 -4.444171 -2.973063
SCALE 1.000000 1.000000 1.000000
X -0.424254 0.404326 0.810265
Y -0.556029 0.589923 -0.585511
Z -0.714731 -0.698936 -0.025460

PART 62
OFFSET 27.892526 -4.303422 -2.274479
SCALE 1.000000 1.000000 1.000000
X -0.683057 0.254802 0.684477
Y -0.366197 0.691382 -0.622809
Z -0.631928 -0.676068 -0.378946

PART 63
OFFSET 29.821671 -1.743498 -1.513550
SCALE 1.000000 1.000000 1.000000
X 0.939183 0.110195 -0.325258
Y -0.264068 -0.373781 -0.889132
Z -0.219553 0.920948 -0.321950

PART 64
OFFSET 18.290778 -2.203724 -4.512519
SCALE 1.000000 1.000000 1.000000
X -0.940218 0.189273 0.283135
Y 0.210580 0.976469 0.046520
Z -0.267667 0.103362 -0.957951

PART 65
OFFSET 15.241481 -2.146493 -5.048208
SCALE 1.000000 1.000000 1.000000
X -0.547678 -0.791283 0.271883
Y -0.703684 0.611411 0.361946
Z -0.452634 0.006910 -0.891670

PART 66
OFFSET 15.449346 -2.163550 -6.912291
SCALE 1.000000 1.000000 1.000000
X 0.864766 -0.106963 -0.490652
Y 0.315038 0.876424 0.364187
Z 0.391064 -0.469510 0.791599

PART 67
OFFSET 15.662255 -1.878616 -6.062001
SCALE 1.000000 1.000000 1.000000
X 0.922254 0.222359 -0.316234
Y -0.122816 0.944169 0.305715
Z 0.366557 -0.243108 0.898073

PART 68
OFFSET 16.607317 -2.057812 -4.935262
SCALE 1.000000 1.000000 1.000000
X -0.769570 0.617347 0.163235
Y 0.478382 0.726698 -0.493012
Z -0.422982 -0.301318 -0.854572

PART 69
OFFSET 26.763467 -4.060051 -2.203291
SCALE 1.000000 1.000000 1.000000
X 0.777550 -0.577646 -0.248476
Y -0.236795 0.097085 -0.966697
Z 0.582532 0.810493 -0.061295

PART 70
OFFSET 27.151786 -4.027129 -1.532171
SCALE 1.000000 1.000000 1.000000
X 0.734639 -0.639914 -0.225424
Y 0.118098 0.447799 -0.886301
Z 0.668101 0.624489 0.404543

PART 71
OFFSET 14.627783 -2.061926 -6.446167
SCALE 1.000000 1.000000 1.000000
X -0.916038 -0.399865 0.031347
Y -0.269421 0.671335 0.690451
Z -0.297131 0.624033 -0.722700

PART 72
OFFSET 14.662048 -2.119726 -5.718999
SCALE 1.000000 1.000000 1.000000
X -0.665605 -0.734396 0.132790
Y -0.644377 0.655291 0.394172
Z -0.376494 0.176796 -0.909393

PART 73
OFFSET 0.000000 0.000000 0.000000
SCALE 1.000000 1.000000 1.000000
X 1.000000 0.000000 0.000000
Y 0.000000 1.000000 0.000000
Z 0.000000 0.000000 1.000000

PART 74
OFFSET 0.000000 0.000000 0.000000
SCALE 1.000000 1.000000 1.000000
X 1.000000 0.000000 0.000000
Y 0.000000 1.000000 0.000000
Z 0.000000 0.000000 1.000000

PART 75
OFFSET 1.540551 0.000000 4.135826
SCALE 1.000000 1.000000 1.000000
X 1.000000 0.000000 0.000000
Y 0.000000 1.000000 0.000000
Z 0.000000 0.000000 1.000000

PART 76
OFFSET -4.631835 0.000000 -1.376957
SCALE 1.000000 1.000000 1.000000
X 1.000000 0.000000 0.000000
Y 0.000000 1.000000 0.000000
Z 0.000000 0.000000 1.000000

FRAME 1
PART 0
OFFSET 0.000000 0.000000 0.000000
SCALE 1.000000 1.000000 1.000000
X 1.000000 0.000000 0.000000
Y 0.000000 1.000000 0.000000
Z 0.000000 0.000000 1.000000

PART 1
OFFSET 5.935801 4.969447 -8.767661
SCALE 1.000000 1.000000 1.000000
X 0.965505 -0.081383 -0.247339
Y -0.075198 -0.996576 0.034367
Z -0.249289 -0.014582 -0.968319

PART 2
OFFSET -6.781743 -7.083102 2.320008
SCALE 1.000000 1.000000 1.000000
X -0.649853 -0.017526 0.759858
Y -0.195530 -0.962232 -0.189416
Z 0.734479 -0.271668 0.621882

PART 3
OFFSET 16.983258 -3.027416 -3.886390
SCALE 1.000000 1.000000 1.000000
X 0.999995 0.000867 0.003170
Y -0.000842 0.999967 -0.008027
Z -0.003177 0.008025 0.999963

PART 4
OFFSET 13.908927 18.076323 -17.331985
SCALE 1.000000 1.000000 1.000000
X 0.998737 0.041892 -0.027740
Y 0.021387 0.145113 0.989184
Z 0.045465 -0.988528 0.144033

PART 5
OFFSET 17.550560 3.947426 -11.706326
SCALE 1.000000 1.000000 1.000000
X 0.655572 -0.457448 0.600805
Y -0.732610 -0.192424 0.652882
Z -0.183050 -0.868167 -0.461279

PART 6
OFFSET 1.073008 -6.864731 -6.848128
SCALE 1.000000 1.000000 1.000000
X -0.957628 -0.229768 -0.173656
Y 0.203405 -0.112683 -0.972589
Z 0.203901 -0.966700 0.154644

PART 7
OFFSET 16.983258 -3.027416 -3.886390
SCALE 1.000000 1.000000 1.000000
X 0.999995 0.000867 0.003170
Y -0.000842 0.999967 -0.008027
Z -0.003177 0.008025 0.999963

PART 8
OFFSET 24.980085 0.399424 -6.032864
SCALE 1.000000 1.000000 1.000000
X 0.660433 -0.453927 0.598145
Y 0.191699 0.872117 0.450181
Z -0.726002 -0.182651 0.662993

PART 9
OFFSET 24.577477 -0.799719 -7.143552
SCALE 1.000000 1.000000 1.000000
X 0.660433 -0.453927 0.598145
Y 0.191699 0.872117 0.450181
Z -0.726002 -0.182651 0.662993

PART 10
OFFSET 23.443634 -0.425228 -4.110510
SCALE 1.000000 1.000000 1.000000
X 0.660433 -0.453927 0.598145
Y 0.191699 0.872117 0.450181
Z -0.726002 -0.182651 0.662993

PART 11
OFFSET 22.977726 -1.571327 -4.640497
SCALE 1.000000 1.000000 1.000000
X 0.660433 -0.453927 0.598145
Y 0.191699 0.872117 0.450181
Z -0.726002 -0.182651 0.662993

PART 12
OFFSET 23.317863 -1.737378 -5.777343
SCALE 1.000000 1.000000 1.000000
X 0.660433 -0.453927 0.598145
Y 0.191699 0.872117 0.450181
Z -0.726002 -0.182651 0.662993

PART 13
OFFSET 25.313764 -1.175987 -4.888730
SCALE 1.000000 1.000000 1.000000
X 0.862818 -0.360896 0.353978
Y -0.106794 0.554297 0.825439
Z -0.494106 -0.750006 0.439716

PART 14
OFFSET 23.258734 0.365430 -6.450449
SCALE 1.000000 1.000000 1.000000
X 0.718176 -0.489599 0.494486
Y 0.151216 0.803434 0.575871
Z -0.679232 -0.338803 0.651042

PART 15
OFFSET 10.916968 -5.061919 -3.473234
SCALE 1.000000 1.000000 1.000000
X -0.959377 -0.226461 -0.168261
Y -0.204111 0.968858 -0.140192
Z 0.194769 -0.100153 -0.975722

PART 16
OFFSET 10.507598 -3.779826 -3.485455
SCALE 1.000000 1.000000 1.000000
X -0.959377 -0.226461 -0.168261
Y -0.204111 0.968858 -0.140192
Z 0.194769 -0.100153 -0.975722

PART 17
OFFSET 10.211339 -3.390062 -4.579087
SCALE 1.000000 1.000000 1.000000
X -0.959377 -0.226461 -0.168261
Y -0.204111 0.968858 -0.140192
Z 0.194769 -0.100153 -0.975722

PART 18
OFFSET 12.174431 -4.138340 -4.773199
SCALE 1.000000 1.000000 1.000000
X -0.981957 0.044562 0.183781
Y -0.188924 -0.273869 -0.943029
Z 0.008308 -0.960734 0.277346

PART 19
OFFSET 9.241491 -4.993532 -5.319414
SCALE 1.000000 1.000000 1.000000
X -0.964336 -0.225882 -0.137963
Y 0.079762 0.249007 -0.965212
Z 0.252378 -0.941792 -0.222109

PART 20
OFFSET 21.082388 -1.604715 -0.691324
SCALE 1.000000 1.000000 1.000000
X 0.999995 0.000867 0.003170
Y -0.000842 0.999967 -0.008027
Z -0.003177 0.008025 0.999963

PART 21
OFFSET 22.172985 -3.665927 -1.086216
SCALE 1.000000 1.000000 1.000000
X -0.001133 -0.814467 0.580208
Y 0.999995 0.000867 0.003170
Z -0.003085 0.580209 0.814462

PART 22
OFFSET 22.728874 -2.993442 -2.126824
SCALE 1.000000 1.000000 1.000000
X 0.999995 0.000867 0.003170
Y -0.000842 0.999967 -0.008027
Z -0.003177 0.008025 0.999963

PART 23
OFFSET 41.493351 -2.991048 -1.926110
SCALE 1.000000 1.000000 1.000000
X 0.999995 0.000867 0.003170
Y -0.000842 0.999967 -0.008027
Z -0.003177 0.008025 0.999963

PART 24
OFFSET 21.187007 -2.024584 -3.674128
SCALE 1.000000 1.000000 1.000000
X 0.999995 0.000867 0.003170
Y -0.000842 0.999967 -0.008027
Z -0.003177 0.008025 0.999963

PART 25
OFFSET 28.733367 -1.901720 -3.118671
SCALE 1.000000 1.000000 1.000000
X 0.684131 -0.726305 -0.066680
Y -0.524236 -0.553230 0.647390
Z -0.507092 -0.407943 -0.759236

PART 26
OFFSET 28.709360 -2.613090 -3.932269
SCALE 1.000000 1.000000 1.000000
X 0.392932 -0.824315 0.407565
Y -0.753680 -0.034757 0.656322
Z -0.526850 -0.565064 -0.634927

PART 27
OFFSET 26.169166 -2.367701 -5.590734
SCALE 1.000000 1.000000 1.000000
X 0.461754 -0.813125 0.354415
Y -0.713843 -0.103485 0.692617
Z -0.526508 -0.572816 -0.628229

PART 28
OFFSET 26.288208 -1.825374 -4.778336
SCALE 1.000000 1.000000 1.000000
X 0.754913 -0.645752 0.114501
Y -0.633634 -0.673135 0.381309
Z -0.169156 -0.360407 -0.917329

PART 29
OFFSET 25.625177 -0.929224 -3.558867
SCALE 1.000000 1.000000 1.000000
X 0.843124 -0.095052 0.529251
Y 0.049878 0.993833 0.099032
Z -0.535400 -0.057099 0.842666

PART 30
OFFSET 27.539163 -1.810438 -2.251229
SCALE 1.000000 1.000000 1.000000
X 0.695091 -0.655294 0.295699
Y 0.718922 0.633866 -0.285246
Z -0.000513 0.410857 0.911700

PART 31
OFFSET 26.957613 -3.596082 -3.703804
SCALE 1.000000 1.000000 1.000000
X -0.206469 -0.390005 -0.897366
Y 0.494155 0.750007 -0.439658
Z 0.844500 -0.534214 0.037870

PART 32
OFFSET 16.142713 -4.470446 -4.668521
SCALE 1.000000 1.000000 1.000000
X -0.994807 -0.072292 0.071638
Y 0.083953 -0.980790 0.176074
Z 0.057533 0.181174 0.981767

PART 33
OFFSET 15.874987 -4.569412 -5.756143
SCALE 1.000000 1.000000 1.000000
X -0.613700 -0.783219 0.099704
Y 0.764127 -0.620973 -0.174652
Z 0.198704 -0.030998 0.979569

PART 34
OFFSET 12.761100 -4.267638 -6.002383
SCALE 1.000000 1.000000 1.000000
X -0.857514 -0.115283 0.501378
Y 0.194308 -0.974960 0.108151
Z 0.476356 0.190163 0.858442

PART 35
OFFSET 13.119224 -4.231830 -5.383627
SCALE 1.000000 1.000000 1.000000
X -0.911924 -0.009762 0.410243
Y 0.128593 -0.956161 0.263097
Z 0.389690 0.292679 0.873201

PART 36
OFFSET 12.791639 -3.506900 -4.124732
SCALE 1.000000 1.000000 1.000000
X -0.783146 -0.575502 -0.235543
Y 0.334862 -0.071128 -0.939579
Z 0.523976 -0.814701 0.248417

PART 37
OFFSET 8.251892 -4.236253 -3.062237
SCALE 1.000000 1.000000 1.000000
X -0.885079 -0.172243 0.432397
Y -0.300660 0.920748 -0.248649
Z -0.355300 -0.350078 -0.866722

PART 38
OFFSET 22.727534 -2.990057 -1.705056
SCALE 1.000000 1.000000 1.000000
X 0.999995 0.000867 0.003170
Y -0.000842 0.999967 -0.008027
Z -0.003177 0.008025 0.999963

PART 39
OFFSET 29.937800 -3.131474 -3.325862
SCALE 1.000000 1.000000 1.000000
X 0.345945 -0.847571 0.402423
Y -0.815776 -0.059834 0.575265
Z -0.463500 -0.527297 -0.712127

PART 40
OFFSET 29.434932 -4.225947 -3.066859
SCALE 1.000000 1.000000 1.000000
X -0.625401 -0.010881 0.780227
Y -0.298781 0.927038 -0.226563
Z -0.720835 -0.374810 -0.583022

PART 41
OFFSET 27.337125 -4.157346 -4.753564
SCALE 1.000000 1.000000 1.000000
X 0.063315 -0.423922 0.903483
Y -0.611477 0.698989 0.370823
Z -0.788725 -0.575938 -0.214961

PART 42
OFFSET 28.226515 -3.564089 -4.618605
SCALE 1.000000 1.000000 1.000000
X 0.171736 -0.621898 0.764035
Y -0.688474 0.478962 0.544610
Z -0.704635 -0.619547 -0.345905

PART 43
OFFSET 27.474992 -1.031987 -2.376864
SCALE 1.000000 1.000000 1.000000
X 0.839472 -0.500424 0.211811
Y 0.451025 0.859059 0.242062
Z -0.303091 -0.107672 0.946859

PART 44
OFFSET 17.882647 -4.321223 -4.834584
SCALE 1.000000 1.000000 1.000000
X -0.595104 -0.802359 -0.045500
Y 0.801951 -0.596573 0.031240
Z -0.052210 -0.017897 0.998476

PART 45
OFFSET 17.052937 -2.999657 -5.934207
SCALE 1.000000 1.000000 1.000000
X 0.480070 -0.845807 -0.232687
Y 0.731653 0.532396 -0.425721
Z 0.483959 0.034130 0.874425

PART 46
OFFSET 14.792075 -4.034390 -7.033231
SCALE 1.000000 1.000000 1.000000
X -0.603363 -0.778543 0.172694
Y 0.694193 -0.619345 -0.366754
Z 0.392491 -0.101403 0.914149

PART 47
OFFSET 15.437273 -4.241361 -6.578987
SCALE 1.000000 1.000000 1.000000
X -0.569799 -0.818301 0.075588
Y 0.716574 -0.539772 -0.441779
Z 0.402308 -0.197560 0.893934

PART 48
OFFSET 14.464501 -2.187005 -3.542549
SCALE 1.000000 1.000000 1.000000
X -0.924866 -0.295364 0.239547
Y -0.097592 -0.424471 -0.900167
Z 0.367558 -0.855911 0.363754

PART 49
OFFSET 30.288512 -4.066710 -2.650404
SCALE 1.000000 1.000000 1.000000
X -0.080077 -0.592012 0.801941
Y -0.908380 0.374586 0.185824
Z -0.410406 -0.713587 -0.567768

PART 50
OFFSET 28.677025 -4.495429 -1.989245
SCALE 1.000000 1.000000 1.000000
X -0.641948 0.136477 0.754504
Y -0.120529 0.953836 -0.275081
Z -0.757215 -0.267527 -0.595864

PART 51
OFFSET 27.423698 -4.759670 -3.450095
SCALE 1.000000 1.000000 1.000000
X -0.365175 0.510085 0.778756
Y -0.497278 0.600301 -0.626381
Z -0.786996 -0.615996 0.034439

PART 52
OFFSET 28.497180 -4.655641 -3.233893
SCALE 1.000000 1.000000 1.000000
X -0.535299 0.507715 0.675041
Y -0.349012 0.594820 -0.724141
Z -0.769185 -0.623229 -0.141208

PART 53
OFFSET 28.838510 -1.648500 -1.938844
SCALE 1.000000 1.000000 1.000000
X 0.921305 -0.019980 0.388327
Y 0.067256 0.991815 -0.108533
Z -0.382980 0.126109 0.915108

PART 54
OFFSET 18.398836 -3.251646 -4.689312
SCALE 1.000000 1.000000 1.000000
X 0.098688 -0.981692 -0.162918
Y 0.994240 0.090394 0.057581
Z -0.041800 -0.167662 0.984958

PART 55
OFFSET 16.228789 -1.852405 -5.547917
SCALE 1.000000 1.000000 1.000000
X 0.870422 0.211529 -0.444547
Y -0.233292 0.972389 0.005906
Z 0.433522 0.098569 0.895736

PART 56
OFFSET 15.655741 -2.910804 -7.275486
SCALE 1.000000 1.000000 1.000000
X 0.226119 -0.885839 -0.405167
Y 0.939246 0.308541 -0.150399
Z 0.258239 -0.346543 0.901787

PART 57
OFFSET 16.417764 -2.800442 -6.702717
SCALE 1.000000 1.000000 1.000000
X 0.486567 -0.755103 -0.439400
Y 0.778067 0.603275 -0.175132
Z 0.397321 -0.256670 0.881054

PART 58
OFFSET 15.845252 -1.892080 -4.171040
SCALE 1.000000 1.000000 1.000000
X -0.699107 0.145713 0.700012
Y -0.693617 -0.375933 -0.614467
Z 0.173622 -0.915119 0.363887

PART 59
OFFSET 30.198110 -4.735403 -1.744627
SCALE 1.000000 1.000000 1.000000
X 0.730145 -0.346700 -0.588802
Y -0.141370 0.766419 -0.626591
Z 0.668508 0.540741 0.510584

PART 60
OFFSET 27.944693 -4.343426 -1.138736
SCALE 1.000000 1.000000 1.000000
X 0.620705 -0.695383 -0.362170
Y 0.264939 0.620780 -0.737861
Z 0.737925 0.362041 0.569555

PART 61
OFFSET 27.170121 -4.362270 -2.924625
SCALE 1.000000 1.000000 1.000000
X -0.426924 0.410143 0.805927
Y -0.555025 0.584766 -0.591605
Z -0.713921 -0.699880 -0.022011

PART 62
OFFSET 27.894084 -4.215277 -2.225152
SCALE 1.000000 1.000000 1.000000
X -0.685211 0.259380 0.680594
Y -0.365205 0.686126 -0.629171
Z -0.630168 -0.679671 -0.375414

PART 63
OFFSET 29.818426 -1.647447 -1.478849
SCALE 1.000000 1.000000 1.000000
X 0.939960 0.108668 -0.323522
Y -0.261223 -0.380967 -0.886920
Z -0.219631 0.918181 -0.329707

PART 64
OFFSET 18.287417 -2.142863 -4.505277
SCALE 1.000000 1.000000 1.000000
X -0.941236 0.190572 0.278850
Y 0.209664 0.976954 0.040034
Z -0.264794 0.096147 -0.959500

PART 65
OFFSET 15.239743 -2.092020 -5.050748
SCALE 1.000000 1.000000 1.000000
X -0.547889 -0.789721 0.275968
Y -0.705279 0.613466 0.355305
Z -0.449888 0.000033 -0.893085

PART 66
OFFSET 15.453366 -2.122517 -6.914009
SCALE 1.000000 1.000000 1.000000
X 0.866358 -0.109840 -0.487194
Y 0.313222 0.879315 0.358744
Z 0.388993 -0.463401 0.796206

PART 67
OFFSET 15.663447 -1.831201 -6.065178
SCALE 1.000000 1.000000 1.000000
X 0.923051 0.220776 -0.315015
Y -0.124486 0.946280 0.298424
Z 0.363978 -0.236246 0.900949

PART 68
OFFSET 16.605153 -2.001408 -4.934251
SCALE 1.000000 1.000000 1.000000
X -0.770556 0.617897 0.156353
Y 0.479325 0.723468 -0.496831
Z -0.420107 -0.307892 -0.853647

PART 69
OFFSET 26.764534 -3.972624 -2.158973
SCALE 1.000000 1.000000 1.000000
X 0.778844 -0.578721 -0.241836
Y -0.234216 0.089330 -0.968072
Z 0.581847 0.810618 -0.065972

PART 70
OFFSET 27.151008 -3.934019 -1.487055
SCALE 1.000000 1.000000 1.000000
X 0.735931 -0.640857 -0.218420
Y 0.120072 0.441023 -0.889428
Z 0.666324 0.628331 0.401512

PART 71
OFFSET 14.630290 -2.018160 -6.451169
SCALE 1.000000 1.000000 1.000000
X -0.915814 -0.400369 0.031447
Y -0.272078 0.676139 0.684697
Z -0.295394 0.618499 -0.728149

PART 72
OFFSET 14.662375 -2.070594 -5.723498
SCALE 1.000000 1.000000 1.000000
X -0.665443 -0.733935 0.136109
Y -0.646094 0.657641 0.387388
Z -0.373829 0.169845 -0.911814

PART 73
OFFSET 0.000000 0.000000 0.000000
SCALE 1.000000 1.000000 1.000000
X 1.000000 0.000000 0.000000
Y 0.000000 1.000000 0.000000
Z 0.000000 0.000000 1.000000

PART 74
OFFSET 0.000000 0.000000 0.000000
SCALE 1.000000 1.000000 1.000000
X 1.000000 0.000000 0.000000
Y 0.000000 1.000000 0.000000
Z 0.000000 0.000000 1.000000

PART 75
OFFSET 1.540551 0.000000 4.135826
SCALE 1.000000 1.000000 1.000000
X 1.000000 0.000000 0.000000
Y 0.000000 1.000000 0.000000
Z 0.000000 0.000000 1.000000

PART 76
OFFSET -4.631835 0.000000 -1.376957
SCALE 1.000000 1.000000 1.000000
X 1.000000 0.000000 0.000000
Y 0.000000 1.000000 0.000000
Z 0.000000 0.000000 1.000000

FRAME 2
PART 0
OFFSET 0.000000 0.000000 0.000000
SCALE 1.000000 1.000000 1.000000
X 1.000000 0.000000 0.000000
Y 0.000000 1.000000 0.000000
Z 0.000000 0.000000 1.000000

PART 1
OFFSET 5.858771 5.041001 -8.786632
SCALE 1.000000 1.000000 1.000000
X 0.963793 -0.090105 -0.250967
Y -0.076234 -0.995003 0.064474
Z -0.255523 -0.043007 -0.965846

PART 2
OFFSET -6.645355 -7.095636 2.190213
SCALE 1.000000 1.000000 1.000000
X -0.645088 -0.014427 0.763972
Y -0.192162 -0.964625 -0.180475
Z 0.739551 -0.263229 0.619496

PART 3
OFFSET 16.963570 -2.854488 -3.882994
SCALE 1.000000 1.000000 1.000000
X 0.999941 0.005154 0.009517
Y -0.004853 0.999498 -0.031296
Z -0.009673 0.031248 0.999465

PART 4
OFFSET 13.908927 18.076323 -17.331985
SCALE 1.000000 1.000000 1.000000
X 0.998737 0.041892 -0.027740
Y 0.021387 0.145113 0.989184
Z 0.045465 -0.988528 0.144033

PART 5
OFFSET 17.449506 3.912907 -11.764255
SCALE 1.000000 1.000000 1.000000
X 0.660805 -0.439416 0.608482
Y -0.726999 -0.173204 0.664434
Z -0.186571 -0.881427 -0.433909

PART 6
OFFSET 1.160471 -6.937452 -7.088557
SCALE 1.000000 1.000000 1.000000
X -0.949706 -0.245322 -0.194617
Y 0.226572 -0.109319 -0.967840
Z 0.216157 -0.963258 0.159404

PART 7
OFFSET 16.963570 -2.854488 -3.882994
SCALE 1.000000 1.000000 1.000000
X 0.999941 0.005154 0.009517
Y -0.004853 0.999498 -0.031296
Z -0.009673 0.031248 0.999465

PART 8
OFFSET 24.928081 0.535055 -6.051518
SCALE 1.000000 1.000000 1.000000
X 0.665642 -0.435974 0.605679
Y 0.195124 0.885050 0.422627
Z -0.720310 -0.163136 0.674196

PART 9
OFFSET 24.516622 -0.696397 -7.122914
SCALE 1.000000 1.000000 1.000000
X 0.665642 -0.435974 0.605679
Y 0.195124 0.885050 0.422627
Z -0.720310 -0.163136 0.674196

PART 10
OFFSET 23.408237 -0.232790 -4.092776
SCALE 1.000000 1.000000 1.000000
X 0.665642 -0.435974 0.605679
Y 0.195124 0.885050 0.422627
Z -0.720310 -0.163136 0.674196

PART 11
OFFSET 22.938355 -1.394101 -4.584776
SCALE 1.000000 1.000000 1.000000
X 0.665642 -0.435974 0.605679
Y 0.195124 0.885050 0.422627
Z -0.720310 -0.163136 0.674196

PART 12
OFFSET 23.268963 -1.593559 -5.719060
SCALE 1.000000 1.000000 1.000000
X 0.665642 -0.435974 0.605679
Y 0.195124 0.885050 0.422627
Z -0.720310 -0.163136 0.674196

PART 13
OFFSET 25.271764 -1.006161 -4.865102
SCALE 1.000000 1.000000 1.000000
X 0.861456 -0.349514 0.368420
Y -0.114637 0.572912 0.811561
Z -0.494724 -0.741358 0.453471

PART 14
OFFSET 23.200866 0.486198 -6.452644
SCALE 1.000000 1.000000 1.000000
X 0.722545 -0.473795 0.503435
Y 0.146527 0.816631 0.558251
Z -0.675617 -0.329595 0.659476

PART 15
OFFSET 10.897107 -4.974733 -3.498397
SCALE 1.000000 1.000000 1.000000
X -0.951627 -0.242044 -0.189263
Y -0.216720 0.965411 -0.144961
Z 0.217804 -0.096932 -0.971167

PART 16
OFFSET 10.467288 -3.699474 -3.520036
SCALE 1.000000 1.000000 1.000000
X -0.951627 -0.242044 -0.189263
Y -0.216720 0.965411 -0.144961
Z 0.217804 -0.096932 -0.971167

PART 17
OFFSET 10.188868 -3.314544 -4.620049
SCALE 1.000000 1.000000 1.000000
X -0.951627 -0.242044 -0.189263
Y -0.216720 0.965411 -0.144961
Z 0.217804 -0.096932 -0.971167

PART 18
OFFSET 12.170631 -4.019673 -4.762117
SCALE 1.000000 1.000000 1.000000
X -0.983265 0.044544 0.176652
Y -0.181870 -0.296654 -0.937507
Z 0.010645 -0.953946 0.299790

PART 19
OFFSET 9.260620 -4.929576 -5.382542
SCALE 1.000000 1.000000 1.000000
X -0.957023 -0.241446 -0.160657
Y 0.102988 0.234918 -0.966544
Z 0.271109 -0.941551 -0.199956

PART 20
OFFSET 21.036146 -1.340662 -0.695857
SCALE 1.000000 1.000000 1.000000
X 0.999941 0.005154 0.009517
Y -0.004853 0.999498 -0.031296
Z -0.009673 0.031248 0.999465

PART 21
OFFSET 22.137641 -3.405882 -1.035732
SCALE 1.000000 1.000000 1.000000
X -0.001574 -0.800761 0.598982
Y 0.999941 0.005154 0.009517
Z -0.010708 0.598962 0.800706

PART 22
OFFSET 22.697507 -2.755426 -2.088145
SCALE 1.000000 1.000000 1.000000
X 0.999941 0.005154 0.009517
Y -0.004853 0.999498 -0.031296
Z -0.009673 0.031248 0.999465

PART 23
OFFSET 41.460130 -2.669314 -1.768059
SCALE 1.000000 1.000000 1.000000
X 0.999941 0.005154 0.009517
Y -0.004853 0.999498 -0.031296
Z -0.009673 0.031248 0.999465

PART 24
OFFSET 21.161749 -1.829293 -3.667358
SCALE 1.000000 1.000000 1.000000
X 0.999941 0.005154 0.009517
Y -0.004853 0.999498 -0.031296
Z -0.009673 0.031248 0.999465

PART 25
OFFSET 28.680928 -1.678462 -3.054275
SCALE 1.000000 1.000000 1.000000
X 0.687055 -0.725216 -0.044906
Y -0.527021 -0.539926 0.656299
Z -0.500205 -0.427248 -0.753163

PART 26
OFFSET 28.665215 -2.408595 -3.851286
SCALE 1.000000 1.000000 1.000000
X 0.392771 -0.813235 0.429394
Y -0.758281 -0.022207 0.651550
Z -0.520328 -0.581511 -0.625383

PART 27
OFFSET 26.136261 -2.210781 -5.533103
SCALE 1.000000 1.000000 1.000000
X 0.461931 -0.803043 0.376486
Y -0.718485 -0.089942 0.689703
Z -0.519999 -0.589095 -0.618521

PART 28
OFFSET 26.247582 -1.649340 -4.732697
SCALE 1.000000 1.000000 1.000000
X 0.756253 -0.640231 0.134858
Y -0.634086 -0.666360 0.392300
Z -0.161298 -0.382189 -0.909898

PART 29
OFFSET 25.572719 -0.727510 -3.539136
SCALE 1.000000 1.000000 1.000000
X 0.839595 -0.079748 0.537327
Y 0.045788 0.996034 0.076281
Z -0.541280 -0.039442 0.839917

PART 30
OFFSET 27.480183 -1.571335 -2.197743
SCALE 1.000000 1.000000 1.000000
X 0.695155 -0.645780 0.315796
Y 0.718810 0.629634 -0.294744
Z -0.008496 0.431890 0.901886

PART 31
OFFSET 26.915209 -3.392252 -3.612581
SCALE 1.000000 1.000000 1.000000
X -0.198654 -0.411449 -0.889520
Y 0.494772 0.741361 -0.453413
Z 0.846012 -0.530182 0.056299

PART 32
OFFSET 16.139552 -4.331860 -4.625321
SCALE 1.000000 1.000000 1.000000
X -0.994920 -0.074954 0.067196
Y 0.087004 -0.976031 0.199482
Z 0.050633 0.204315 0.977595

PART 33
OFFSET 15.879044 -4.457385 -5.711955
SCALE 1.000000 1.000000 1.000000
X -0.610988 -0.783355 0.114226
Y 0.767825 -0.621532 -0.155380
Z 0.192713 -0.007230 0.981229

PART 34
OFFSET 12.765507 -4.175086 -5.984313
SCALE 1.000000 1.000000 1.000000
X -0.860132 -0.107291 0.498660
Y 0.197755 -0.971307 0.132120
Z 0.470176 0.212254 0.856669

PART 35
OFFSET 13.119604 -4.123262 -5.364376
SCALE 1.000000 1.000000 1.000000
X -0.914418 -0.004166 0.404749
Y 0.130995 -0.949180 0.286177
Z 0.382988 0.314706 0.868494

PART 36
OFFSET 12.781098 -3.370556 -4.124820
SCALE 1.000000 1.000000 1.000000
X -0.779216 -0.584273 -0.226823
Y 0.341020 -0.091596 -0.935583
Z 0.525859 -0.806372 0.270622

PART 37
OFFSET 8.237934 -4.094758 -3.073464
SCALE 1.000000 1.000000 1.000000
X -0.887025 -0.165967 0.430862
Y -0.302997 0.913362 -0.271962
Z -0.348396 -0.371787 -0.860462

PART 38
OFFSET 22.693427 -2.742246 -1.666587
SCALE 1.000000 1.000000 1.000000
X 0.999941 0.005154 0.009517
Y -0.004853 0.999498 -0.031296
Z -0.009673 0.031248 0.999465

PART 39
OFFSET 29.890993 -2.908396 -3.224241
SCALE 1.000000 1.000000 1.000000
X 0.345901 -0.836772 0.424459
Y -0.819704 -0.049377 0.570655
Z -0.456549 -0.545321 -0.702985

PART 40
OFFSET 29.389983 -3.998351 -2.943495
SCALE 1.000000 1.000000 1.000000
X -0.630983 0.004994 0.775781
Y -0.300279 0.920464 -0.250158
Z -0.715327 -0.390796 -0.579297

PART 41
OFFSET 27.304191 -3.976371 -4.646289
SCALE 1.000000 1.000000 1.000000
X 0.058209 -0.402637 0.913507
Y -0.616513 0.705216 0.350116
Z -0.785190 -0.583569 -0.207181

PART 42
OFFSET 28.190573 -3.376971 -4.518786
SCALE 1.000000 1.000000 1.000000
X 0.168319 -0.603392 0.779478
Y -0.694013 0.489012 0.528407
Z -0.700011 -0.629909 -0.336452

PART 43
OFFSET 27.414282 -0.796240 -2.341878
SCALE 1.000000 1.000000 1.000000
X 0.839611 -0.492385 0.229369
Y 0.446349 0.866043 0.225261
Z -0.309558 -0.086753 0.946915

PART 44
OFFSET 17.879842 -4.178940 -4.784136
SCALE 1.000000 1.000000 1.000000
X -0.591406 -0.805802 -0.030373
Y 0.804259 -0.592162 0.050114
Z -0.058368 0.005210 0.998282

PART 45
OFFSET 17.051426 -2.887075 -5.919451
SCALE 1.000000 1.000000 1.000000
X 0.485091 -0.848903 -0.209884
Y 0.732036 0.525502 -0.433555
Z 0.478341 0.056671 0.876344

PART 46
OFFSET 14.801873 -3.957097 -7.007838
SCALE 1.000000 1.000000 1.000000
X -0.601127 -0.776930 0.187149
Y 0.699086 -0.624699 -0.347894
Z 0.387201 -0.078295 0.918665

PART 47
OFFSET 15.445092 -4.150572 -6.544922
SCALE 1.000000 1.000000 1.000000
X -0.566790 -0.818798 0.091208
Y 0.721597 -0.546805 -0.424620
Z 0.397551 -0.174855 0.900766

PART 48
OFFSET 14.444688 -2.030105 -3.563406
SCALE 1.000000 1.000000 1.000000
X -0.925085 -0.293734 0.240705
Y -0.090170 -0.445812 -0.890573
Z 0.368900 -0.845560 0.385928

PART 49
OFFSET 30.239985 -3.826458 -2.524758
SCALE 1.000000 1.000000 1.000000
X -0.083861 -0.573532 0.814879
Y -0.910965 0.375560 0.170579
Z -0.403868 -0.728022 -0.553963

PART 50
OFFSET 28.625227 -4.245461 -1.865357
SCALE 1.000000 1.000000 1.000000
X -0.647843 0.151655 0.746525
Y -0.121773 0.946764 -0.298009
Z -0.751978 -0.283970 -0.594887

PART 51
OFFSET 27.383367 -4.548006 -3.328607
SCALE 1.000000 1.000000 1.000000
X -0.372532 0.526697 0.764075
Y -0.494762 0.583847 -0.643687
Z -0.785131 -0.617829 0.043088

PART 52
OFFSET 28.454926 -4.435138 -3.107201
SCALE 1.000000 1.000000 1.000000
X -0.541883 0.521328 0.659227
Y -0.345786 0.576616 -0.740234
Z -0.766025 -0.629071 -0.132191

PART 53
OFFSET 28.776681 -1.397571 -1.879926
SCALE 1.000000 1.000000 1.000000
X 0.918537 -0.007688 0.395259
Y 0.064675 0.989263 -0.131056
Z -0.390008 0.145943 0.909172

PART 54
OFFSET 18.390580 -3.104010 -4.660757
SCALE 1.000000 1.000000 1.000000
X 0.103860 -0.984789 -0.139298
Y 0.993469 0.096068 0.061558
Z -0.047239 -0.144782 0.988335

PART 55
OFFSET 16.220032 -1.734731 -5.565174
SCALE 1.000000 1.000000 1.000000
X 0.872277 0.204893 -0.444017
Y -0.237440 0.971230 -0.018275
Z 0.427499 0.121368 0.895832

PART 56
OFFSET 15.662269 -2.835706 -7.271000
SCALE 1.000000 1.000000 1.000000
X 0.232394 -0.894065 -0.382936
Y 0.938852 0.309053 -0.151802
Z 0.254068 -0.324243 0.911217

PART 57
OFFSET 16.420227 -2.708663 -6.696300
SCALE 1.000000 1.000000 1.000000
X 0.492480 -0.763037 -0.418613
Y 0.776593 0.602405 -0.184420
Z 0.392894 -0.234269 0.889243

PART 58
OFFSET 15.828075 -1.743902 -4.190128
SCALE 1.000000 1.000000 1.000000
X -0.704076 0.158967 0.692103
Y -0.688168 -0.393222 -0.609755
Z 0.175219 -0.905597 0.386254

PART 59
OFFSET 30.145309 -4.474278 -1.604367
SCALE 1.000000 1.000000 1.000000
X 0.735553 -0.357663 -0.575359
Y -0.139437 0.751170 -0.645214
Z 0.662962 0.554815 0.502654

PART 60
OFFSET 27.886257 -4.076378 -1.023863
SCALE 1.000000 1.000000 1.000000
X 0.625661 -0.701383 -0.341481
Y 0.268156 0.604437 -0.750165
Z 0.732557 0.377779 0.566253

PART 61
OFFSET 27.124645 -4.139438 -2.814329
SCALE 1.000000 1.000000 1.000000
X -0.434137 0.427192 0.793115
Y -0.552707 0.568915 -0.608974
Z -0.711365 -0.702739 -0.010875

PART 62
OFFSET 27.843064 -3.973643 -2.113294
SCALE 1.000000 1.000000 1.000000
X -0.690988 0.272657 0.669473
Y -0.362974 0.670043 -0.647528
Z -0.625128 -0.690435 -0.364024

PART 63
OFFSET 29.753239 -1.382361 -1.413089
SCALE 1.000000 1.000000 1.000000
X 0.941899 0.104476 -0.319234
Y -0.253514 -0.402368 -0.879677
Z -0.220355 0.909497 -0.352504

PART 64
OFFSET 18.273319 -1.991728 -4.503400
SCALE 1.000000 1.000000 1.000000
X -0.943757 0.192912 0.268528
Y 0.205271 0.978531 0.018456
Z -0.259202 0.072539 -0.963095

PART 65
OFFSET 15.228924 -1.966993 -5.068621
SCALE 1.000000 1.000000 1.000000
X -0.546252 -0.785449 0.290994
Y -0.710075 0.618506 0.336518
Z -0.444299 -0.022804 -0.895588

PART 66
OFFSET 15.454304 -2.040082 -6.929313
SCALE 1.000000 1.000000 1.000000
X 0.869841 -0.117399 -0.479160
Y 0.307249 0.888821 0.339994
Z 0.385972 -0.442962 0.809203

PART 67
OFFSET 15.657864 -1.728086 -6.086261
SCALE 1.000000 1.000000 1.000000
X 0.924060 0.217377 -0.314421
Y -0.130337 0.952445 0.275429
Z 0.359341 -0.213532 0.908448

PART 68
OFFSET 16.593183 -1.867704 -4.945890
SCALE 1.000000 1.000000 1.000000
X -0.774127 0.618001 0.137119
Y 0.479351 0.713754 -0.510665
Z -0.413461 -0.329592 -0.848775

PART 69
OFFSET 26.712205 -3.733595 -2.060849
SCALE 1.000000 1.000000 1.000000
X 0.782533 -0.581395 -0.222759
Y -0.227503 0.066031 -0.971536
