// Export time: Tue Jun 14 06:57:18 2022

ANIMATION
VERSION 3

NUMPARTS 2
PART 0 "tag_view"
PART 1 "tag_torso"

FRAMERATE 30
NUMFRAMES 19
FRAME 0
PART 0
OFFSET 0.000000 0.000000 0.000000
SCALE 1.000000 1.000000 1.000000
X 1.000000 0.000000 0.000000
Y 0.000000 1.000000 0.000000
Z 0.000000 0.000000 1.000000

PART 1
OFFSET -10.608024 3.103822 -0.941445
SCALE 1.000000 1.000000 1.000000
X 1.000000 0.000000 0.000641
Y -0.000000 1.000000 0.000000
Z -0.000641 -0.000000 1.000000

FRAME 1
PART 0
OFFSET 0.000000 0.000000 0.000000
SCALE 1.000000 1.000000 1.000000
X 1.000000 0.000000 0.000000
Y 0.000000 1.000000 0.000000
Z 0.000000 0.000000 1.000000

PART 1
OFFSET -10.514280 3.055135 -0.955142
SCALE 1.000000 1.000000 1.000000
X 1.000000 -0.000001 0.000641
Y -0.000001 0.999997 0.002594
Z -0.000641 -0.002594 0.999996

FRAME 2
PART 0
OFFSET 0.000000 0.000000 0.000000
SCALE 1.000000 1.000000 1.000000
X 1.000000 0.000000 0.000000
Y 0.000000 1.000000 0.000000
Z 0.000000 0.000000 1.000000

PART 1
OFFSET -10.233047 2.921244 -0.993953
SCALE 1.000000 1.000000 1.000000
X 1.000000 -0.000004 0.000626
Y -0.000004 0.999937 0.011260
Z -0.000626 -0.011260 0.999936

FRAME 3
PART 0
OFFSET 0.000000 0.000000 0.000000
SCALE 1.000000 1.000000 1.000000
X 1.000000 0.000000 0.000000
Y 0.000000 1.000000 0.000000
Z 0.000000 0.000000 1.000000

PART 1
OFFSET -9.811199 2.714323 -1.053310
SCALE 1.000000 1.000000 1.000000
X 1.000000 -0.000006 0.000610
Y -0.000006 0.999801 0.019926
Z -0.000610 -0.019926 0.999801

FRAME 4
PART 0
OFFSET 0.000000 0.000000 0.000000
SCALE 1.000000 1.000000 1.000000
X 1.000000 0.000000 0.000000
Y 0.000000 1.000000 0.000000
Z 0.000000 0.000000 1.000000

PART 1
OFFSET -9.295606 2.446542 -1.124081
SCALE 1.000000 1.000000 1.000000
X 1.000000 -0.000006 0.000565
Y -0.000013 0.999455 0.033022
Z -0.000564 -0.033022 0.999454

FRAME 5
PART 0
OFFSET 0.000000 0.000000 0.000000
SCALE 1.000000 1.000000 1.000000
X 1.000000 0.000000 0.000000
Y 0.000000 1.000000 0.000000
Z 0.000000 0.000000 1.000000

PART 1
OFFSET -8.694081 2.142246 -1.203224
SCALE 1.000000 1.000000 1.000000
X 1.000000 -0.000004 0.000519
Y -0.000020 0.998936 0.046113
Z -0.000519 -0.046113 0.998936

FRAME 6
PART 0
OFFSET 0.000000 0.000000 0.000000
SCALE 1.000000 1.000000 1.000000
X 1.000000 0.000000 0.000000
Y 0.000000 1.000000 0.000000
Z 0.000000 0.000000 1.000000

PART 1
OFFSET -8.092556 1.837950 -1.282367
SCALE 1.000000 1.000000 1.000000
X 1.000000 -0.000003 0.000473
Y -0.000025 0.998246 0.059195
Z -0.000473 -0.059195 0.998246

FRAME 7
PART 0
OFFSET 0.000000 0.000000 0.000000
SCALE 1.000000 1.000000 1.000000
X 1.000000 0.000000 0.000000
Y 0.000000 1.000000 0.000000
Z 0.000000 0.000000 1.000000

PART 1
OFFSET -7.491031 1.533653 -1.361509
SCALE 1.000000 1.000000 1.000000
X 1.000000 -0.000000 0.000428
Y -0.000031 0.997385 0.072267
Z -0.000427 -0.072267 0.997385

FRAME 8
PART 0
OFFSET 0.000000 0.000000 0.000000
SCALE 1.000000 1.000000 1.000000
X 1.000000 0.000000 0.000000
Y 0.000000 1.000000 0.000000
Z 0.000000 0.000000 1.000000

PART 1
OFFSET -6.905129 1.241529 -1.429998
SCALE 1.000000 1.000000 1.000000
X 1.000000 -0.000000 0.000382
Y -0.000031 0.996718 0.080951
Z -0.000381 -0.080951 0.996718

FRAME 9
PART 0
OFFSET 0.000000 0.000000 0.000000
SCALE 1.000000 1.000000 1.000000
X 1.000000 0.000000 0.000000
Y 0.000000 1.000000 0.000000
Z 0.000000 0.000000 1.000000

PART 1
OFFSET -6.412973 0.985920 -1.482506
SCALE 1.000000 1.000000 1.000000
X 1.000000 0.000000 0.000336
Y -0.000030 0.995975 0.089629
Z -0.000335 -0.089629 0.995975

FRAME 10
PART 0
OFFSET 0.000000 0.000000 0.000000
SCALE 1.000000 1.000000 1.000000
X 1.000000 0.000000 0.000000
Y 0.000000 1.000000 0.000000
Z 0.000000 0.000000 1.000000

PART 1
OFFSET -6.014560 0.791170 -1.514468
SCALE 1.000000 1.000000 1.000000
X 1.000000 0.000003 0.000275
Y -0.000028 0.995742 0.092179
Z -0.000274 -0.092179 0.995742

FRAME 11
PART 0
OFFSET 0.000000 0.000000 0.000000
SCALE 1.000000 1.000000 1.000000
X 1.000000 0.000000 0.000000
Y 0.000000 1.000000 0.000000
Z 0.000000 0.000000 1.000000

PART 1
OFFSET -5.733327 0.639022 -1.514468
SCALE 1.000000 1.000000 1.000000
X 1.000000 0.000006 0.000214
Y -0.000025 0.996100 0.088232
Z -0.000213 -0.088232 0.996100

FRAME 12
PART 0
OFFSET 0.000000 0.000000 0.000000
SCALE 1.000000 1.000000 1.000000
X 1.000000 0.000000 0.000000
Y 0.000000 1.000000 0.000000
Z 0.000000 0.000000 1.000000

PART 1
OFFSET -5.452095 0.486874 -1.514468
SCALE 1.000000 1.000000 1.000000
X 1.000000 -0.000006 0.000153
Y -0.000006 0.996966 0.077839
Z -0.000153 -0.077839 0.996966

FRAME 13
PART 0
OFFSET 0.000000 0.000000 0.000000
SCALE 1.000000 1.000000 1.000000
X 1.000000 0.000000 0.000000
Y 0.000000 1.000000 0.000000
Z 0.000000 0.000000 1.000000

PART 1
OFFSET -5.229452 0.359070 -1.490497
SCALE 1.000000 1.000000 1.000000
X 1.000000 -0.000004 0.000122
Y -0.000004 0.998076 0.062007
Z -0.000122 -0.062007 0.998076

FRAME 14
PART 0
OFFSET 0.000000 0.000000 0.000000
SCALE 1.000000 1.000000 1.000000
X 1.000000 0.000000 0.000000
Y 0.000000 1.000000 0.000000
Z 0.000000 0.000000 1.000000

PART 1
OFFSET -5.006810 0.231265 -1.466525
SCALE 1.000000 1.000000 1.000000
X 1.000000 -0.000002 0.000092
Y -0.000002 0.998934 0.046160
Z -0.000092 -0.046160 0.998934

FRAME 15
PART 0
OFFSET 0.000000 0.000000 0.000000
SCALE 1.000000 1.000000 1.000000
X 1.000000 0.000000 0.000000
Y 0.000000 1.000000 0.000000
Z 0.000000 0.000000 1.000000

PART 1
OFFSET -4.866194 0.146062 -1.435705
SCALE 1.000000 1.000000 1.000000
X 1.000000 -0.000001 0.000061
Y -0.000001 0.999541 0.030301
Z -0.000061 -0.030301 0.999541

FRAME 16
PART 0
OFFSET 0.000000 0.000000 0.000000
SCALE 1.000000 1.000000 1.000000
X 1.000000 0.000000 0.000000
Y 0.000000 1.000000 0.000000
Z 0.000000 0.000000 1.000000

PART 1
OFFSET -4.725578 0.060859 -1.404886
SCALE 1.000000 1.000000 1.000000
X 1.000000 -0.000000 0.000031
Y -0.000000 0.999896 0.014434
Z -0.000031 -0.014434 0.999896

FRAME 17
PART 0
OFFSET 0.000000 0.000000 0.000000
SCALE 1.000000 1.000000 1.000000
X 1.000000 0.000000 0.000000
Y 0.000000 1.000000 0.000000
Z 0.000000 0.000000 1.000000

PART 1
OFFSET -4.655270 0.012172 -1.384339
SCALE 1.000000 1.000000 1.000000
X 1.000000 0.000000 0.000000
Y 0.000000 0.999992 0.003967
Z 0.000000 -0.003967 0.999992

FRAME 18
PART 0
OFFSET 0.000000 0.000000 0.000000
SCALE 1.000000 1.000000 1.000000
X 1.000000 0.000000 0.000000
Y 0.000000 1.000000 0.000000
Z 0.000000 0.000000 1.000000

PART 1
OFFSET -4.631834 -0.000000 -1.377490
SCALE 1.000000 1.000000 1.000000
X 1.000000 0.000000 0.000000
Y 0.000000 1.000000 0.000000
Z 0.000000 0.000000 1.000000

NOTETRACKS

PART 0
NUMTRACKS 0

PART 1
NUMTRACKS 0

