// Export time: Thu Jun 16 05:49:02 2022

ANIMATION
VERSION 3

NUMPARTS 77
PART 0 "tag_torso"
PART 1 "j_shoulder_le"
PART 2 "j_shoulder_ri"
PART 3 "tag_weapon"
PART 4 "tag_weapon1"
PART 5 "j_elbow_le"
PART 6 "j_elbow_ri"
PART 7 "j_gun"
PART 8 "j_sleave_reshape_bottom_le_1"
PART 9 "j_sleave_reshape_bottom_le_2"
PART 10 "j_sleave_reshape_top_le_1"
PART 11 "j_sleave_reshape_top_le_2"
PART 12 "j_sleave_reshape_top_le_3"
PART 13 "j_wrist_le"
PART 14 "j_wristtwist_le"
PART 15 "j_sleave_reshape_top_ri_1"
PART 16 "j_sleave_reshape_top_ri_2"
PART 17 "j_sleave_reshape_top_ri_3"
PART 18 "j_wrist_ri"
PART 19 "j_wristtwist_ri"
PART 20 "tag_bolt_animate"
PART 21 "tag_brass"
PART 22 "tag_clip"
PART 23 "tag_flash"
PART 24 "tag_mag_release_animate"
PART 25 "j_index_le_0"
PART 26 "j_mid_le_0"
PART 27 "j_pinkypalm_le"
PART 28 "j_ringpalm_le"
PART 29 "j_thumb_le_0"
PART 30 "j_webbing_le"
PART 31 "tag_knife_attach"
PART 32 "j_index_ri_0"
PART 33 "j_mid_ri_0"
PART 34 "j_pinkypalm_ri"
PART 35 "j_ringpalm_ri"
PART 36 "j_thumb_ri_0"
PART 37 "j_webbing_ri"
PART 38 "tag_bullet_animate"
PART 39 "j_index_le_1"
PART 40 "j_mid_le_1"
PART 41 "j_pinky_le_0"
PART 42 "j_ring_le_0"
PART 43 "j_thumb_le_1"
PART 44 "j_index_ri_1"
PART 45 "j_mid_ri_1"
PART 46 "j_pinky_ri_0"
PART 47 "j_ring_ri_0"
PART 48 "j_thumb_ri_1"
PART 49 "j_index_le_2"
PART 50 "j_mid_le_2"
PART 51 "j_pinky_le_1"
PART 52 "j_ring_le_1"
PART 53 "j_thumb_le_2"
PART 54 "j_index_ri_2"
PART 55 "j_mid_ri_2"
PART 56 "j_pinky_ri_1"
PART 57 "j_ring_ri_1"
PART 58 "j_thumb_ri_2"
PART 59 "j_index_le_3"
PART 60 "j_mid_le_3"
PART 61 "j_pinky_le_2"
PART 62 "j_ring_le_2"
PART 63 "j_thumb_le_3"
PART 64 "j_index_ri_3"
PART 65 "j_mid_ri_3"
PART 66 "j_pinky_ri_2"
PART 67 "j_ring_ri_2"
PART 68 "j_thumb_ri_3"
PART 69 "j_pinky_le_3"
PART 70 "j_ring_le_3"
PART 71 "j_pinky_ri_3"
PART 72 "j_ring_ri_3"
PART 73 "tag_cambone"
PART 74 "tag_camera"
PART 75 "tag_gasmask"
PART 76 "tag_gasmask2"

FRAMERATE 30
NUMFRAMES 99
FRAME 0
PART 0
OFFSET 0.000000 0.000000 0.000000
SCALE 1.000000 1.000000 1.000000
X 1.000000 0.000000 0.000000
Y 0.000000 1.000000 0.000000
Z 0.000000 0.000000 1.000000

PART 1
OFFSET 5.952329 4.944781 -8.765808
SCALE 1.000000 1.000000 1.000000
X 0.966010 -0.077975 -0.246465
Y -0.074600 -0.996948 0.023019
Z -0.247508 -0.003851 -0.968878

PART 2
OFFSET -6.828609 -7.081019 2.364876
SCALE 1.000000 1.000000 1.000000
X -0.651452 -0.017901 0.758479
Y -0.197345 -0.961311 -0.192187
Z 0.732574 -0.274883 0.622715

PART 3
OFFSET 16.987957 -3.087617 -3.901591
SCALE 1.000000 1.000000 1.000000
X 1.000000 0.000000 0.000000
Y 0.000000 1.000000 0.000000
Z 0.000000 0.000000 1.000000

PART 4
OFFSET 13.908927 18.076323 -17.331985
SCALE 1.000000 1.000000 1.000000
X 0.998737 0.041892 -0.027740
Y 0.021387 0.145113 0.989184
Z 0.045465 -0.988528 0.144033

PART 5
OFFSET 17.576738 3.965778 -11.697743
SCALE 1.000000 1.000000 1.000000
X 0.652796 -0.464730 0.598233
Y -0.735305 -0.198823 0.647917
Z -0.182164 -0.862841 -0.471509

PART 6
OFFSET 1.042940 -6.850518 -6.766223
SCALE 1.000000 1.000000 1.000000
X -0.960279 -0.223886 -0.166552
Y 0.195530 -0.114053 -0.974043
Z 0.199079 -0.967919 0.153299

PART 7
OFFSET 16.987957 -3.087617 -3.901591
SCALE 1.000000 1.000000 1.000000
X 1.000000 0.000000 0.000000
Y 0.000000 1.000000 0.000000
Z 0.000000 0.000000 1.000000

PART 8
OFFSET 24.980827 0.347647 -6.035329
SCALE 1.000000 1.000000 1.000000
X 0.657671 -0.461186 0.595631
Y 0.190858 0.866904 0.460489
Z -0.728726 -0.189169 0.658159

PART 9
OFFSET 24.581261 -0.838766 -7.160689
SCALE 1.000000 1.000000 1.000000
X 0.657671 -0.461186 0.595631
Y 0.190858 0.866904 0.460489
Z -0.728726 -0.189169 0.658159

PART 10
OFFSET 23.436173 -0.496491 -4.128065
SCALE 1.000000 1.000000 1.000000
X 0.657671 -0.461186 0.595631
Y 0.190858 0.866904 0.460489
Z -0.728726 -0.189169 0.658159

PART 11
OFFSET 22.971135 -1.636190 -4.672421
SCALE 1.000000 1.000000 1.000000
X 0.657671 -0.461186 0.595631
Y 0.190858 0.866904 0.460489
Z -0.728726 -0.189169 0.658159

PART 12
OFFSET 23.315462 -1.790075 -5.809718
SCALE 1.000000 1.000000 1.000000
X 0.657671 -0.461186 0.595631
Y 0.190858 0.866904 0.460489
Z -0.728726 -0.189169 0.658159

PART 13
OFFSET 25.308137 -1.240806 -4.907189
SCALE 1.000000 1.000000 1.000000
X 0.863400 -0.364545 0.348780
Y -0.103927 0.547975 0.830014
Z -0.493700 -0.752882 0.435235

PART 14
OFFSET 23.262150 0.321064 -6.460118
SCALE 1.000000 1.000000 1.000000
X 0.715760 -0.496143 0.491457
Y 0.153926 0.798520 0.581955
Z -0.681171 -0.340892 0.647918

PART 15
OFFSET 10.922434 -5.107956 -3.464303
SCALE 1.000000 1.000000 1.000000
X -0.961968 -0.220568 -0.161145
Y -0.199169 0.970079 -0.138847
Z 0.186948 -0.101471 -0.977115

PART 16
OFFSET 10.520888 -3.823367 -3.473722
SCALE 1.000000 1.000000 1.000000
X -0.961968 -0.220568 -0.161145
Y -0.199169 0.970079 -0.138847
Z 0.186948 -0.101471 -0.977115

PART 17
OFFSET 10.218978 -3.431920 -4.565205
SCALE 1.000000 1.000000 1.000000
X -0.961968 -0.220568 -0.161145
Y -0.199169 0.970079 -0.138847
Z 0.186948 -0.101471 -0.977115

PART 18
OFFSET 12.175438 -4.196326 -4.776149
SCALE 1.000000 1.000000 1.000000
X -0.981350 0.043994 0.187128
Y -0.192047 -0.266825 -0.944416
Z 0.008382 -0.962740 0.270298

PART 19
OFFSET 9.234216 -5.030733 -5.297634
SCALE 1.000000 1.000000 1.000000
X -0.966758 -0.219990 -0.130322
Y 0.072432 0.253184 -0.964703
Z 0.245220 -0.942074 -0.228833

PART 20
OFFSET 21.109602 -1.694013 -0.708277
SCALE 1.000000 1.000000 1.000000
X 1.000000 0.000000 0.000000
Y 0.000000 1.000000 0.000000
Z 0.000000 0.000000 1.000000

PART 21
OFFSET 22.185980 -3.752954 -1.123134
SCALE 1.000000 1.000000 1.000000
X -0.000000 -0.819097 0.573655
Y 1.000000 -0.000000 0.000000
Z 0.000000 0.573655 0.819097

PART 22
OFFSET 22.738961 -3.072577 -2.160026
SCALE 1.000000 1.000000 1.000000
X 1.000000 0.000000 0.000000
Y 0.000000 1.000000 0.000000
Z 0.000000 0.000000 1.000000

PART 23
OFFSET 41.504165 -3.087617 -2.018966
SCALE 1.000000 1.000000 1.000000
X 1.000000 0.000000 0.000000
Y 0.000000 1.000000 0.000000
Z 0.000000 0.000000 1.000000

PART 24
OFFSET 21.193226 -2.090060 -3.694646
SCALE 1.000000 1.000000 1.000000
X 1.000000 0.000000 0.000000
Y 0.000000 1.000000 0.000000
Z 0.000000 0.000000 1.000000

PART 25
OFFSET 28.731820 -1.983877 -3.152276
SCALE 1.000000 1.000000 1.000000
X 0.683164 -0.726484 -0.074211
Y -0.523047 -0.557695 0.644514
Z -0.509617 -0.401493 -0.760982

PART 26
OFFSET 28.704816 -2.688880 -3.971309
SCALE 1.000000 1.000000 1.000000
X 0.393166 -0.827872 0.400062
Y -0.751909 -0.039065 0.658108
Z -0.529201 -0.559556 -0.637844

PART 27
OFFSET 26.160320 -2.427929 -5.620799
SCALE 1.000000 1.000000 1.000000
X 0.461859 -0.816336 0.346816
Y -0.712037 -0.108105 0.693770
Z -0.528857 -0.567370 -0.631190

PART 28
OFFSET 26.282187 -1.892059 -4.804531
SCALE 1.000000 1.000000 1.000000
X 0.754531 -0.647417 0.107396
Y -0.633306 -0.675412 0.377813
Z -0.172066 -0.353086 -0.919632

PART 29
OFFSET 25.623467 -1.004718 -3.576308
SCALE 1.000000 1.000000 1.000000
X 0.844474 -0.100052 0.526168
Y 0.051217 0.992980 0.106616
Z -0.533141 -0.063085 0.843671

PART 30
OFFSET 27.540100 -1.898088 -2.280849
SCALE 1.000000 1.000000 1.000000
X 0.695197 -0.658305 0.288678
Y 0.718815 0.635307 -0.282293
Z 0.002436 0.403756 0.914864

PART 31
OFFSET 26.952639 -3.671770 -3.745650
SCALE 1.000000 1.000000 1.000000
X -0.209356 -0.382799 -0.899797
Y 0.493749 0.752883 -0.435178
Z 0.844027 -0.535381 0.031386

PART 32
OFFSET 16.143741 -4.532311 -4.686136
SCALE 1.000000 1.000000 1.000000
X -0.994641 -0.072028 0.074175
Y 0.083698 -0.982116 0.168649
Z 0.060701 0.173954 0.982881

PART 33
OFFSET 15.872597 -4.623126 -5.773621
SCALE 1.000000 1.000000 1.000000
X -0.614026 -0.783441 0.095875
Y 0.763081 -0.620284 -0.181536
Z 0.201692 -0.038307 0.978700

PART 34
OFFSET 12.758211 -4.317111 -6.008048
SCALE 1.000000 1.000000 1.000000
X -0.856060 -0.118265 0.503164
Y 0.193848 -0.975877 0.100431
Z 0.479149 0.183512 0.858335

PART 35
OFFSET 13.118265 -4.286105 -5.390158
SCALE 1.000000 1.000000 1.000000
X -0.910665 -0.012039 0.412970
Y 0.128627 -0.958158 0.255711
Z 0.392612 0.285986 0.874110

PART 36
OFFSET 12.795152 -3.570126 -4.124998
SCALE 1.000000 1.000000 1.000000
X -0.784334 -0.573148 -0.237322
Y 0.331911 -0.064529 -0.941101
Z 0.524076 -0.816907 0.240846

PART 37
OFFSET 8.258104 -4.303635 -3.053862
SCALE 1.000000 1.000000 1.000000
X -0.883884 -0.174698 0.433854
Y -0.300676 0.922777 -0.240992
Z -0.358250 -0.343458 -0.868155

PART 38
OFFSET 22.738961 -3.072577 -1.738242
SCALE 1.000000 1.000000 1.000000
X 1.000000 0.000000 0.000000
Y 0.000000 1.000000 0.000000
Z 0.000000 0.000000 1.000000

PART 39
OFFSET 29.934359 -3.213250 -3.372346
SCALE 1.000000 1.000000 1.000000
X 0.346140 -0.851039 0.394868
Y -0.814254 -0.063446 0.577031
Z -0.466023 -0.521256 -0.714923

PART 40
OFFSET 29.431030 -4.309176 -3.120458
SCALE 1.000000 1.000000 1.000000
X -0.623265 -0.016288 0.781841
Y -0.298407 0.929085 -0.218527
Z -0.722838 -0.369507 -0.583926

PART 41
OFFSET 27.328660 -4.225255 -4.800776
SCALE 1.000000 1.000000 1.000000
X 0.065358 -0.430985 0.899989
Y -0.609699 0.696734 0.377928
Z -0.789934 -0.573423 -0.217234

PART 42
OFFSET 28.219062 -3.634005 -4.663666
SCALE 1.000000 1.000000 1.000000
X 0.173169 -0.628000 0.758702
Y -0.686458 0.475437 0.550213
Z -0.706249 -0.616097 -0.348765

PART 43
OFFSET 27.476424 -1.118617 -2.400251
SCALE 1.000000 1.000000 1.000000
X 0.839514 -0.502938 0.205597
Y 0.452609 0.856676 0.247490
Z -0.300602 -0.114717 0.946826

PART 44
OFFSET 17.883273 -4.383256 -4.856470
SCALE 1.000000 1.000000 1.000000
X -0.595893 -0.801536 -0.049521
Y 0.801558 -0.597418 0.024412
Z -0.049152 -0.025148 0.998475

PART 45
OFFSET 17.051274 -3.053038 -5.943853
SCALE 1.000000 1.000000 1.000000
X 0.478665 -0.844464 -0.240334
Y 0.730772 0.534913 -0.424077
Z 0.486675 0.027362 0.873154

PART 46
OFFSET 14.786201 -4.077940 -7.043425
SCALE 1.000000 1.000000 1.000000
X -0.603461 -0.779307 0.168865
Y 0.692558 -0.617198 -0.373404
Z 0.395220 -0.108386 0.912170

PART 47
OFFSET 15.432614 -4.288729 -6.592706
SCALE 1.000000 1.000000 1.000000
X -0.570227 -0.818381 0.071368
Y 0.714773 -0.537096 -0.447915
Z 0.404897 -0.204401 0.891223

PART 48
OFFSET 14.470860 -2.255834 -3.538346
SCALE 1.000000 1.000000 1.000000
X -0.924364 -0.296375 0.240235
Y -0.100706 -0.417809 -0.902937
Z 0.367980 -0.858835 0.356360

PART 49
OFFSET 30.285923 -4.154081 -2.705149
SCALE 1.000000 1.000000 1.000000
X -0.078506 -0.598145 0.797533
Y -0.907463 0.374086 0.191235
Z -0.412732 -0.708719 -0.572163

PART 50
OFFSET 28.675802 -4.586230 -2.042887
SCALE 1.000000 1.000000 1.000000
X -0.639724 0.131283 0.757310
Y -0.120260 0.956072 -0.267327
Z -0.759138 -0.262090 -0.595834

PART 51
OFFSET 27.418192 -4.837768 -3.502263
SCALE 1.000000 1.000000 1.000000
X -0.362473 0.504411 0.783698
Y -0.498363 0.605666 -0.620325
Z -0.787558 -0.615417 0.031843

PART 52
OFFSET 28.492366 -4.736577 -3.288234
SCALE 1.000000 1.000000 1.000000
X -0.532894 0.503014 0.680441
Y -0.350363 0.600800 -0.718530
Z -0.770240 -0.621302 -0.143925

PART 53
OFFSET 28.840478 -1.739951 -1.970801
SCALE 1.000000 1.000000 1.000000
X 0.922347 -0.023968 0.385618
Y 0.068020 0.992558 -0.101002
Z -0.380327 0.119389 0.917114

PART 54
OFFSET 18.400776 -3.315178 -4.704987
SCALE 1.000000 1.000000 1.000000
X 0.097389 -0.980553 -0.170385
Y 0.994486 0.089185 0.055174
Z -0.038905 -0.174819 0.983832

PART 55
OFFSET 16.229248 -1.907993 -5.546660
SCALE 1.000000 1.000000 1.000000
X 0.869221 0.214082 -0.445672
Y -0.232484 0.972503 0.013723
Z 0.436355 0.091683 0.895091

PART 56
OFFSET 15.650028 -2.953297 -7.280132
SCALE 1.000000 1.000000 1.000000
X 0.224151 -0.883034 -0.412319
Y 0.939029 0.308889 -0.151037
Z 0.260732 -0.353324 0.898433

PART 57
OFFSET 16.413888 -2.847712 -6.708931
SCALE 1.000000 1.000000 1.000000
X 0.484613 -0.752246 -0.446404
Y 0.778005 0.603937 -0.173113
Z 0.399823 -0.263412 0.877927

PART 58
OFFSET 15.849908 -1.957416 -4.168916
SCALE 1.000000 1.000000 1.000000
X -0.696831 0.141149 0.703209
Y -0.695810 -0.370888 -0.615054
Z 0.173997 -0.917888 0.356659

PART 59
OFFSET 30.197295 -4.829701 -1.804351
SCALE 1.000000 1.000000 1.000000
X 0.728150 -0.342880 -0.593491
Y -0.142270 0.771416 -0.620223
Z 0.670491 0.536051 0.512925

PART 60
OFFSET 27.945976 -4.440073 -1.189206
SCALE 1.000000 1.000000 1.000000
X 0.618960 -0.693200 -0.369274
Y 0.263575 0.626219 -0.733743
Z 0.739877 0.356826 0.570314

PART 61
OFFSET 27.166496 -4.444190 -2.973025
SCALE 1.000000 1.000000 1.000000
X -0.424254 0.404326 0.810265
Y -0.556029 0.589923 -0.585511
Z -0.714731 -0.698936 -0.025460

PART 62
OFFSET 27.892521 -4.303433 -2.274441
SCALE 1.000000 1.000000 1.000000
X -0.683057 0.254802 0.684477
Y -0.366197 0.691382 -0.622809
Z -0.631928 -0.676068 -0.378946

PART 63
OFFSET 29.821657 -1.743506 -1.513515
SCALE 1.000000 1.000000 1.000000
X 0.939183 0.110195 -0.325258
Y -0.264068 -0.373781 -0.889132
Z -0.219553 0.920948 -0.321950

PART 64
OFFSET 18.290824 -2.207681 -4.512519
SCALE 1.000000 1.000000 1.000000
X -0.940218 0.189273 0.283135
Y 0.210580 0.976469 0.046520
Z -0.267667 0.103362 -0.957951

PART 65
OFFSET 15.241542 -2.150452 -5.048206
SCALE 1.000000 1.000000 1.000000
X -0.547678 -0.791283 0.271883
Y -0.703684 0.611411 0.361946
Z -0.452634 0.006910 -0.891670

PART 66
OFFSET 15.449405 -2.167512 -6.912287
SCALE 1.000000 1.000000 1.000000
X 0.864766 -0.106963 -0.490652
Y 0.315038 0.876424 0.364187
Z 0.391064 -0.469510 0.791599

PART 67
OFFSET 15.662309 -1.882577 -6.062009
SCALE 1.000000 1.000000 1.000000
X 0.922254 0.222359 -0.316234
Y -0.122816 0.944169 0.305715
Z 0.366557 -0.243108 0.898073

PART 68
OFFSET 16.607368 -2.061767 -4.935243
SCALE 1.000000 1.000000 1.000000
X -0.769570 0.617347 0.163235
Y 0.478382 0.726698 -0.493012
Z -0.422982 -0.301318 -0.854572

PART 69
OFFSET 26.763445 -4.060070 -2.203253
SCALE 1.000000 1.000000 1.000000
X 0.777550 -0.577646 -0.248476
Y -0.236795 0.097085 -0.966697
Z 0.582532 0.810493 -0.061295

PART 70
OFFSET 27.151781 -4.027140 -1.532133
SCALE 1.000000 1.000000 1.000000
X 0.734639 -0.639914 -0.225424
Y 0.118098 0.447799 -0.886301
Z 0.668101 0.624489 0.404543

PART 71
OFFSET 14.627843 -2.065888 -6.446162
SCALE 1.000000 1.000000 1.000000
X -0.916038 -0.399865 0.031347
Y -0.269421 0.671335 0.690451
Z -0.297131 0.624033 -0.722700

PART 72
OFFSET 14.662101 -2.123687 -5.719007
SCALE 1.000000 1.000000 1.000000
X -0.665605 -0.734396 0.132790
Y -0.644377 0.655291 0.394172
Z -0.376494 0.176796 -0.909393

PART 73
OFFSET 0.000000 0.000000 0.000000
SCALE 1.000000 1.000000 1.000000
X 1.000000 0.000000 0.000000
Y 0.000000 1.000000 0.000000
Z 0.000000 0.000000 1.000000

PART 74
OFFSET 0.000000 0.000000 0.000000
SCALE 1.000000 1.000000 1.000000
X 1.000000 0.000000 0.000000
Y 0.000000 1.000000 0.000000
Z 0.000000 0.000000 1.000000

PART 75
OFFSET 1.540552 -0.000000 4.135826
SCALE 1.000000 1.000000 1.000000
X 1.000000 0.000000 0.000000
Y 0.000000 1.000000 0.000000
Z 0.000000 0.000000 1.000000

PART 76
OFFSET -4.631835 0.000000 -1.376957
SCALE 1.000000 1.000000 1.000000
X 1.000000 0.000000 0.000000
Y 0.000000 1.000000 0.000000
Z 0.000000 0.000000 1.000000

FRAME 1
PART 0
OFFSET 0.000000 0.000000 0.000000
SCALE 1.000000 1.000000 1.000000
X 1.000000 0.000000 0.000000
Y 0.000000 1.000000 0.000000
Z 0.000000 0.000000 1.000000

PART 1
OFFSET 6.037685 4.797554 -8.611032
SCALE 1.000000 1.000000 1.000000
X 0.953105 -0.022004 -0.301839
Y -0.017338 -0.999685 0.018129
Z -0.302143 -0.012045 -0.953186

PART 2
OFFSET -6.744082 -7.053273 2.359148
SCALE 1.000000 1.000000 1.000000
X -0.634411 -0.008434 0.772950
Y -0.207417 -0.961413 -0.180731
Z 0.744648 -0.274981 0.608182

PART 3
OFFSET 16.799000 -3.104373 -3.890693
SCALE 1.000000 1.000000 1.000000
X 0.999996 0.000154 0.002839
Y -0.000182 0.999952 0.009826
Z -0.002837 -0.009827 0.999948

PART 4
OFFSET 13.908927 18.076323 -17.331985
SCALE 1.000000 1.000000 1.000000
X 0.998737 0.041892 -0.027740
Y 0.021387 0.145113 0.989184
Z 0.045465 -0.988528 0.144033

PART 5
OFFSET 17.735157 4.640207 -12.410991
SCALE 1.000000 1.000000 1.000000
X 0.589095 -0.491136 0.641680
Y -0.784570 -0.157547 0.599691
Z -0.193435 -0.856718 -0.478140

PART 6
OFFSET 0.933806 -6.972455 -7.041844
SCALE 1.000000 1.000000 1.000000
X -0.953754 -0.234260 -0.188349
Y 0.217831 -0.106877 -0.970117
Z 0.207130 -0.966281 0.152964

PART 7
OFFSET 16.799000 -3.104373 -3.890693
SCALE 1.000000 1.000000 1.000000
X 0.999996 0.000154 0.002839
Y -0.000182 0.999952 0.009826
Z -0.002837 -0.009827 0.999948

PART 8
OFFSET 24.570595 0.711518 -6.261477
SCALE 1.000000 1.000000 1.000000
X 0.594296 -0.487854 0.639383
Y 0.203013 0.860263 0.467689
Z -0.778201 -0.148143 0.610292

PART 9
OFFSET 24.186895 -0.463058 -7.404634
SCALE 1.000000 1.000000 1.000000
X 0.594296 -0.487854 0.639383
Y 0.203013 0.860263 0.467689
Z -0.778201 -0.148143 0.610292

PART 10
OFFSET 22.866155 -0.040988 -4.454602
SCALE 1.000000 1.000000 1.000000
X 0.594296 -0.487854 0.639383
Y 0.203013 0.860263 0.467689
Z -0.778201 -0.148143 0.610292

PART 11
OFFSET 22.381895 -1.161036 -5.022478
SCALE 1.000000 1.000000 1.000000
X 0.594296 -0.487854 0.639383
Y 0.203013 0.860263 0.467689
Z -0.778201 -0.148143 0.610292

PART 12
OFFSET 22.791122 -1.340670 -6.134211
SCALE 1.000000 1.000000 1.000000
X 0.594296 -0.487854 0.639383
Y 0.203013 0.860263 0.467689
Z -0.778201 -0.148143 0.610292

PART 13
OFFSET 24.708100 -0.897717 -5.083255
SCALE 1.000000 1.000000 1.000000
X 0.865661 -0.346006 0.361816
Y -0.146874 0.515392 0.844274
Z -0.478601 -0.783997 0.395336

PART 14
OFFSET 22.873745 0.756701 -6.795283
SCALE 1.000000 1.000000 1.000000
X 0.657202 -0.523121 0.542614
Y 0.116264 0.781664 0.612767
Z -0.744693 -0.339626 0.574532

PART 15
OFFSET 10.718519 -5.131079 -3.518731
SCALE 1.000000 1.000000 1.000000
X -0.955598 -0.230989 -0.182964
Y -0.207556 0.968368 -0.138507
Z 0.209170 -0.094381 -0.973314

PART 16
OFFSET 10.302144 -3.851241 -3.530723
SCALE 1.000000 1.000000 1.000000
X -0.955598 -0.230989 -0.182964
Y -0.207556 0.968368 -0.138507
Z 0.209170 -0.094381 -0.973314

PART 17
OFFSET 10.019256 -3.457887 -4.626607
SCALE 1.000000 1.000000 1.000000
X -0.955598 -0.230989 -0.182964
Y -0.207556 0.968368 -0.138507
Z 0.209170 -0.094381 -0.973314

PART 18
OFFSET 11.992562 -4.196224 -4.793674
SCALE 1.000000 1.000000 1.000000
X -0.981897 0.042093 0.184681
Y -0.189265 -0.257088 -0.947673
Z 0.007589 -0.965471 0.260400

PART 19
OFFSET 9.070227 -5.067122 -5.386788
SCALE 1.000000 1.000000 1.000000
X -0.961200 -0.230732 -0.151187
Y 0.086311 0.268998 -0.959266
Z 0.262002 -0.935095 -0.238647

PART 20
OFFSET 20.911315 -1.741582 -0.672151
SCALE 1.000000 1.000000 1.000000
X 0.999996 0.000154 0.002839
Y -0.000182 0.999952 0.009826
Z -0.002837 -0.009827 0.999948

PART 21
OFFSET 21.989240 -3.796181 -1.104162
SCALE 1.000000 1.000000 1.000000
X -0.001479 -0.824695 0.565576
Y 0.999996 0.000154 0.002839
Z -0.002428 0.565578 0.824691

PART 22
OFFSET 22.545038 -3.105562 -2.132765
SCALE 1.000000 1.000000 1.000000
X 0.999996 0.000154 0.002839
Y -0.000182 0.999952 0.009826
Z -0.002837 -0.009827 0.999948

PART 23
OFFSET 41.309767 -3.119100 -1.938568
SCALE 1.000000 1.000000 1.000000
X 0.999996 0.000154 0.002839
Y -0.000182 0.999952 0.009826
Z -0.002837 -0.009827 0.999948

PART 24
OFFSET 21.003484 -2.108251 -3.662018
SCALE 1.000000 1.000000 1.000000
X 0.999996 0.000154 0.002839
Y -0.000182 0.999952 0.009826
Z -0.002837 -0.009827 0.999948

PART 25
OFFSET 28.107351 -1.576386 -3.252521
SCALE 1.000000 1.000000 1.000000
X 0.742953 -0.665646 -0.070255
Y -0.502131 -0.623676 0.599076
Z -0.442589 -0.409808 -0.797604

PART 26
OFFSET 28.123395 -2.253205 -4.095797
SCALE 1.000000 1.000000 1.000000
X 0.464282 -0.806744 0.365522
Y -0.756195 -0.146214 0.637802
Z -0.461098 -0.572526 -0.677940

PART 27
OFFSET 25.622771 -2.016437 -5.791748
SCALE 1.000000 1.000000 1.000000
X 0.489666 -0.805017 0.334924
Y -0.749329 -0.192141 0.633709
Z -0.445794 -0.561274 -0.697308

PART 28
OFFSET 25.693209 -1.520433 -4.977623
SCALE 1.000000 1.000000 1.000000
X 0.779441 -0.615061 0.119047
Y -0.615356 -0.716012 0.329643
Z -0.117512 -0.330194 -0.936570

PART 29
OFFSET 24.957946 -0.698313 -3.740580
SCALE 1.000000 1.000000 1.000000
X 0.806819 -0.058798 0.587865
Y -0.028608 0.989980 0.138281
Z -0.590106 -0.128385 0.797053

PART 30
OFFSET 26.886938 -1.566259 -2.415473
SCALE 1.000000 1.000000 1.000000
X 0.709828 -0.643212 0.287092
Y 0.703356 0.669167 -0.239802
Z -0.037869 0.372146 0.927401

PART 31
OFFSET 26.404887 -3.308275 -3.954859
SCALE 1.000000 1.000000 1.000000
X -0.170010 -0.358919 -0.917755
Y 0.478649 0.783997 -0.395277
Z 0.861390 -0.506483 0.038508

PART 32
OFFSET 15.959069 -4.534035 -4.696419
SCALE 1.000000 1.000000 1.000000
X -0.994765 -0.062392 0.080930
Y 0.074527 -0.984810 0.156829
Z 0.069916 0.162039 0.984304

PART 33
OFFSET 15.692643 -4.612839 -5.784597
SCALE 1.000000 1.000000 1.000000
X -0.614303 -0.784370 0.086000
Y 0.763614 -0.618404 -0.185662
Z 0.198810 -0.048382 0.978843

PART 34
OFFSET 12.578960 -4.304342 -6.025030
SCALE 1.000000 1.000000 1.000000
X -0.857538 -0.123413 0.499398
Y 0.193554 -0.976864 0.090954
Z 0.476620 0.174657 0.861585

PART 35
OFFSET 12.937193 -4.279706 -5.405797
SCALE 1.000000 1.000000 1.000000
X -0.911877 -0.016263 0.410142
Y 0.127876 -0.960742 0.246215
Z 0.390036 0.276965 0.878158

PART 36
OFFSET 12.610355 -3.576774 -4.134292
SCALE 1.000000 1.000000 1.000000
X -0.783630 -0.570654 -0.245516
Y 0.334680 -0.054851 -0.940734
Z 0.523367 -0.819357 0.233969

PART 37
OFFSET 8.070174 -4.321142 -3.084123
SCALE 1.000000 1.000000 1.000000
X -0.885157 -0.179129 0.429430
Y -0.299967 0.925216 -0.232368
Z -0.355691 -0.334497 -0.872694

PART 38
OFFSET 22.543841 -3.109707 -1.711004
SCALE 1.000000 1.000000 1.000000
X 0.999996 0.000154 0.002839
Y -0.000182 0.999952 0.009826
Z -0.002837 -0.009827 0.999948

PART 39
OFFSET 29.415663 -2.690285 -3.467836
SCALE 1.000000 1.000000 1.000000
X 0.412301 -0.832737 0.369537
Y -0.822387 -0.165645 0.544281
Z -0.392030 -0.528310 -0.753127

PART 40
OFFSET 28.997796 -3.841622 -3.325894
SCALE 1.000000 1.000000 1.000000
X -0.574140 -0.218087 0.789177
Y -0.444148 0.892687 -0.076434
Z -0.687819 -0.394395 -0.609391

PART 41
OFFSET 26.831607 -3.767868 -4.967689
SCALE 1.000000 1.000000 1.000000
X 0.106710 -0.555920 0.824358
Y -0.657439 0.582533 0.477943
Z -0.745914 -0.592966 -0.303322

PART 42
OFFSET 27.705077 -3.173492 -4.812016
SCALE 1.000000 1.000000 1.000000
X 0.234000 -0.672073 0.702540
Y -0.727088 0.358742 0.585361
Z -0.645436 -0.647783 -0.404710

PART 43
OFFSET 26.705164 -0.722335 -2.425325
SCALE 1.000000 1.000000 1.000000
X 0.859520 -0.423182 0.286605
Y 0.330582 0.887973 0.319718
Z -0.389796 -0.180057 0.903127

PART 44
OFFSET 17.699190 -4.395149 -4.877328
SCALE 1.000000 1.000000 1.000000
X -0.592808 -0.803276 -0.057668
Y 0.804149 -0.594308 0.011926
Z -0.043852 -0.039304 0.998265

PART 45
OFFSET 16.871812 -3.041115 -5.935193
SCALE 1.000000 1.000000 1.000000
X 0.479373 -0.841959 -0.247600
Y 0.732016 0.539228 -0.416397
Z 0.484102 0.018362 0.874819

PART 46
OFFSET 14.609989 -4.054585 -7.051917
SCALE 1.000000 1.000000 1.000000
X -0.603953 -0.780987 0.159060
Y 0.693656 -0.613342 -0.377695
Z 0.392533 -0.117777 0.912166

PART 47
OFFSET 15.255072 -4.270018 -6.601489
SCALE 1.000000 1.000000 1.000000
X -0.570432 -0.819057 0.061264
Y 0.716090 -0.532478 -0.451312
Z 0.402271 -0.213572 0.890261

PART 48
OFFSET 14.284324 -2.268635 -3.529216
SCALE 1.000000 1.000000 1.000000
X -0.925066 -0.298806 0.234450
Y -0.098046 -0.408492 -0.907481
Z 0.366932 -0.862467 0.348586

PART 49
OFFSET 29.858004 -3.632125 -2.849682
SCALE 1.000000 1.000000 1.000000
X 0.003252 -0.668256 0.743925
Y -0.945060 0.241122 0.220728
Z -0.326879 -0.703772 -0.630758

PART 50
OFFSET 28.339360 -4.368021 -2.268161
SCALE 1.000000 1.000000 1.000000
X -0.618856 -0.041004 0.784434
Y -0.256747 0.954345 -0.152667
Z -0.742360 -0.295880 -0.601130

PART 51
OFFSET 26.981234 -4.558727 -3.788256
SCALE 1.000000 1.000000 1.000000
X -0.363760 0.297819 0.882600
Y -0.576848 0.671940 -0.464481
Z -0.731385 -0.678086 -0.072629

PART 52
OFFSET 28.091369 -4.352673 -3.565155
SCALE 1.000000 1.000000 1.000000
X -0.544641 0.299417 0.783400
Y -0.465369 0.669204 -0.579308
Z -0.697709 -0.680085 -0.225137

PART 53
OFFSET 28.071447 -1.227006 -1.859168
SCALE 1.000000 1.000000 1.000000
X 0.871858 0.036787 0.488376
Y -0.007382 0.998049 -0.062001
Z -0.489703 0.050451 0.870428

PART 54
OFFSET 18.216247 -3.327771 -4.714355
SCALE 1.000000 1.000000 1.000000
X 0.094200 -0.978523 -0.183354
Y 0.994994 0.086363 0.050284
Z -0.033369 -0.187173 0.981760

PART 55
OFFSET 16.048617 -1.900195 -5.528660
SCALE 1.000000 1.000000 1.000000
X 0.870529 0.218633 -0.440885
Y -0.232526 0.972317 0.023045
Z 0.433718 0.082456 0.897268

PART 56
OFFSET 15.474506 -2.927589 -7.274494
SCALE 1.000000 1.000000 1.000000
X 0.225367 -0.878751 -0.420722
Y 0.939469 0.310401 -0.145085
Z 0.258087 -0.362557 0.895513

PART 57
OFFSET 16.236680 -2.827909 -6.699991
SCALE 1.000000 1.000000 1.000000
X 0.485927 -0.747626 -0.452692
Y 0.778510 0.605665 -0.164598
Z 0.397238 -0.272443 0.876343

PART 58
OFFSET 15.665222 -1.963781 -4.152620
SCALE 1.000000 1.000000 1.000000
X -0.698899 0.133925 0.702570
Y -0.693995 -0.364520 -0.620884
Z 0.172949 -0.921515 0.347706

PART 59
OFFSET 29.861723 -4.386928 -2.009436
SCALE 1.000000 1.000000 1.000000
X 0.759693 -0.198666 -0.619192
Y -0.242197 0.797239 -0.552947
Z 0.603496 0.570036 0.557541

PART 60
OFFSET 27.633383 -4.417230 -1.383879
SCALE 1.000000 1.000000 1.000000
X 0.688960 -0.557714 -0.462914
Y 0.147239 0.733055 -0.664041
Z 0.709686 0.389339 0.587163

PART 61
OFFSET 26.722443 -4.312179 -3.168376
SCALE 1.000000 1.000000 1.000000
X -0.443903 0.255019 0.859020
Y -0.596264 0.631539 -0.495608
Z -0.668894 -0.732205 -0.128283

PART 62
OFFSET 27.495192 -4.175958 -2.457380
SCALE 1.000000 1.000000 1.000000
X -0.685516 0.094634 0.721881
Y -0.444621 0.730733 -0.518017
Z -0.576525 -0.676072 -0.458852

PART 63
OFFSET 28.991733 -1.167922 -1.292233
SCALE 1.000000 1.000000 1.000000
X 0.956628 0.200456 -0.211377
Y -0.129270 -0.358141 -0.924675
Z -0.261060 0.911895 -0.316695

PART 64
OFFSET 18.109898 -2.222567 -4.507238
SCALE 1.000000 1.000000 1.000000
X -0.938078 0.187675 0.291184
Y 0.213008 0.975352 0.057588
Z -0.273199 0.116047 -0.954932

PART 65
OFFSET 15.059448 -2.147743 -5.035637
SCALE 1.000000 1.000000 1.000000
X -0.548474 -0.794024 0.262113
Y -0.704748 0.607674 0.366145
Z -0.450007 0.016097 -0.892880

PART 66
OFFSET 15.272798 -2.145626 -6.899175
SCALE 1.000000 1.000000 1.000000
X 0.866207 -0.101932 -0.489178
Y 0.313962 0.872621 0.374112
Z 0.388733 -0.477642 0.787873

PART 67
OFFSET 15.483197 -1.869461 -6.045387
SCALE 1.000000 1.000000 1.000000
X 0.923180 0.225576 -0.311213
Y -0.123718 0.940976 0.315051
Z 0.363912 -0.252346 0.896599

PART 68
OFFSET 16.424935 -2.060262 -4.917747
SCALE 1.000000 1.000000 1.000000
X -0.770049 0.615655 0.167313
Y 0.479829 0.731720 -0.484097
Z -0.420463 -0.292497 -0.858869

PART 69
OFFSET 26.300725 -4.069905 -2.352284
SCALE 1.000000 1.000000 1.000000
X 0.811152 -0.484733 -0.327208
Y -0.248750 0.220400 -0.943158
Z 0.529297 0.846438 0.058201

PART 70
OFFSET 26.751790 -4.073361 -1.674513
SCALE 1.000000 1.000000 1.000000
X 0.784418 -0.531185 -0.320205
Y 0.053029 0.571813 -0.818668
Z 0.617962 0.625198 0.476709

PART 71
OFFSET 14.449867 -2.048781 -6.434450
SCALE 1.000000 1.000000 1.000000
X -0.916125 -0.400141 0.024533
Y -0.271455 0.664202 0.696526
Z -0.295004 0.631445 -0.717112

PART 72
OFFSET 14.481985 -2.114061 -5.707830
SCALE 1.000000 1.000000 1.000000
X -0.665991 -0.735705 0.123266
Y -0.645537 0.651218 0.398996
Z -0.373816 0.186155 -0.908630

PART 73
OFFSET 0.000000 0.000000 0.000000
SCALE 1.000000 1.000000 1.000000
X 1.000000 0.000000 0.000000
Y 0.000000 1.000000 0.000000
Z 0.000000 0.000000 1.000000

PART 74
OFFSET 0.000000 0.000000 0.000000
SCALE 1.000000 1.000000 1.000000
X 0.999999 -0.000986 -0.000601
Y 0.000985 0.999999 -0.001087
Z 0.000602 0.001086 0.999999

PART 75
OFFSET 1.543039 0.002973 4.134898
SCALE 1.000000 1.000000 1.000000
X 0.999999 -0.000986 -0.000601
Y 0.000985 0.999999 -0.001087
Z 0.000602 0.001086 0.999999

PART 76
OFFSET -4.632660 0.003072 -1.374174
SCALE 1.000000 1.000000 1.000000
X 0.999999 -0.000986 -0.000601
Y 0.000985 0.999999 -0.001087
Z 0.000602 0.001086 0.999999

FRAME 2
PART 0
OFFSET 0.000000 0.000000 0.000000
SCALE 1.000000 1.000000 1.000000
X 1.000000 0.000000 0.000000
Y 0.000000 1.000000 0.000000
Z 0.000000 0.000000 1.000000

PART 1
OFFSET 6.277890 4.518609 -8.349709
SCALE 1.000000 1.000000 1.000000
X 0.911204 0.087237 -0.402612
Y 0.096648 -0.995314 0.003074
Z -0.400457 -0.041713 -0.915365

PART 2
OFFSET -6.553530 -7.020873 2.347659
SCALE 1.000000 1.000000 1.000000
X -0.594035 0.013560 0.804325
Y -0.228999 -0.961340 -0.152921
Z 0.771156 -0.275030 0.574175

PART 3
OFFSET 16.331575 -3.154642 -3.858000
SCALE 1.000000 1.000000 1.000000
X 0.999941 0.002137 0.010687
Y -0.002500 0.999416 0.034065
Z -0.010608 -0.034090 0.999362

PART 4
OFFSET 13.908927 18.076323 -17.331985
SCALE 1.000000 1.000000 1.000000
X 0.998737 0.041892 -0.027740
Y 0.021387 0.145113 0.989184
Z 0.045465 -0.988528 0.144033

PART 5
OFFSET 17.902965 5.964096 -13.738888
SCALE 1.000000 1.000000 1.000000
X 0.458262 -0.528797 0.714401
Y -0.864228 -0.077345 0.497120
Z -0.207620 -0.845217 -0.492446

PART 6
OFFSET 0.664724 -7.286737 -7.648130
SCALE 1.000000 1.000000 1.000000
X -0.936680 -0.257803 -0.236998
Y 0.267482 -0.089909 -0.959359
Z 0.226017 -0.962005 0.153174

PART 7
OFFSET 16.331575 -3.154642 -3.858000
SCALE 1.000000 1.000000 1.000000
X 0.999941 0.002137 0.010687
Y -0.002500 0.999416 0.034065
Z -0.010608 -0.034090 0.999362

PART 8
OFFSET 23.539714 1.567455 -6.748113
SCALE 1.000000 1.000000 1.000000
X 0.463981 -0.526025 0.712754
Y 0.218707 0.847719 0.483260
Z -0.858422 -0.068340 0.508371

PART 9
OFFSET 23.198890 0.410009 -7.921919
SCALE 1.000000 1.000000 1.000000
X 0.463981 -0.526025 0.712754
Y 0.218707 0.847719 0.483260
Z -0.858422 -0.068340 0.508371

PART 10
OFFSET 21.562747 1.000110 -5.165109
SCALE 1.000000 1.000000 1.000000
X 0.463981 -0.526025 0.712754
Y 0.218707 0.847719 0.483260
Z -0.858422 -0.068340 0.508371

PART 11
OFFSET 21.055529 -0.083640 -5.781317
SCALE 1.000000 1.000000 1.000000
X 0.463981 -0.526025 0.712754
Y 0.218707 0.847719 0.483260
Z -0.858422 -0.068340 0.508371

PART 12
OFFSET 21.582834 -0.318786 -6.831242
SCALE 1.000000 1.000000 1.000000
X 0.463981 -0.526025 0.712754
Y 0.218707 0.847719 0.483260
Z -0.858422 -0.068340 0.508371

PART 13
OFFSET 23.307973 -0.061595 -5.501678
SCALE 1.000000 1.000000 1.000000
X 0.866485 -0.303001 0.396729
Y -0.250787 0.422946 0.870760
Z -0.431637 -0.853995 0.290488

PART 14
OFFSET 21.907200 1.730056 -7.492806
SCALE 1.000000 1.000000 1.000000
X 0.533855 -0.560291 0.633303
Y -0.001438 0.748357 0.663294
Z -0.845575 -0.355014 0.398709

PART 15
OFFSET 10.212614 -5.221684 -3.633539
SCALE 1.000000 1.000000 1.000000
X -0.938873 -0.254644 -0.231677
Y -0.227202 0.963915 -0.138734
Z 0.258645 -0.077616 -0.962849

PART 16
OFFSET 9.762201 -3.953518 -3.652974
SCALE 1.000000 1.000000 1.000000
X -0.938873 -0.254644 -0.231677
Y -0.227202 0.963915 -0.138734
Z 0.258645 -0.077616 -0.962849

PART 17
OFFSET 9.522057 -3.555518 -4.757349
SCALE 1.000000 1.000000 1.000000
X -0.938873 -0.254644 -0.231677
Y -0.227202 0.963915 -0.138734
Z 0.258645 -0.077616 -0.962849

PART 18
OFFSET 11.528952 -4.234316 -4.824105
SCALE 1.000000 1.000000 1.000000
X -0.983315 0.035543 0.178407
Y -0.181742 -0.234491 -0.954979
Z 0.007892 -0.971468 0.237038

PART 19
OFFSET 8.657670 -5.187566 -5.576843
SCALE 1.000000 1.000000 1.000000
X -0.946459 -0.255217 -0.197686
Y 0.114803 0.306242 -0.945006
Z 0.301722 -0.917104 -0.260545

PART 20
OFFSET 20.415617 -1.861903 -0.575202
SCALE 1.000000 1.000000 1.000000
X 0.999941 0.002137 0.010687
Y -0.002500 0.999416 0.034065
Z -0.010608 -0.034090 0.999362

PART 21
OFFSET 21.501480 -3.903198 -1.048429
SCALE 1.000000 1.000000 1.000000
X -0.004037 -0.838175 0.545386
Y 0.999941 0.002137 0.010687
Z -0.010123 0.545397 0.838117

PART 22
OFFSET 22.063727 -3.186688 -2.055615
SCALE 1.000000 1.000000 1.000000
X 0.999941 0.002137 0.010687
Y -0.002500 0.999416 0.034065
Z -0.010608 -0.034090 0.999362

PART 23
OFFSET 40.826357 -3.166426 -1.714577
SCALE 1.000000 1.000000 1.000000
X 0.999941 0.002137 0.010687
Y -0.002500 0.999416 0.034065
Z -0.010608 -0.034090 0.999362

PART 24
OFFSET 20.531905 -2.155735 -3.572265
SCALE 1.000000 1.000000 1.000000
X 0.999941 0.002137 0.010687
Y -0.002500 0.999416 0.034065
Z -0.010608 -0.034090 0.999362

PART 25
OFFSET 26.624053 -0.602958 -3.474798
SCALE 1.000000 1.000000 1.000000
X 0.863135 -0.503987 -0.031546
Y -0.429998 -0.766300 0.477374
Z -0.264764 -0.398473 -0.878134

PART 26
OFFSET 26.746376 -1.198837 -4.371982
SCALE 1.000000 1.000000 1.000000
X 0.626224 -0.716692 0.306914
Y -0.726200 -0.392959 0.564107
Z -0.283686 -0.576138 -0.766542

PART 27
OFFSET 24.356605 -1.005301 -6.181676
SCALE 1.000000 1.000000 1.000000
X 0.557307 -0.770309 0.309892
Y -0.797491 -0.392710 0.458025
Z -0.231123 -0.502396 -0.833174

PART 28
OFFSET 24.317457 -0.613668 -5.385355
SCALE 1.000000 1.000000 1.000000
X 0.830878 -0.534422 0.155035
Y -0.556223 -0.805702 0.203619
Z 0.016094 -0.255416 -0.966697

PART 29
OFFSET 23.402892 0.025625 -4.149494
SCALE 1.000000 1.000000 1.000000
X 0.681764 0.004666 0.731557
Y -0.220106 0.954955 0.199034
Z -0.697675 -0.296715 0.652081

PART 30
OFFSET 25.349536 -0.781869 -2.740416
SCALE 1.000000 1.000000 1.000000
X 0.743756 -0.604335 0.285668
Y 0.654630 0.744968 -0.128381
Z -0.135228 0.282490 0.949691

PART 31
OFFSET 25.134563 -2.412407 -4.452676
SCALE 1.000000 1.000000 1.000000
X -0.073163 -0.287760 -0.954904
Y 0.431680 0.853994 -0.290426
Z 0.899055 -0.433461 0.061739

PART 32
OFFSET 15.491723 -4.567875 -4.708105
SCALE 1.000000 1.000000 1.000000
X -0.994296 -0.042293 0.097911
Y 0.054903 -0.990005 0.129908
Z 0.091438 0.134543 0.986680

PART 33
OFFSET 15.237124 -4.619037 -5.797525
SCALE 1.000000 1.000000 1.000000
X -0.613120 -0.787514 0.062489
Y 0.766363 -0.612121 -0.194924
Z 0.191757 -0.071623 0.978826

PART 34
OFFSET 12.124585 -4.311384 -6.053361
SCALE 1.000000 1.000000 1.000000
X -0.860882 -0.137264 0.489939
Y 0.195117 -0.978368 0.068740
Z 0.469905 0.154772 0.869042

PART 35
OFFSET 12.478223 -4.300976 -5.431091
SCALE 1.000000 1.000000 1.000000
X -0.914812 -0.028101 0.402901
Y 0.128269 -0.966144 0.223858
Z 0.382970 0.256467 0.887445

PART 36
OFFSET 12.140488 -3.629694 -4.145410
SCALE 1.000000 1.000000 1.000000
X -0.780507 -0.566201 -0.265002
Y 0.341676 -0.031376 -0.939294
Z 0.523514 -0.823670 0.217946

PART 37
OFFSET 7.594463 -4.408818 -3.147012
SCALE 1.000000 1.000000 1.000000
X -0.887862 -0.191329 0.418443
Y -0.300375 0.929931 -0.212141
Z -0.348534 -0.314041 -0.883121

PART 38
OFFSET 22.059253 -3.201066 -1.634100
SCALE 1.000000 1.000000 1.000000
X 0.999941 0.002137 0.010687
Y -0.002500 0.999416 0.034065
Z -0.010608 -0.034090 0.999362

PART 39
OFFSET 28.142394 -1.410938 -3.624829
SCALE 1.000000 1.000000 1.000000
X 0.560512 -0.758801 0.331735
Y -0.803951 -0.402451 0.437831
Z -0.198720 -0.512108 -0.835617

PART 40
OFFSET 27.959480 -2.614004 -3.750320
SCALE 1.000000 1.000000 1.000000
X -0.323344 -0.622121 0.713032
Y -0.741966 0.634347 0.217003
Z -0.587311 -0.458880 -0.666705

PART 41
OFFSET 25.650267 -2.663128 -5.336071
SCALE 1.000000 1.000000 1.000000
X 0.275797 -0.762245 0.585592
Y -0.733699 0.226642 0.640562
Z -0.620985 -0.606313 -0.496751

PART 42
OFFSET 26.487542 -2.040242 -5.136784
SCALE 1.000000 1.000000 1.000000
X 0.403094 -0.717662 0.567870
Y -0.779667 0.055613 0.623719
Z -0.479201 -0.694167 -0.537120

PART 43
OFFSET 24.822564 0.127419 -2.523292
SCALE 1.000000 1.000000 1.000000
X 0.826324 -0.262282 0.498394
Y 0.012555 0.893299 0.449287
Z -0.563055 -0.365000 0.741448

PART 44
OFFSET 17.231995 -4.447993 -4.915207
SCALE 1.000000 1.000000 1.000000
X -0.582802 -0.808976 -0.076811
Y 0.812021 -0.583380 -0.017019
Z -0.031042 -0.072291 0.996900

PART 45
OFFSET 16.413765 -3.041647 -5.901398
SCALE 1.000000 1.000000 1.000000
X 0.483095 -0.834712 -0.264340
Y 0.733806 0.550684 -0.397838
Z 0.477648 -0.001781 0.878549

PART 46
OFFSET 14.162493 -4.032581 -7.058922
SCALE 1.000000 1.000000 1.000000
X -0.603313 -0.785878 0.135684
Y 0.697800 -0.602563 -0.387289
Z 0.386120 -0.138976 0.911919

PART 47
OFFSET 14.804756 -4.257484 -6.609094
SCALE 1.000000 1.000000 1.000000
X -0.568990 -0.821500 0.037246
Y 0.720587 -0.519895 -0.458763
Z 0.396238 -0.234193 0.887778

PART 48
OFFSET 13.806992 -2.333044 -3.496579
SCALE 1.000000 1.000000 1.000000
X -0.926071 -0.306340 0.220339
Y -0.090472 -0.386630 -0.917786
Z 0.366344 -0.869869 0.330332

PART 49
OFFSET 28.798129 -2.290683 -3.099694
SCALE 1.000000 1.000000 1.000000
X 0.228486 -0.754786 0.614892
Y -0.966683 -0.101024 0.235199
Z -0.115406 -0.648145 -0.752721

PART 50
OFFSET 27.692792 -3.606429 -2.844028
SCALE 1.000000 1.000000 1.000000
X -0.467450 -0.416852 0.779567
Y -0.574675 0.813380 0.090341
Z -0.671743 -0.405768 -0.619769

PART 51
OFFSET 26.038098 -3.733630 -4.518870
SCALE 1.000000 1.000000 1.000000
X -0.254735 -0.227427 0.939887
Y -0.788927 0.610933 -0.065991
Z -0.559200 -0.758312 -0.335049

PART 52
OFFSET 27.169294 -3.263858 -4.187069
SCALE 1.000000 1.000000 1.000000
X -0.429051 -0.213013 0.877805
Y -0.754959 0.618119 -0.219010
Z -0.495936 -0.756673 -0.426021

PART 53
OFFSET 26.071808 -0.158617 -1.615506
SCALE 1.000000 1.000000 1.000000
X 0.683524 0.120951 0.719838
Y -0.190582 0.981540 0.016043
Z -0.704609 -0.148154 0.693957

PART 54
OFFSET 17.744774 -3.381076 -4.725685
SCALE 1.000000 1.000000 1.000000
X 0.089184 -0.972946 -0.213125
Y 0.995821 0.082879 0.038354
Z -0.019653 -0.215655 0.976272

PART 55
OFFSET 15.585013 -1.912632 -5.473483
SCALE 1.000000 1.000000 1.000000
X 0.873228 0.231068 -0.429047
Y -0.234911 0.970983 0.044826
Z 0.426955 0.061645 0.902169

PART 56
OFFSET 15.026035 -2.898710 -7.247821
SCALE 1.000000 1.000000 1.000000
X 0.230446 -0.867841 -0.440167
Y 0.939792 0.315801 -0.130616
Z 0.252359 -0.383565 0.888365

PART 57
OFFSET 15.783758 -2.811347 -6.665477
SCALE 1.000000 1.000000 1.000000
X 0.490933 -0.735432 -0.467039
Y 0.778305 0.611110 -0.144172
Z 0.391440 -0.292720 0.872404

PART 58
OFFSET 15.191711 -2.010290 -4.102243
SCALE 1.000000 1.000000 1.000000
X -0.704323 0.115418 0.700434
Y -0.688600 -0.350860 -0.634608
Z 0.172509 -0.929288 0.326596

PART 59
OFFSET 29.056249 -3.143205 -2.405190
SCALE 1.000000 1.000000 1.000000
X 0.765562 0.153977 -0.624665
Y -0.489640 0.769270 -0.410459
Z 0.417334 0.620092 0.664317

PART 60
OFFSET 27.159019 -4.081992 -1.965561
SCALE 1.000000 1.000000 1.000000
X 0.771062 -0.172088 -0.613065
Y -0.187452 0.858780 -0.476822
Z 0.608543 0.482580 0.629914

PART 61
OFFSET 25.848890 -3.885758 -3.817881
SCALE 1.000000 1.000000 1.000000
X -0.429087 -0.122173 0.894963
Y -0.732944 0.626158 -0.265930
Z -0.527898 -0.770065 -0.358223

PART 62
OFFSET 26.757756 -3.700715 -3.030099
SCALE 1.000000 1.000000 1.000000
X -0.606198 -0.290538 0.740346
Y -0.660653 0.702223 -0.265368
Z -0.442788 -0.649977 -0.617631

PART 63
OFFSET 26.775469 -0.017892 -0.805017
SCALE 1.000000 1.000000 1.000000
X 0.917885 0.386754 0.088925
Y 0.197541 -0.250939 -0.947632
Z -0.344186 0.887384 -0.306733

PART 64
OFFSET 17.644090 -2.282172 -4.484945
SCALE 1.000000 1.000000 1.000000
X -0.933323 0.180972 0.310091
Y 0.216169 0.972832 0.082881
Z -0.286667 0.144387 -0.947087

PART 65
OFFSET 14.592833 -2.174118 -4.993887
SCALE 1.000000 1.000000 1.000000
X -0.548559 -0.801286 0.238798
Y -0.708795 0.597153 0.375524
Z -0.443501 0.036738 -0.895521

PART 66
OFFSET 14.819801 -2.126480 -6.855207
SCALE 1.000000 1.000000 1.000000
X 0.869992 -0.088244 -0.485105
Y 0.309221 0.863978 0.397397
Z 0.384052 -0.495737 0.778941

PART 67
OFFSET 15.023318 -1.870603 -5.993467
SCALE 1.000000 1.000000 1.000000
X 0.924913 0.234984 -0.298861
Y -0.128170 0.932818 0.336783
Z 0.357922 -0.273190 0.892894

PART 68
OFFSET 15.957218 -2.086634 -4.863862
SCALE 1.000000 1.000000 1.000000
X -0.772657 0.609803 0.176467
Y 0.481682 0.744225 -0.462722
Z -0.413501 -0.272525 -0.868762

PART 69
OFFSET 25.441247 -4.001826 -2.967643
SCALE 1.000000 1.000000 1.000000
X 0.865065 -0.187377 -0.465351
Y -0.343706 0.454316 -0.821866
