// Export time: Tue Jun 14 06:58:37 2022

ANIMATION
VERSION 3

NUMPARTS 2
PART 0 "tag_view"
PART 1 "tag_torso"

FRAMERATE 30
NUMFRAMES 18
FRAME 0
PART 0
OFFSET 0.000000 0.000000 0.000000
SCALE 1.000000 1.000000 1.000000
X 1.000000 0.000000 0.000000
Y 0.000000 1.000000 0.000000
Z 0.000000 0.000000 1.000000

PART 1
OFFSET -4.631834 -0.000000 -1.376963
SCALE 1.000000 1.000000 1.000000
X 1.000000 0.000000 0.000000
Y 0.000000 1.000000 0.000000
Z 0.000000 0.000000 1.000000

FRAME 1
PART 0
OFFSET 0.000000 0.000000 0.000000
SCALE 1.000000 1.000000 1.000000
X 1.000000 0.000000 0.000000
Y 0.000000 1.000000 0.000000
Z 0.000000 0.000000 1.000000

PART 1
OFFSET -4.678706 0.060859 -1.376963
SCALE 1.000000 1.000000 1.000000
X 1.000000 0.000000 0.000015
Y 0.000000 0.999994 -0.003372
Z -0.000015 0.003372 0.999994

FRAME 2
PART 0
OFFSET 0.000000 0.000000 0.000000
SCALE 1.000000 1.000000 1.000000
X 1.000000 0.000000 0.000000
Y 0.000000 1.000000 0.000000
Z 0.000000 0.000000 1.000000

PART 1
OFFSET -4.795886 0.219093 -1.376963
SCALE 1.000000 1.000000 1.000000
X 1.000000 0.000000 0.000031
Y 0.000000 0.999977 -0.006744
Z -0.000031 0.006744 0.999977

FRAME 3
PART 0
OFFSET 0.000000 0.000000 0.000000
SCALE 1.000000 1.000000 1.000000
X 1.000000 0.000000 0.000000
Y 0.000000 1.000000 0.000000
Z 0.000000 0.000000 1.000000

PART 1
OFFSET -4.959938 0.462530 -1.375255
SCALE 1.000000 1.000000 1.000000
X 1.000000 -0.000002 0.000087
Y 0.000003 0.999883 -0.015321
Z -0.000086 0.015321 0.999883

FRAME 4
PART 0
OFFSET 0.000000 0.000000 0.000000
SCALE 1.000000 1.000000 1.000000
X 1.000000 0.000000 0.000000
Y 0.000000 1.000000 0.000000
Z 0.000000 0.000000 1.000000

PART 1
OFFSET -5.217735 0.766827 -1.371840
SCALE 1.000000 1.000000 1.000000
X 1.000000 -0.000003 0.000143
Y 0.000007 0.999714 -0.023897
Z -0.000142 0.023897 0.999714

FRAME 5
PART 0
OFFSET 0.000000 0.000000 0.000000
SCALE 1.000000 1.000000 1.000000
X 1.000000 0.000000 0.000000
Y 0.000000 1.000000 0.000000
Z 0.000000 0.000000 1.000000

PART 1
OFFSET -5.510685 1.113724 -1.365008
SCALE 1.000000 1.000000 1.000000
X 1.000000 -0.000004 0.000199
Y 0.000011 0.999473 -0.032471
Z -0.000198 0.032471 0.999473

FRAME 6
PART 0
OFFSET 0.000000 0.000000 0.000000
SCALE 1.000000 1.000000 1.000000
X 1.000000 0.000000 0.000000
Y 0.000000 1.000000 0.000000
Z 0.000000 0.000000 1.000000

PART 1
OFFSET -5.803635 1.460622 -1.358176
SCALE 1.000000 1.000000 1.000000
X 1.000000 -0.000005 0.000255
Y 0.000015 0.999157 -0.041043
Z -0.000254 0.041043 0.999157

FRAME 7
PART 0
OFFSET 0.000000 0.000000 0.000000
SCALE 1.000000 1.000000 1.000000
X 1.000000 0.000000 0.000000
Y 0.000000 1.000000 0.000000
Z 0.000000 0.000000 1.000000

PART 1
OFFSET -6.166894 1.801434 -1.344513
SCALE 1.000000 1.000000 1.000000
X 1.000000 -0.000005 0.000311
Y 0.000020 0.998769 -0.049611
Z -0.000310 0.049611 0.998769

FRAME 8
PART 0
OFFSET 0.000000 0.000000 0.000000
SCALE 1.000000 1.000000 1.000000
X 1.000000 0.000000 0.000000
Y 0.000000 1.000000 0.000000
Z 0.000000 0.000000 1.000000

PART 1
OFFSET -6.530153 2.142246 -1.330850
SCALE 1.000000 1.000000 1.000000
X 1.000000 -0.000005 0.000367
Y 0.000026 0.998306 -0.058176
Z -0.000366 0.058176 0.998306

FRAME 9
PART 0
OFFSET 0.000000 0.000000 0.000000
SCALE 1.000000 1.000000 1.000000
X 1.000000 0.000000 0.000000
Y 0.000000 1.000000 0.000000
Z 0.000000 0.000000 1.000000

PART 1
OFFSET -6.905129 2.422199 -1.310355
SCALE 1.000000 1.000000 1.000000
X 1.000000 -0.000004 0.000382
Y 0.000027 0.998105 -0.061541
Z -0.000381 0.061541 0.998104

FRAME 10
PART 0
OFFSET 0.000000 0.000000 0.000000
SCALE 1.000000 1.000000 1.000000
X 1.000000 0.000000 0.000000
Y 0.000000 1.000000 0.000000
Z 0.000000 0.000000 1.000000

PART 1
OFFSET -7.280106 2.629120 -1.283028
SCALE 1.000000 1.000000 1.000000
X 1.000000 -0.000002 0.000397
Y 0.000028 0.997891 -0.064905
Z -0.000396 0.064905 0.997891

FRAME 11
PART 0
OFFSET 0.000000 0.000000 0.000000
SCALE 1.000000 1.000000 1.000000
X 1.000000 0.000000 0.000000
Y 0.000000 1.000000 0.000000
Z 0.000000 0.000000 1.000000

PART 1
OFFSET -7.725391 2.775182 -1.243746
SCALE 1.000000 1.000000 1.000000
X 1.000000 -0.000002 0.000428
Y 0.000028 0.998117 -0.061343
Z -0.000427 0.061343 0.998117

FRAME 12
PART 0
OFFSET 0.000000 0.000000 0.000000
SCALE 1.000000 1.000000 1.000000
X 1.000000 0.000000 0.000000
Y 0.000000 1.000000 0.000000
Z 0.000000 0.000000 1.000000

PART 1
OFFSET -8.311293 2.896901 -1.185677
SCALE 1.000000 1.000000 1.000000
X 1.000000 -0.000004 0.000458
Y 0.000027 0.998731 -0.050366
Z -0.000457 0.050366 0.998731

FRAME 13
PART 0
OFFSET 0.000000 0.000000 0.000000
SCALE 1.000000 1.000000 1.000000
X 1.000000 0.000000 0.000000
Y 0.000000 1.000000 0.000000
Z 0.000000 0.000000 1.000000

PART 1
OFFSET -8.944065 2.969932 -1.119922
SCALE 1.000000 1.000000 1.000000
X 1.000000 -0.000006 0.000488
Y 0.000025 0.999224 -0.039383
Z -0.000488 0.039383 0.999224

FRAME 14
PART 0
OFFSET 0.000000 0.000000 0.000000
SCALE 1.000000 1.000000 1.000000
X 1.000000 0.000000 0.000000
Y 0.000000 1.000000 0.000000
Z 0.000000 0.000000 1.000000

PART 1
OFFSET -9.576838 3.042963 -1.054167
SCALE 1.000000 1.000000 1.000000
X 1.000000 -0.000000 0.000549
Y 0.000015 0.999658 -0.026133
Z -0.000549 0.026133 0.999658

FRAME 15
PART 0
OFFSET 0.000000 0.000000 0.000000
SCALE 1.000000 1.000000 1.000000
X 1.000000 0.000000 0.000000
Y 0.000000 1.000000 0.000000
Z 0.000000 0.000000 1.000000

PART 1
OFFSET -10.092432 3.079478 -0.997806
SCALE 1.000000 1.000000 1.000000
X 1.000000 0.000004 0.000610
Y 0.000004 0.999917 -0.012878
Z -0.000610 0.012878 0.999917

FRAME 16
PART 0
OFFSET 0.000000 0.000000 0.000000
SCALE 1.000000 1.000000 1.000000
X 1.000000 0.000000 0.000000
Y 0.000000 1.000000 0.000000
Z 0.000000 0.000000 1.000000

PART 1
OFFSET -10.467408 3.091650 -0.956816
SCALE 1.000000 1.000000 1.000000
X 1.000000 0.000001 0.000641
Y 0.000001 0.999994 -0.003601
Z -0.000641 0.003601 0.999993

FRAME 17
PART 0
OFFSET 0.000000 0.000000 0.000000
SCALE 1.000000 1.000000 1.000000
X 1.000000 0.000000 0.000000
Y 0.000000 1.000000 0.000000
Z 0.000000 0.000000 1.000000

PART 1
OFFSET -10.608024 3.103822 -0.941444
SCALE 1.000000 1.000000 1.000000
X 1.000000 0.000000 0.000641
Y -0.000000 1.000000 0.000000
Z -0.000641 -0.000000 1.000000

NOTETRACKS

PART 0
NUMTRACKS 0

PART 1
NUMTRACKS 0

