// Export time: Tue Jun 14 06:55:48 2022

ANIMATION
VERSION 3

NUMPARTS 77
PART 0 "tag_torso"
PART 1 "j_shoulder_le"
PART 2 "j_shoulder_ri"
PART 3 "tag_weapon"
PART 4 "tag_weapon1"
PART 5 "j_elbow_le"
PART 6 "j_elbow_ri"
PART 7 "j_gun"
PART 8 "j_sleave_reshape_bottom_le_1"
PART 9 "j_sleave_reshape_bottom_le_2"
PART 10 "j_sleave_reshape_top_le_1"
PART 11 "j_sleave_reshape_top_le_2"
PART 12 "j_sleave_reshape_top_le_3"
PART 13 "j_wrist_le"
PART 14 "j_wristtwist_le"
PART 15 "j_sleave_reshape_top_ri_1"
PART 16 "j_sleave_reshape_top_ri_2"
PART 17 "j_sleave_reshape_top_ri_3"
PART 18 "j_wrist_ri"
PART 19 "j_wristtwist_ri"
PART 20 "tag_bolt_animate"
PART 21 "tag_brass"
PART 22 "tag_clip"
PART 23 "tag_flash"
PART 24 "tag_mag_release_animate"
PART 25 "j_index_le_0"
PART 26 "j_mid_le_0"
PART 27 "j_pinkypalm_le"
PART 28 "j_ringpalm_le"
PART 29 "j_thumb_le_0"
PART 30 "j_webbing_le"
PART 31 "tag_knife_attach"
PART 32 "j_index_ri_0"
PART 33 "j_mid_ri_0"
PART 34 "j_pinkypalm_ri"
PART 35 "j_ringpalm_ri"
PART 36 "j_thumb_ri_0"
PART 37 "j_webbing_ri"
PART 38 "tag_bullet_animate"
PART 39 "j_index_le_1"
PART 40 "j_mid_le_1"
PART 41 "j_pinky_le_0"
PART 42 "j_ring_le_0"
PART 43 "j_thumb_le_1"
PART 44 "j_index_ri_1"
PART 45 "j_mid_ri_1"
PART 46 "j_pinky_ri_0"
PART 47 "j_ring_ri_0"
PART 48 "j_thumb_ri_1"
PART 49 "j_index_le_2"
PART 50 "j_mid_le_2"
PART 51 "j_pinky_le_1"
PART 52 "j_ring_le_1"
PART 53 "j_thumb_le_2"
PART 54 "j_index_ri_2"
PART 55 "j_mid_ri_2"
PART 56 "j_pinky_ri_1"
PART 57 "j_ring_ri_1"
PART 58 "j_thumb_ri_2"
PART 59 "j_index_le_3"
PART 60 "j_mid_le_3"
PART 61 "j_pinky_le_2"
PART 62 "j_ring_le_2"
PART 63 "j_thumb_le_3"
PART 64 "j_index_ri_3"
PART 65 "j_mid_ri_3"
PART 66 "j_pinky_ri_2"
PART 67 "j_ring_ri_2"
PART 68 "j_thumb_ri_3"
PART 69 "j_pinky_le_3"
PART 70 "j_ring_le_3"
PART 71 "j_pinky_ri_3"
PART 72 "j_ring_ri_3"
PART 73 "tag_cambone"
PART 74 "tag_camera"
PART 75 "tag_gasmask"
PART 76 "tag_gasmask2"

FRAMERATE 30
NUMFRAMES 7
FRAME 0
PART 0
OFFSET 0.000000 0.000000 0.000000
SCALE 1.000000 1.000000 1.000000
X 1.000000 0.000000 0.000000
Y 0.000000 1.000000 0.000000
Z 0.000000 0.000000 1.000000

PART 1
OFFSET 5.952329 4.944820 -8.765780
SCALE 1.000000 1.000000 1.000000
X 0.966010 -0.077975 -0.246465
Y -0.074600 -0.996948 0.023019
Z -0.247508 -0.003851 -0.968878

PART 2
OFFSET -6.828609 -7.077063 2.364876
SCALE 1.000000 1.000000 1.000000
X -0.651452 -0.017901 0.758479
Y -0.197345 -0.961311 -0.192187
Z 0.732574 -0.274883 0.622715

PART 3
OFFSET 16.987985 -3.092871 -3.896510
SCALE 1.000000 1.000000 1.000000
X 1.000000 0.000000 0.000000
Y 0.000000 1.000000 0.000000
Z 0.000000 0.000000 1.000000

PART 4
OFFSET 13.908927 18.076323 -17.331985
SCALE 1.000000 1.000000 1.000000
X 0.998737 0.041892 -0.027740
Y 0.021387 0.145113 0.989184
Z 0.045465 -0.988528 0.144033

PART 5
OFFSET 17.576800 3.965889 -11.697661
SCALE 1.000000 1.000000 1.000000
X 0.652796 -0.464730 0.598233
Y -0.735305 -0.198823 0.647917
Z -0.182164 -0.862841 -0.471509

PART 6
OFFSET 1.042964 -6.846546 -6.766211
SCALE 1.000000 1.000000 1.000000
X -0.960279 -0.223886 -0.166552
Y 0.195530 -0.114053 -0.974043
Z 0.199079 -0.967919 0.153299

PART 7
OFFSET 16.987985 -3.092871 -3.896510
SCALE 1.000000 1.000000 1.000000
X 1.000000 0.000000 0.000000
Y 0.000000 1.000000 0.000000
Z 0.000000 0.000000 1.000000

PART 8
OFFSET 24.980889 0.347758 -6.035247
SCALE 1.000000 1.000000 1.000000
X 0.657671 -0.461186 0.595631
Y 0.190858 0.866904 0.460489
Z -0.728726 -0.189169 0.658159

PART 9
OFFSET 24.581323 -0.838655 -7.160607
SCALE 1.000000 1.000000 1.000000
X 0.657671 -0.461186 0.595631
Y 0.190858 0.866904 0.460489
Z -0.728726 -0.189169 0.658159

PART 10
OFFSET 23.436236 -0.496379 -4.127983
SCALE 1.000000 1.000000 1.000000
X 0.657671 -0.461186 0.595631
Y 0.190858 0.866904 0.460489
Z -0.728726 -0.189169 0.658159

PART 11
OFFSET 22.971197 -1.636078 -4.672339
SCALE 1.000000 1.000000 1.000000
X 0.657671 -0.461186 0.595631
Y 0.190858 0.866904 0.460489
Z -0.728726 -0.189169 0.658159

PART 12
OFFSET 23.315524 -1.789963 -5.809636
SCALE 1.000000 1.000000 1.000000
X 0.657671 -0.461186 0.595631
Y 0.190858 0.866904 0.460489
Z -0.728726 -0.189169 0.658159

PART 13
OFFSET 25.308186 -1.240601 -4.907113
SCALE 1.000000 1.000000 1.000000
X 0.863400 -0.364545 0.348780
Y -0.103927 0.547975 0.830014
Z -0.493700 -0.752882 0.435235

PART 14
OFFSET 23.262201 0.321258 -6.460040
SCALE 1.000000 1.000000 1.000000
X 0.715760 -0.496143 0.491457
Y 0.153926 0.798520 0.581955
Z -0.681171 -0.340892 0.647918

PART 15
OFFSET 10.922458 -5.103983 -3.464292
SCALE 1.000000 1.000000 1.000000
X -0.961968 -0.220568 -0.161145
Y -0.199169 0.970079 -0.138847
Z 0.186948 -0.101471 -0.977115

PART 16
OFFSET 10.520912 -3.819395 -3.473710
SCALE 1.000000 1.000000 1.000000
X -0.961968 -0.220568 -0.161145
Y -0.199169 0.970079 -0.138847
Z 0.186948 -0.101471 -0.977115

PART 17
OFFSET 10.219002 -3.427948 -4.565193
SCALE 1.000000 1.000000 1.000000
X -0.961968 -0.220568 -0.161145
Y -0.199169 0.970079 -0.138847
Z 0.186948 -0.101471 -0.977115

PART 18
OFFSET 12.175387 -4.192356 -4.776083
SCALE 1.000000 1.000000 1.000000
X -0.981350 0.043994 0.187128
Y -0.192047 -0.266825 -0.944416
Z 0.008382 -0.962740 0.270298

PART 19
OFFSET 9.234175 -5.026763 -5.297575
SCALE 1.000000 1.000000 1.000000
X -0.966758 -0.219990 -0.130322
Y 0.072432 0.253184 -0.964703
Z 0.245220 -0.942074 -0.228833

PART 20
OFFSET 15.861820 -1.699267 -0.703196
SCALE 1.000000 1.000000 1.000000
X 1.000000 0.000000 0.000000
Y 0.000000 1.000000 0.000000
Z 0.000000 0.000000 1.000000

PART 21
OFFSET 22.186009 -3.758208 -1.118053
SCALE 1.000000 1.000000 1.000000
X -0.000000 -0.819097 0.573655
Y 1.000000 -0.000000 0.000000
Z 0.000000 0.573655 0.819097

PART 22
OFFSET 22.739179 -3.077859 -2.154993
SCALE 1.000000 1.000000 1.000000
X 1.000000 0.000000 0.000000
Y 0.000000 1.000000 0.000000
Z 0.000000 0.000000 1.000000

PART 23
OFFSET 41.504193 -3.092871 -2.013886
SCALE 1.000000 1.000000 1.000000
X 1.000000 0.000000 0.000000
Y 0.000000 1.000000 0.000000
Z 0.000000 0.000000 1.000000

PART 24
OFFSET 21.193255 -2.095314 -3.689565
SCALE 1.000000 1.000000 1.000000
X 1.000000 0.000000 0.000000
Y 0.000000 1.000000 0.000000
Z 0.000000 0.000000 1.000000

PART 25
OFFSET 28.731878 -1.983687 -3.152201
SCALE 1.000000 1.000000 1.000000
X 0.683164 -0.726484 -0.074211
Y -0.523047 -0.557695 0.644514
Z -0.509617 -0.401493 -0.760982

PART 26
OFFSET 28.704862 -2.688678 -3.971224
SCALE 1.000000 1.000000 1.000000
X 0.393166 -0.827872 0.400062
Y -0.751909 -0.039065 0.658108
Z -0.529201 -0.559556 -0.637844

PART 27
OFFSET 26.160361 -2.427717 -5.620708
SCALE 1.000000 1.000000 1.000000
X 0.461859 -0.816336 0.346816
Y -0.712037 -0.108105 0.693770
Z -0.528857 -0.567370 -0.631190

PART 28
OFFSET 26.282228 -1.891849 -4.804449
SCALE 1.000000 1.000000 1.000000
X 0.754531 -0.647417 0.107396
Y -0.633306 -0.675412 0.377813
Z -0.172066 -0.353086 -0.919632

PART 29
OFFSET 25.623524 -1.004523 -3.576251
SCALE 1.000000 1.000000 1.000000
X 0.844474 -0.100052 0.526168
Y 0.051217 0.992980 0.106616
Z -0.533141 -0.063085 0.843671

PART 30
OFFSET 27.540149 -1.897882 -2.280773
SCALE 1.000000 1.000000 1.000000
X 0.695197 -0.658305 0.288678
Y 0.718815 0.635307 -0.282293
Z 0.002436 0.403756 0.914864

PART 31
OFFSET 26.952688 -3.671565 -3.745573
SCALE 1.000000 1.000000 1.000000
X -0.209356 -0.382799 -0.899797
Y 0.493749 0.752883 -0.435178
Z 0.844027 -0.535381 0.031386

PART 32
OFFSET 16.143712 -4.528346 -4.686092
SCALE 1.000000 1.000000 1.000000
X -0.994641 -0.072028 0.074175
Y 0.083698 -0.982116 0.168649
Z 0.060701 0.173954 0.982881

PART 33
OFFSET 15.872562 -4.619168 -5.773566
SCALE 1.000000 1.000000 1.000000
X -0.614026 -0.783441 0.095875
Y 0.763081 -0.620284 -0.181536
Z 0.201692 -0.038307 0.978700

PART 34
OFFSET 12.758169 -4.313137 -6.007977
SCALE 1.000000 1.000000 1.000000
X -0.856060 -0.118265 0.503164
Y 0.193848 -0.975877 0.100431
Z 0.479149 0.183512 0.858335

PART 35
OFFSET 13.118222 -4.282137 -5.390087
SCALE 1.000000 1.000000 1.000000
X -0.910665 -0.012039 0.412970
Y 0.128627 -0.958158 0.255711
Z 0.392612 0.285986 0.874110

PART 36
OFFSET 12.795099 -3.566153 -4.124937
SCALE 1.000000 1.000000 1.000000
X -0.784334 -0.573148 -0.237322
Y 0.331911 -0.064529 -0.941101
Z 0.524076 -0.816907 0.240846

PART 37
OFFSET 8.258053 -4.299665 -3.053796
SCALE 1.000000 1.000000 1.000000
X -0.883884 -0.174698 0.433854
Y -0.300676 0.922777 -0.240992
Z -0.358250 -0.343458 -0.868155

PART 38
OFFSET 22.739179 -3.077859 -1.733209
SCALE 1.000000 1.000000 1.000000
X 1.000000 0.000000 0.000000
Y 0.000000 1.000000 0.000000
Z 0.000000 0.000000 1.000000

PART 39
OFFSET 29.934424 -3.213066 -3.372274
SCALE 1.000000 1.000000 1.000000
X 0.346140 -0.851039 0.394868
Y -0.814254 -0.063446 0.577031
Z -0.466023 -0.521256 -0.714923

PART 40
OFFSET 29.431087 -4.308987 -3.120389
SCALE 1.000000 1.000000 1.000000
X -0.623265 -0.016288 0.781841
Y -0.298407 0.929085 -0.218527
Z -0.722838 -0.369507 -0.583926

PART 41
OFFSET 27.328671 -4.225044 -4.800678
SCALE 1.000000 1.000000 1.000000
X 0.065358 -0.430985 0.899989
Y -0.609699 0.696734 0.377928
Z -0.789934 -0.573423 -0.217234

PART 42
OFFSET 28.219105 -3.633770 -4.663581
SCALE 1.000000 1.000000 1.000000
X 0.173169 -0.628000 0.758702
Y -0.686458 0.475437 0.550213
Z -0.706249 -0.616097 -0.348765

PART 43
OFFSET 27.476479 -1.118418 -2.400183
SCALE 1.000000 1.000000 1.000000
X 0.839514 -0.502938 0.205597
Y 0.452609 0.856676 0.247490
Z -0.300602 -0.114717 0.946826

PART 44
OFFSET 17.883253 -4.379288 -4.856431
SCALE 1.000000 1.000000 1.000000
X -0.595893 -0.801536 -0.049521
Y 0.801558 -0.597418 0.024412
Z -0.049152 -0.025148 0.998475

PART 45
OFFSET 17.051225 -3.049086 -5.943760
SCALE 1.000000 1.000000 1.000000
X 0.478665 -0.844464 -0.240334
Y 0.730772 0.534913 -0.424077
Z 0.486675 0.027362 0.873154

PART 46
OFFSET 14.786155 -4.073973 -7.043354
SCALE 1.000000 1.000000 1.000000
X -0.603461 -0.779307 0.168865
Y 0.692558 -0.617198 -0.373404
Z 0.395220 -0.108386 0.912170

PART 47
OFFSET 15.432572 -4.284760 -6.592634
SCALE 1.000000 1.000000 1.000000
X -0.570227 -0.818381 0.071368
Y 0.714773 -0.537096 -0.447915
Z 0.404897 -0.204401 0.891223

PART 48
OFFSET 14.470827 -2.251846 -3.538321
SCALE 1.000000 1.000000 1.000000
X -0.924364 -0.296375 0.240235
Y -0.100706 -0.417809 -0.902937
Z 0.367980 -0.858835 0.356360

PART 49
OFFSET 30.285992 -4.153889 -2.705071
SCALE 1.000000 1.000000 1.000000
X -0.078506 -0.598145 0.797533
Y -0.907463 0.374086 0.191235
Z -0.412732 -0.708719 -0.572163

PART 50
OFFSET 28.675853 -4.586040 -2.042817
SCALE 1.000000 1.000000 1.000000
X -0.639724 0.131283 0.757310
Y -0.120260 0.956072 -0.267327
Z -0.759138 -0.262090 -0.595834

PART 51
OFFSET 27.418203 -4.837557 -3.502169
SCALE 1.000000 1.000000 1.000000
X -0.362473 0.504411 0.783698
Y -0.498363 0.605666 -0.620325
Z -0.787558 -0.615417 0.031843

PART 52
OFFSET 28.492409 -4.736349 -3.288143
SCALE 1.000000 1.000000 1.000000
X -0.532894 0.503014 0.680441
Y -0.350363 0.600800 -0.718530
Z -0.770240 -0.621302 -0.143925

PART 53
OFFSET 28.840526 -1.739751 -1.970727
SCALE 1.000000 1.000000 1.000000
X 0.922347 -0.023968 0.385618
Y 0.068020 0.992558 -0.101002
Z -0.380327 0.119389 0.917114

PART 54
OFFSET 18.400755 -3.311196 -4.704953
SCALE 1.000000 1.000000 1.000000
X 0.097389 -0.980553 -0.170385
Y 0.994486 0.089185 0.055174
Z -0.038905 -0.174819 0.983832

PART 55
OFFSET 16.229190 -1.904041 -5.546570
SCALE 1.000000 1.000000 1.000000
X 0.869221 0.214082 -0.445672
Y -0.232484 0.972503 0.013723
Z 0.436355 0.091683 0.895091

PART 56
OFFSET 15.649987 -2.949315 -7.280063
SCALE 1.000000 1.000000 1.000000
X 0.224151 -0.883034 -0.412319
Y 0.939029 0.308889 -0.151037
Z 0.260732 -0.353324 0.898433

PART 57
OFFSET 16.413855 -2.843739 -6.708886
SCALE 1.000000 1.000000 1.000000
X 0.484613 -0.752246 -0.446404
Y 0.778005 0.603937 -0.173113
Z 0.399823 -0.263412 0.877927

PART 58
OFFSET 15.849869 -1.953427 -4.168905
SCALE 1.000000 1.000000 1.000000
X -0.696831 0.141149 0.703209
Y -0.695810 -0.370888 -0.615054
Z 0.173997 -0.917888 0.356659

PART 59
OFFSET 30.197364 -4.829509 -1.804273
SCALE 1.000000 1.000000 1.000000
X 0.728150 -0.342880 -0.593491
Y -0.142270 0.771416 -0.620223
Z 0.670491 0.536051 0.512925

PART 60
OFFSET 27.946027 -4.439882 -1.189136
SCALE 1.000000 1.000000 1.000000
X 0.618960 -0.693200 -0.369274
Y 0.263575 0.626219 -0.733743
Z 0.739877 0.356826 0.570314

PART 61
OFFSET 27.166513 -4.443980 -2.972932
SCALE 1.000000 1.000000 1.000000
X -0.424254 0.404326 0.810265
Y -0.556029 0.589923 -0.585511
Z -0.714731 -0.698936 -0.025460

PART 62
OFFSET 27.892576 -4.303202 -2.274352
SCALE 1.000000 1.000000 1.000000
X -0.683057 0.254802 0.684477
Y -0.366197 0.691382 -0.622809
Z -0.631928 -0.676068 -0.378946

PART 63
OFFSET 29.821705 -1.743306 -1.513442
SCALE 1.000000 1.000000 1.000000
X 0.939183 0.110195 -0.325258
Y -0.264068 -0.373781 -0.889132
Z -0.219553 0.920948 -0.321950

PART 64
OFFSET 18.290804 -2.203699 -4.512485
SCALE 1.000000 1.000000 1.000000
X -0.940218 0.189273 0.283135
Y 0.210580 0.976469 0.046520
Z -0.267667 0.103362 -0.957951

PART 65
OFFSET 15.241483 -2.146500 -5.048116
SCALE 1.000000 1.000000 1.000000
X -0.547678 -0.791283 0.271883
Y -0.703684 0.611411 0.361946
Z -0.452634 0.006910 -0.891670

PART 66
OFFSET 15.449363 -2.163536 -6.912220
SCALE 1.000000 1.000000 1.000000
X 0.864766 -0.106963 -0.490652
Y 0.315038 0.876424 0.364187
Z 0.391064 -0.469510 0.791599

PART 67
OFFSET 15.662280 -1.878603 -6.061974
SCALE 1.000000 1.000000 1.000000
X 0.922254 0.222359 -0.316234
Y -0.122816 0.944169 0.305715
Z 0.366557 -0.243108 0.898073

PART 68
OFFSET 16.607328 -2.057778 -4.935233
SCALE 1.000000 1.000000 1.000000
X -0.769570 0.617347 0.163235
Y 0.478382 0.726698 -0.493012
Z -0.422982 -0.301318 -0.854572

PART 69
OFFSET 26.763462 -4.059860 -2.203159
SCALE 1.000000 1.000000 1.000000
X 0.777550 -0.577646 -0.248476
Y -0.236795 0.097085 -0.966697
Z 0.582532 0.810493 -0.061295

PART 70
OFFSET 27.151836 -4.026908 -1.532044
SCALE 1.000000 1.000000 1.000000
X 0.734639 -0.639914 -0.225424
Y 0.118098 0.447799 -0.886301
Z 0.668101 0.624489 0.404543

PART 71
OFFSET 14.627800 -2.061912 -6.446095
SCALE 1.000000 1.000000 1.000000
X -0.916038 -0.399865 0.031347
Y -0.269421 0.671335 0.690451
Z -0.297131 0.624033 -0.722700

PART 72
OFFSET 14.662073 -2.119714 -5.718971
SCALE 1.000000 1.000000 1.000000
X -0.665605 -0.734396 0.132790
Y -0.644377 0.655291 0.394172
Z -0.376494 0.176796 -0.909393

PART 73
OFFSET 0.000000 0.000000 0.000000
SCALE 1.000000 1.000000 1.000000
X 1.000000 0.000000 0.000000
Y 0.000000 1.000000 0.000000
Z 0.000000 0.000000 1.000000

PART 74
OFFSET 0.000000 0.000000 0.000000
SCALE 1.000000 1.000000 1.000000
X 1.000000 0.000000 0.000000
Y 0.000000 1.000000 0.000000
Z 0.000000 0.000000 1.000000

PART 75
OFFSET 1.540551 0.000000 4.135826
SCALE 1.000000 1.000000 1.000000
X 1.000000 0.000000 0.000000
Y 0.000000 1.000000 0.000000
Z 0.000000 0.000000 1.000000

PART 76
OFFSET -4.631835 0.000000 -1.376957
SCALE 1.000000 1.000000 1.000000
X 1.000000 0.000000 0.000000
Y 0.000000 1.000000 0.000000
Z 0.000000 0.000000 1.000000

FRAME 1
PART 0
OFFSET 0.000000 0.000000 0.000000
SCALE 1.000000 1.000000 1.000000
X 1.000000 0.000000 0.000000
Y 0.000000 1.000000 0.000000
Z 0.000000 0.000000 1.000000

PART 1
OFFSET 6.073804 4.784762 -8.617981
SCALE 1.000000 1.000000 1.000000
X 0.952105 -0.025039 -0.304745
Y -0.023703 -0.999686 0.008085
Z -0.304851 -0.000475 -0.952400

PART 2
OFFSET -6.491224 -6.935919 2.460461
SCALE 1.000000 1.000000 1.000000
X -0.563093 0.029644 0.825862
Y -0.242050 -0.961444 -0.130525
Z 0.790151 -0.273398 0.548558

PART 3
OFFSET 15.921612 -3.092871 -3.923266
SCALE 1.000000 1.000000 1.000000
X 1.000000 0.000000 0.000000
Y 0.000000 1.000000 0.000000
Z 0.000000 0.000000 1.000000

PART 4
OFFSET 13.908927 18.076323 -17.331985
SCALE 1.000000 1.000000 1.000000
X 0.998737 0.041892 -0.027740
Y 0.021387 0.145113 0.989184
Z 0.045465 -0.988528 0.144033

PART 5
OFFSET 17.852954 4.639541 -12.520257
SCALE 1.000000 1.000000 1.000000
X 0.538180 -0.520133 0.663192
Y -0.815777 -0.123707 0.564981
Z -0.211824 -0.845079 -0.490889

PART 6
OFFSET 0.369030 -7.448684 -7.930891
SCALE 1.000000 1.000000 1.000000
X -0.925672 -0.273504 -0.261393
Y 0.292939 -0.080936 -0.952699
Z 0.239412 -0.958460 0.155040

PART 7
OFFSET 15.921612 -3.092871 -3.923266
SCALE 1.000000 1.000000 1.000000
X 1.000000 0.000000 0.000000
Y 0.000000 1.000000 0.000000
Z 0.000000 0.000000 1.000000

PART 8
OFFSET 24.233672 0.377540 -6.109632
SCALE 1.000000 1.000000 1.000000
X 0.543619 -0.517084 0.661137
Y 0.221991 0.848222 0.480874
Z -0.809443 -0.114646 0.575898

PART 9
OFFSET 23.845761 -0.773752 -7.274842
SCALE 1.000000 1.000000 1.000000
X 0.543619 -0.517084 0.661137
Y 0.221991 0.848222 0.480874
Z -0.809443 -0.114646 0.575898

PART 10
OFFSET 22.421227 -0.302971 -4.381012
SCALE 1.000000 1.000000 1.000000
X 0.543619 -0.517084 0.661137
Y 0.221991 0.848222 0.480874
Z -0.809443 -0.114646 0.575898

PART 11
OFFSET 21.910940 -1.397409 -4.975412
SCALE 1.000000 1.000000 1.000000
X 0.543619 -0.517084 0.661137
Y 0.221991 0.848222 0.480874
Z -0.809443 -0.114646 0.575898

PART 12
OFFSET 22.358515 -1.591317 -6.069834
SCALE 1.000000 1.000000 1.000000
X 0.543619 -0.517084 0.661137
Y 0.221991 0.848222 0.480874
Z -0.809443 -0.114646 0.575898

PART 13
OFFSET 24.239113 -1.244905 -4.935699
SCALE 1.000000 1.000000 1.000000
X 0.863262 -0.364989 0.348657
Y -0.103923 0.547425 0.830377
Z -0.493942 -0.753066 0.434641

PART 14
OFFSET 22.577062 0.512004 -6.716056
SCALE 1.000000 1.000000 1.000000
X 0.608906 -0.558649 0.563156
Y 0.172302 0.786139 0.593547
Z -0.774303 -0.264381 0.574941

PART 15
OFFSET 9.774911 -5.230429 -3.670335
SCALE 1.000000 1.000000 1.000000
X -0.928054 -0.270409 -0.256116
Y -0.240991 0.960285 -0.140627
Z 0.283972 -0.068788 -0.956362

PART 16
OFFSET 9.302354 -3.970460 -3.696109
SCALE 1.000000 1.000000 1.000000
X -0.928054 -0.270409 -0.256116
Y -0.240991 0.960285 -0.140627
Z 0.283972 -0.068788 -0.956362

PART 17
OFFSET 9.082742 -3.572030 -4.804595
SCALE 1.000000 1.000000 1.000000
X -0.928054 -0.270409 -0.256116
Y -0.240991 0.960285 -0.140627
Z 0.283972 -0.068788 -0.956362

PART 18
OFFSET 11.109747 -4.196255 -4.806055
SCALE 1.000000 1.000000 1.000000
X -0.981294 0.044124 0.187393
Y -0.192340 -0.266496 -0.944450
Z 0.008266 -0.962825 0.269998

PART 19
OFFSET 8.266647 -5.209580 -5.653921
SCALE 1.000000 1.000000 1.000000
X -0.936001 -0.270933 -0.224714
Y 0.143325 0.289733 -0.946316
Z 0.321495 -0.917960 -0.232359

PART 20
OFFSET 17.413899 -1.699267 -0.729938
SCALE 1.000000 1.000000 1.000000
X 1.000000 0.000000 0.000000
Y 0.000000 1.000000 0.000000
Z 0.000000 0.000000 1.000000

PART 21
OFFSET 21.119635 -3.758208 -1.144809
SCALE 1.000000 1.000000 1.000000
X -0.000000 -0.819097 0.573655
Y 1.000000 -0.000000 0.000000
Z 0.000000 0.573655 0.819097

PART 22
OFFSET 21.672806 -3.077859 -2.181749
SCALE 1.000000 1.000000 1.000000
X 1.000000 0.000000 0.000000
Y 0.000000 1.000000 0.000000
Z 0.000000 0.000000 1.000000

PART 23
OFFSET 40.437820 -3.092871 -2.040641
SCALE 1.000000 1.000000 1.000000
X 1.000000 0.000000 0.000000
Y 0.000000 1.000000 0.000000
Z 0.000000 0.000000 1.000000

PART 24
OFFSET 20.126882 -2.095314 -3.716321
SCALE 1.000000 1.000000 1.000000
X 1.000000 0.000000 0.000000
Y 0.000000 1.000000 0.000000
Z 0.000000 0.000000 1.000000

PART 25
OFFSET 27.662368 -1.990008 -3.180788
SCALE 1.000000 1.000000 1.000000
X 0.683005 -0.726593 -0.074610
Y -0.523274 -0.558017 0.644051
Z -0.509597 -0.400848 -0.761336

PART 26
OFFSET 27.635310 -2.694427 -4.000302
SCALE 1.000000 1.000000 1.000000
X 0.392911 -0.828240 0.399548
Y -0.752017 -0.039343 0.657968
Z -0.529236 -0.558991 -0.638309

PART 27
OFFSET 25.091117 -2.431728 -5.649986
SCALE 1.000000 1.000000 1.000000
X 0.461616 -0.816684 0.346321
Y -0.712166 -0.108417 0.693589
Z -0.528896 -0.566810 -0.631661

PART 28
OFFSET 25.212988 -1.896453 -4.833339
SCALE 1.000000 1.000000 1.000000
X 0.754363 -0.647668 0.107061
Y -0.633521 -0.675524 0.377251
Z -0.172011 -0.352410 -0.919902

PART 29
OFFSET 24.554307 -1.009821 -3.604627
SCALE 1.000000 1.000000 1.000000
X 0.844372 -0.100614 0.526225
Y 0.051435 0.992894 0.107309
Z -0.533283 -0.063543 0.843547

PART 30
OFFSET 26.470529 -1.904525 -2.309479
SCALE 1.000000 1.000000 1.000000
X 0.694999 -0.658668 0.288328
Y 0.719006 0.635333 -0.281747
Z 0.002393 0.403123 0.915143

PART 31
OFFSET 25.882871 -3.677058 -3.775593
SCALE 1.000000 1.000000 1.000000
X -0.209311 -0.382128 -0.900093
Y 0.493991 0.753067 -0.434583
Z 0.843897 -0.535601 0.031143

PART 32
OFFSET 15.078030 -4.533034 -4.717183
SCALE 1.000000 1.000000 1.000000
X -0.994635 -0.071860 0.074407
Y 0.083553 -0.982184 0.168324
Z 0.060985 0.173638 0.982919

PART 33
OFFSET 14.806585 -4.623468 -5.804615
SCALE 1.000000 1.000000 1.000000
X -0.614151 -0.783353 0.095790
Y 0.762916 -0.620374 -0.181923
Z 0.201935 -0.038649 0.978636

PART 34
OFFSET 11.692191 -4.316768 -6.038135
SCALE 1.000000 1.000000 1.000000
X -0.855954 -0.118256 0.503347
Y 0.193686 -0.975946 0.100080
Z 0.479404 0.183155 0.858269

PART 35
OFFSET 12.052408 -4.286027 -5.420329
SCALE 1.000000 1.000000 1.000000
X -0.910562 -0.011992 0.413199
Y 0.128509 -0.958262 0.255382
Z 0.392891 0.285641 0.874097

PART 36
OFFSET 11.729745 -3.570372 -4.154874
SCALE 1.000000 1.000000 1.000000
X -0.784504 -0.572924 -0.237299
Y 0.331658 -0.064302 -0.941206
Z 0.523981 -0.817082 0.240460

PART 37
OFFSET 7.192833 -4.303345 -3.082801
SCALE 1.000000 1.000000 1.000000
X -0.883807 -0.174662 0.434026
Y -0.300560 0.922909 -0.240630
Z -0.358538 -0.343121 -0.868170

PART 38
OFFSET 21.672806 -3.077859 -1.759965
SCALE 1.000000 1.000000 1.000000
X 1.000000 0.000000 0.000000
Y 0.000000 1.000000 0.000000
Z 0.000000 0.000000 1.000000

PART 39
OFFSET 28.864658 -3.219518 -3.401531
SCALE 1.000000 1.000000 1.000000
X 0.345881 -0.851392 0.394332
Y -0.814355 -0.063653 0.576865
Z -0.466038 -0.520653 -0.715353

PART 40
OFFSET 28.361027 -4.315493 -3.150478
SCALE 1.000000 1.000000 1.000000
X -0.623386 -0.016681 0.781737
Y -0.298156 0.929306 -0.217930
Z -0.722837 -0.368934 -0.584290

PART 41
OFFSET 26.258882 -4.229896 -4.831023
SCALE 1.000000 1.000000 1.000000
X 0.065122 -0.431622 0.899701
Y -0.609592 0.696616 0.378318
Z -0.790036 -0.573087 -0.217749

PART 42
OFFSET 27.149434 -3.638926 -4.693385
SCALE 1.000000 1.000000 1.000000
X 0.172908 -0.628565 0.758294
Y -0.686429 0.475218 0.550439
Z -0.706341 -0.615690 -0.349296

PART 43
OFFSET 26.407059 -1.124964 -2.428361
SCALE 1.000000 1.000000 1.000000
X 0.839365 -0.503277 0.205375
Y 0.452773 0.856399 0.248150
Z -0.300771 -0.115300 0.946701

PART 44
OFFSET 16.817556 -4.384257 -4.887921
SCALE 1.000000 1.000000 1.000000
X -0.596059 -0.801406 -0.049617
Y 0.801450 -0.597579 0.024022
Z -0.048901 -0.025447 0.998479

PART 45
OFFSET 15.985506 -3.053559 -5.974626
SCALE 1.000000 1.000000 1.000000
X 0.478442 -0.844481 -0.240717
Y 0.730766 0.534904 -0.424098
Z 0.486903 0.026998 0.873038

PART 46
OFFSET 13.719958 -4.077672 -7.073957
SCALE 1.000000 1.000000 1.000000
X -0.603567 -0.779244 0.168779
Y 0.692344 -0.617215 -0.373772
Z 0.395432 -0.108744 0.912035

PART 47
OFFSET 14.366449 -4.288723 -6.623468
SCALE 1.000000 1.000000 1.000000
X -0.570365 -0.818294 0.071261
Y 0.714555 -0.537095 -0.448263
Z 0.405085 -0.204754 0.891057

PART 48
OFFSET 13.405875 -2.256568 -3.568280
SCALE 1.000000 1.000000 1.000000
X -0.924359 -0.296272 0.240380
Y -0.101017 -0.417510 -0.903040
Z 0.367907 -0.859016 0.356001

PART 49
OFFSET 29.215906 -4.160883 -2.734925
SCALE 1.000000 1.000000 1.000000
X -0.078766 -0.598678 0.797108
Y -0.907404 0.374167 0.191357
Z -0.412813 -0.708226 -0.572714

PART 50
OFFSET 27.605566 -4.593113 -2.073210
SCALE 1.000000 1.000000 1.000000
X -0.639807 0.130910 0.757304
Y -0.119996 0.956285 -0.266684
Z -0.759110 -0.261500 -0.596129

PART 51
OFFSET 26.348075 -4.843327 -3.532924
SCALE 1.000000 1.000000 1.000000
X -0.362472 0.503955 0.783992
Y -0.498128 0.606211 -0.619981
Z -0.787707 -0.615254 0.031299

PART 52
OFFSET 27.422274 -4.742519 -3.318668
SCALE 1.000000 1.000000 1.000000
X -0.532878 0.502669 0.680709
Y -0.350115 0.601378 -0.718167
Z -0.770364 -0.621022 -0.144469

PART 53
OFFSET 27.770896 -1.746914 -1.999130
SCALE 1.000000 1.000000 1.000000
X 0.922284 -0.024451 0.385739
Y 0.068268 0.992612 -0.100306
Z -0.380437 0.118844 0.917139

PART 54
OFFSET 17.335302 -3.316311 -4.736245
SCALE 1.000000 1.000000 1.000000
X 0.097157 -0.980519 -0.170713
Y 0.994517 0.088978 0.054947
Z -0.038687 -0.175116 0.983788

PART 55
OFFSET 15.163791 -1.908479 -5.576871
SCALE 1.000000 1.000000 1.000000
X 0.869148 0.214053 -0.445828
Y -0.232294 0.972544 0.014083
Z 0.436602 0.091323 0.895008

PART 56
OFFSET 14.583945 -2.953107 -7.310539
SCALE 1.000000 1.000000 1.000000
X 0.223877 -0.882950 -0.412649
Y 0.939049 0.308756 -0.151182
Z 0.260894 -0.353652 0.898257

PART 57
OFFSET 15.347979 -2.847853 -6.739525
SCALE 1.000000 1.000000 1.000000
X 0.484354 -0.752201 -0.446760
Y 0.778077 0.603842 -0.173125
Z 0.399997 -0.263760 0.877743

PART 58
OFFSET 14.784812 -1.958219 -4.199125
SCALE 1.000000 1.000000 1.000000
X -0.696625 0.141065 0.703431
Y -0.696038 -0.370564 -0.614991
Z 0.173913 -0.918032 0.356331

PART 59
OFFSET 29.126984 -4.837105 -1.834607
SCALE 1.000000 1.000000 1.000000
X 0.728158 -0.342641 -0.593619
Y -0.141996 0.771878 -0.619711
Z 0.670539 0.535539 0.513396

PART 60
OFFSET 26.875646 -4.447374 -1.219538
SCALE 1.000000 1.000000 1.000000
X 0.618852 -0.693090 -0.369660
Y 0.263832 0.626663 -0.733271
Z 0.739875 0.356258 0.570671

PART 61
OFFSET 26.096398 -4.450056 -3.003453
SCALE 1.000000 1.000000 1.000000
X -0.424280 0.403866 0.810480
Y -0.555803 0.590457 -0.585186
Z -0.714891 -0.698751 -0.026050

PART 62
OFFSET 26.822389 -4.309931 -2.304667
SCALE 1.000000 1.000000 1.000000
X -0.683100 0.254489 0.684550
Y -0.365941 0.691898 -0.622386
Z -0.632030 -0.675657 -0.379507

PART 63
OFFSET 28.752005 -1.751015 -1.541700
SCALE 1.000000 1.000000 1.000000
X 0.939258 0.110199 -0.325041
Y -0.264023 -0.373105 -0.889430
Z -0.219288 0.921222 -0.321347

PART 64
OFFSET 17.225612 -2.208853 -4.543406
SCALE 1.000000 1.000000 1.000000
X -0.940110 0.189366 0.283434
Y 0.210779 0.976414 0.046768
Z -0.267892 0.103709 -0.957851

PART 65
OFFSET 14.176166 -2.150903 -5.078240
SCALE 1.000000 1.000000 1.000000
X -0.547760 -0.791262 0.271779
Y -0.703474 0.611434 0.362315
Z -0.452861 0.007272 -0.891552

PART 66
OFFSET 14.383565 -2.167402 -6.942402
SCALE 1.000000 1.000000 1.000000
X 0.864620 -0.106977 -0.490906
Y 0.315299 0.876251 0.364377
Z 0.391177 -0.469830 0.791354

PART 67
OFFSET 14.596755 -1.882774 -6.092122
SCALE 1.000000 1.000000 1.000000
X 0.922216 0.222280 -0.316401
Y -0.122557 0.944098 0.306038
Z 0.366740 -0.243456 0.897904

PART 68
OFFSET 15.542056 -2.062478 -4.965678
SCALE 1.000000 1.000000 1.000000
X -0.769410 0.617444 0.163623
Y 0.478395 0.726759 -0.492909
Z -0.423258 -0.300973 -0.854557

PART 69
OFFSET 25.693322 -4.066374 -2.233476
SCALE 1.000000 1.000000 1.000000
X 0.777452 -0.577657 -0.248759
Y -0.236627 0.097809 -0.966665
Z 0.582732 0.810398 -0.060648

PART 70
OFFSET 26.081603 -4.033977 -1.562280
SCALE 1.000000 1.000000 1.000000
X 0.734522 -0.639931 -0.225756
Y 0.118336 0.448383 -0.885973
Z 0.668187 0.624052 0.405075

PART 71
OFFSET 13.562142 -2.065765 -6.476036
SCALE 1.000000 1.000000 1.000000
X -0.916106 -0.399699 0.031457
Y -0.269116 0.671173 0.690727
Z -0.297196 0.624314 -0.722431

PART 72
OFFSET 13.596589 -2.123799 -5.748939
SCALE 1.000000 1.000000 1.000000
X -0.665712 -0.734309 0.132733
Y -0.644151 0.655292 0.394540
Z -0.376693 0.177150 -0.909242

PART 73
OFFSET 0.000000 0.000000 0.000000
SCALE 1.000000 1.000000 1.000000
X 1.000000 0.000000 0.000000
Y 0.000000 1.000000 0.000000
Z 0.000000 0.000000 1.000000

PART 74
OFFSET 0.000000 0.000000 0.000000
SCALE 1.000000 1.000000 1.000000
X 1.000000 0.000000 0.000000
Y 0.000000 1.000000 0.000000
Z 0.000000 0.000000 1.000000

PART 75
OFFSET 1.540551 0.000000 4.135826
SCALE 1.000000 1.000000 1.000000
X 1.000000 0.000000 0.000000
Y 0.000000 1.000000 0.000000
Z 0.000000 0.000000 1.000000

PART 76
OFFSET -4.631835 0.000000 -1.376957
SCALE 1.000000 1.000000 1.000000
X 1.000000 0.000000 0.000000
Y 0.000000 1.000000 0.000000
Z 0.000000 0.000000 1.000000

FRAME 2
PART 0
OFFSET 0.000000 0.000000 0.000000
SCALE 1.000000 1.000000 1.000000
X 1.000000 0.000000 0.000000
Y 0.000000 1.000000 0.000000
Z 0.000000 0.000000 1.000000

PART 1
OFFSET 6.021590 4.851787 -8.677559
SCALE 1.000000 1.000000 1.000000
X 0.958581 -0.047212 -0.280879
Y -0.044736 -0.998883 0.015226
Z -0.281284 -0.002030 -0.959622

PART 2
OFFSET -6.640537 -6.998674 2.424067
SCALE 1.000000 1.000000 1.000000
X -0.602832 0.008538 0.797822
Y -0.223778 -0.961617 -0.158795
Z 0.765844 -0.274262 0.581604

PART 3
OFFSET 16.418103 -3.092871 -3.920231
SCALE 1.000000 1.000000 1.000000
X 1.000000 0.000000 0.000000
Y 0.000000 1.000000 0.000000
Z 0.000000 0.000000 1.000000

PART 4
OFFSET 13.908927 18.076323 -17.331985
SCALE 1.000000 1.000000 1.000000
X 0.998737 0.041892 -0.027740
Y 0.021387 0.145113 0.989184
Z 0.045465 -0.988528 0.144033

PART 5
OFFSET 17.736068 4.355762 -12.178332
SCALE 1.000000 1.000000 1.000000
X 0.590800 -0.496591 0.635887
Y -0.781915 -0.158105 0.603002
Z -0.198908 -0.853464 -0.481701

PART 6
OFFSET 0.675568 -7.181809 -7.434085
SCALE 1.000000 1.000000 1.000000
X -0.942369 -0.251631 -0.220505
Y 0.251005 -0.095954 -0.963218
Z 0.221217 -0.963055 0.153585

PART 7
OFFSET 16.418103 -3.092871 -3.920231
SCALE 1.000000 1.000000 1.000000
X 1.000000 0.000000 0.000000
Y 0.000000 1.000000 0.000000
Z 0.000000 0.000000 1.000000

PART 8
OFFSET 24.590494 0.370722 -6.086482
SCALE 1.000000 1.000000 1.000000
X 0.596000 -0.493315 0.633580
Y 0.208444 0.857033 0.471218
Z -0.775458 -0.148780 0.613620

PART 9
OFFSET 24.196705 -0.796360 -7.233875
SCALE 1.000000 1.000000 1.000000
X 0.596000 -0.493315 0.633580
Y 0.208444 0.857033 0.471218
Z -0.775458 -0.148780 0.613620

PART 10
OFFSET 22.893086 -0.385707 -4.274631
SCALE 1.000000 1.000000 1.000000
X 0.596000 -0.493315 0.633580
Y 0.208444 0.857033 0.471218
Z -0.775458 -0.148780 0.613620

PART 11
OFFSET 22.401978 -1.501021 -4.845932
SCALE 1.000000 1.000000 1.000000
X 0.596000 -0.493315 0.633580
Y 0.208444 0.857033 0.471218
Z -0.775458 -0.148780 0.613620

PART 12
OFFSET 22.804684 -1.676050 -5.960776
SCALE 1.000000 1.000000 1.000000
X 0.596000 -0.493315 0.633580
Y 0.208444 0.857033 0.471218
Z -0.775458 -0.148780 0.613620

PART 13
OFFSET 24.740530 -1.240079 -4.928382
SCALE 1.000000 1.000000 1.000000
X 0.863293 -0.364589 0.348998
Y -0.104269 0.547736 0.830128
Z -0.493815 -0.753034 0.434842

PART 14
OFFSET 22.902237 0.434138 -6.612960
SCALE 1.000000 1.000000 1.000000
X 0.658251 -0.531961 0.532657
Y 0.165354 0.792460 0.587082
Z -0.734414 -0.298370 0.609599

PART 15
OFFSET 10.303442 -5.172973 -3.585418
SCALE 1.000000 1.000000 1.000000
X -0.944450 -0.248433 -0.215162
Y -0.222150 0.965034 -0.139137
Z 0.242205 -0.083609 -0.966616

PART 16
OFFSET 9.862378 -3.901497 -3.602924
SCALE 1.000000 1.000000 1.000000
X -0.944450 -0.248433 -0.215162
Y -0.222150 0.965034 -0.139137
Z 0.242205 -0.083609 -0.966616

PART 17
OFFSET 9.607151 -3.506290 -4.704916
SCALE 1.000000 1.000000 1.000000
X -0.944450 -0.248433 -0.215162
Y -0.222150 0.965034 -0.139137
Z 0.242205 -0.083609 -0.966616

PART 18
OFFSET 11.606281 -4.193264 -4.798948
SCALE 1.000000 1.000000 1.000000
X -0.981442 0.043971 0.186648
Y -0.191583 -0.266344 -0.944646
Z 0.008176 -0.962874 0.269826

PART 19
OFFSET 8.714831 -5.127727 -5.505570
SCALE 1.000000 1.000000 1.000000
X -0.951024 -0.248454 -0.183915
Y 0.113114 0.273995 -0.955056
Z 0.287679 -0.929084 -0.232472

PART 20
OFFSET 20.528840 -1.699267 -0.726889
SCALE 1.000000 1.000000 1.000000
X 1.000000 0.000000 0.000000
Y 0.000000 1.000000 0.000000
Z 0.000000 0.000000 1.000000

PART 21
OFFSET 21.616126 -3.758208 -1.141774
SCALE 1.000000 1.000000 1.000000
X -0.000000 -0.819097 0.573655
Y 1.000000 -0.000000 0.000000
Z 0.000000 0.573655 0.819097

PART 22
OFFSET 22.169296 -3.077859 -2.178713
SCALE 1.000000 1.000000 1.000000
X 1.000000 0.000000 0.000000
Y 0.000000 1.000000 0.000000
Z 0.000000 0.000000 1.000000

PART 23
OFFSET 40.934310 -3.092871 -2.037606
SCALE 1.000000 1.000000 1.000000
X 1.000000 0.000000 0.000000
Y 0.000000 1.000000 0.000000
Z 0.000000 0.000000 1.000000

PART 24
OFFSET 20.623372 -2.095314 -3.713286
SCALE 1.000000 1.000000 1.000000
X 1.000000 0.000000 0.000000
Y 0.000000 1.000000 0.000000
Z 0.000000 0.000000 1.000000

PART 25
OFFSET 28.163617 -1.983444 -3.172409
SCALE 1.000000 1.000000 1.000000
X 0.683236 -0.726422 -0.074160
Y -0.523251 -0.557907 0.644165
Z -0.509310 -0.401312 -0.761283

PART 26
OFFSET 28.136949 -2.688209 -3.991639
SCALE 1.000000 1.000000 1.000000
X 0.393068 -0.827959 0.399976
Y -0.752151 -0.039296 0.657818
Z -0.528929 -0.559410 -0.638196

PART 27
OFFSET 25.593043 -2.426943 -5.641993
SCALE 1.000000 1.000000 1.000000
X 0.461781 -0.816404 0.346759
Y -0.712287 -0.108343 0.693476
Z -0.528588 -0.567226 -0.631545

PART 28
OFFSET 25.714575 -1.891296 -4.825539
SCALE 1.000000 1.000000 1.000000
X 0.754531 -0.647401 0.107495
Y -0.633404 -0.675557 0.377389
Z -0.171703 -0.352839 -0.919795

PART 29
OFFSET 25.055360 -1.004354 -3.597338
SCALE 1.000000 1.000000 1.000000
X 0.844285 -0.100147 0.526453
Y 0.051117 0.992954 0.106912
Z -0.533450 -0.063354 0.843455

PART 30
OFFSET 26.971560 -1.897957 -2.301398
SCALE 1.000000 1.000000 1.000000
X 0.695131 -0.658343 0.288752
Y 0.718880 0.635431 -0.281849
Z 0.002072 0.403500 0.914977

PART 31
OFFSET 26.384751 -3.671267 -3.766912
SCALE 1.000000 1.000000 1.000000
X -0.208998 -0.382560 -0.899982
Y 0.493864 0.753034 -0.434784
Z 0.844048 -0.535338 0.031550

PART 32
OFFSET 15.574536 -4.529579 -4.707095
SCALE 1.000000 1.000000 1.000000
X -0.994684 -0.071994 0.073631
Y 0.083543 -0.982205 0.168206
Z 0.060211 0.173463 0.982998

PART 33
OFFSET 15.303935 -4.619843 -5.794752
SCALE 1.000000 1.000000 1.000000
X -0.614130 -0.783445 0.095173
Y 0.763130 -0.620248 -0.181453
Z 0.201189 -0.038806 0.978783

PART 34
OFFSET 12.189684 -4.313477 -6.030604
SCALE 1.000000 1.000000 1.000000
X -0.856326 -0.118454 0.502668
Y 0.193728 -0.975941 0.100047
Z 0.478723 0.183054 0.858671

PART 35
OFFSET 12.549424 -4.282807 -5.412515
SCALE 1.000000 1.000000 1.000000
X -0.910877 -0.012179 0.412499
Y 0.128429 -0.958294 0.255303
Z 0.392186 0.285526 0.874451

PART 36
OFFSET 12.225704 -3.567427 -4.147176
SCALE 1.000000 1.000000 1.000000
X -0.784253 -0.572975 -0.238007
Y 0.332387 -0.064087 -0.940963
Z 0.523895 -0.817063 0.240710

PART 37
OFFSET 7.688060 -4.301149 -3.078717
SCALE 1.000000 1.000000 1.000000
X -0.884118 -0.174850 0.433316
Y -0.300488 0.922917 -0.240689
Z -0.357830 -0.343003 -0.868508

PART 38
OFFSET 22.169296 -3.077859 -1.756930
SCALE 1.000000 1.000000 1.000000
X 1.000000 0.000000 0.000000
Y 0.000000 1.000000 0.000000
Z 0.000000 0.000000 1.000000

PART 39
OFFSET 29.366321 -3.212688 -3.392379
SCALE 1.000000 1.000000 1.000000
X 0.346046 -0.851127 0.394758
Y -0.814464 -0.063657 0.576711
Z -0.465726 -0.521085 -0.715241

PART 40
OFFSET 28.862958 -4.308710 -3.140987
SCALE 1.000000 1.000000 1.000000
X -0.623553 -0.016545 0.781606
Y -0.298383 0.929128 -0.218378
Z -0.722599 -0.369389 -0.584297

PART 41
OFFSET 26.761160 -4.224427 -4.822032
SCALE 1.000000 1.000000 1.000000
X 0.065051 -0.431233 0.899893
Y -0.609882 0.696591 0.377896
Z -0.789818 -0.573411 -0.217687

PART 42
OFFSET 27.651506 -3.633137 -4.684439
SCALE 1.000000 1.000000 1.000000
X 0.172926 -0.628201 0.758590
Y -0.686691 0.475241 0.550092
Z -0.706082 -0.616043 -0.349199

PART 43
OFFSET 26.907886 -1.118463 -2.420615
SCALE 1.000000 1.000000 1.000000
X 0.839469 -0.502943 0.205768
Y 0.452464 0.856635 0.247897
Z -0.300946 -0.114999 0.946682

PART 44
OFFSET 17.314174 -4.380559 -4.876472
SCALE 1.000000 1.000000 1.000000
X -0.595924 -0.801469 -0.050223
Y 0.801504 -0.597486 0.024526
Z -0.049664 -0.025638 0.998437

PART 45
OFFSET 16.482796 -3.049760 -5.963568
SCALE 1.000000 1.000000 1.000000
X 0.478729 -0.844379 -0.240507
Y 0.731026 0.535071 -0.423438
Z 0.486231 0.026895 0.873417

PART 46
OFFSET 14.218216 -4.073943 -7.064826
SCALE 1.000000 1.000000 1.000000
X -0.603602 -0.779348 0.168171
Y 0.692705 -0.617062 -0.373356
Z 0.394746 -0.108865 0.912318

PART 47
OFFSET 14.864388 -4.284999 -6.613880
SCALE 1.000000 1.000000 1.000000
X -0.570321 -0.818376 0.070672
Y 0.714964 -0.536925 -0.447815
Z 0.404427 -0.204870 0.891329

PART 48
OFFSET 13.901224 -2.253528 -3.559053
SCALE 1.000000 1.000000 1.000000
X -0.924507 -0.296429 0.239616
Y -0.100274 -0.417355 -0.903194
Z 0.367738 -0.859037 0.356124

PART 49
OFFSET 29.717699 -4.153676 -2.725309
SCALE 1.000000 1.000000 1.000000
X -0.078765 -0.598373 0.797337
Y -0.907557 0.373976 0.191003
Z -0.412476 -0.708584 -0.572514

PART 50
OFFSET 28.107342 -4.586110 -2.063772
SCALE 1.000000 1.000000 1.000000
X -0.640013 0.131032 0.757109
Y -0.120220 0.956139 -0.267104
Z -0.758901 -0.261970 -0.596189

PART 51
OFFSET 26.850248 -4.837298 -3.523661
SCALE 1.000000 1.000000 1.000000
X -0.362795 0.504170 0.783704
Y -0.498170 0.605808 -0.620341
Z -0.787532 -0.615475 0.031379

PART 52
OFFSET 27.924369 -4.736083 -3.309209
SCALE 1.000000 1.000000 1.000000
X -0.533178 0.502791 0.680384
Y -0.350134 0.600979 -0.718492
Z -0.770148 -0.621310 -0.144384

PART 53
OFFSET 28.271812 -1.739832 -1.990827
SCALE 1.000000 1.000000 1.000000
X 0.922206 -0.024019 0.385953
Y 0.067996 0.992591 -0.100700
Z -0.380674 0.119109 0.917006

PART 54
OFFSET 17.831674 -3.312578 -4.724201
SCALE 1.000000 1.000000 1.000000
X 0.097407 -0.980476 -0.170820
Y 0.994464 0.089088 0.055726
Z -0.039420 -0.175303 0.983725

PART 55
OFFSET 15.660638 -1.904854 -5.566231
SCALE 1.000000 1.000000 1.000000
X 0.869464 0.214241 -0.445122
Y -0.232422 0.972513 0.014086
Z 0.435904 0.091209 0.895359

PART 56
OFFSET 15.082248 -2.949230 -7.300536
SCALE 1.000000 1.000000 1.000000
X 0.224300 -0.882846 -0.412641
Y 0.939128 0.308898 -0.150404
Z 0.260248 -0.353787 0.898391

PART 57
OFFSET 15.845831 -2.843989 -6.728917
SCALE 1.000000 1.000000 1.000000
X 0.484788 -0.752059 -0.446528
Y 0.778136 0.603968 -0.172416
Z 0.399356 -0.263874 0.878001

PART 58
OFFSET 15.280609 -1.954895 -4.188785
SCALE 1.000000 1.000000 1.000000
X -0.697181 0.140850 0.702923
Y -0.695521 -0.370534 -0.615593
Z 0.173751 -0.918077 0.356294

PART 59
OFFSET 29.628779 -4.829553 -1.824733
SCALE 1.000000 1.000000 1.000000
X 0.728391 -0.342669 -0.593317
Y -0.142087 0.771581 -0.620060
Z 0.670267 0.535949 0.513323

PART 60
OFFSET 27.377190 -4.440236 -1.210321
SCALE 1.000000 1.000000 1.000000
X 0.619139 -0.693058 -0.369238
Y 0.263808 0.626440 -0.733470
Z 0.739643 0.356712 0.570688

PART 61
OFFSET 26.598337 -4.443884 -2.994407
SCALE 1.000000 1.000000 1.000000
X -0.424579 0.404074 0.810220
Y -0.555849 0.590052 -0.585552
Z -0.714678 -0.698973 -0.025920

PART 62
OFFSET 27.324132 -4.303256 -2.295518
SCALE 1.000000 1.000000 1.000000
X -0.683327 0.254568 0.684295
Y -0.366008 0.691533 -0.622752
Z -0.631745 -0.676001 -0.379369

PART 63
OFFSET 29.252821 -1.743454 -1.533178
SCALE 1.000000 1.000000 1.000000
X 0.939297 0.110343 -0.324879
Y -0.263715 -0.373549 -0.889334
Z -0.219490 0.921024 -0.321774

PART 64
OFFSET 17.721702 -2.205169 -4.531241
SCALE 1.000000 1.000000 1.000000
X -0.940350 0.189199 0.282748
Y 0.210624 0.976431 0.047111
Z -0.267170 0.103855 -0.958037

PART 65
OFFSET 14.672660 -2.147490 -5.068402
SCALE 1.000000 1.000000 1.000000
X -0.547872 -0.791379 0.271212
Y -0.703826 0.611282 0.361889
Z -0.452178 0.007383 -0.891897

PART 66
OFFSET 14.881491 -2.163618 -6.932408
SCALE 1.000000 1.000000 1.000000
X 0.865009 -0.106781 -0.490262
Y 0.314913 0.876221 0.364782
Z 0.390627 -0.469930 0.791566

PART 67
OFFSET 15.093993 -1.879121 -6.081912
SCALE 1.000000 1.000000 1.000000
X 0.922431 0.222451 -0.315653
Y -0.122906 0.944026 0.306119
Z 0.366081 -0.243578 0.898139

PART 68
OFFSET 16.038453 -2.058920 -4.954777
SCALE 1.000000 1.000000 1.000000
X -0.769610 0.617320 0.163147
Y 0.478684 0.726909 -0.492407
Z -0.422566 -0.300865 -0.854937

PART 69
OFFSET 26.194977 -4.060004 -2.224677
SCALE 1.000000 1.000000 1.000000
X 0.777678 -0.577529 -0.248349
Y -0.236443 0.097341 -0.966757
Z 0.582505 0.810546 -0.060853

PART 70
