// Export time: Tue Jun 14 08:56:34 2022

ANIMATION
VERSION 3

NUMPARTS 77
PART 0 "tag_cambone"
PART 1 "tag_camera"
PART 2 "tag_gasmask"
PART 3 "tag_gasmask2"
PART 4 "tag_torso"
PART 5 "j_shoulder_le"
PART 6 "j_shoulder_ri"
PART 7 "tag_weapon"
PART 8 "tag_weapon1"
PART 9 "j_elbow_le"
PART 10 "j_elbow_ri"
PART 11 "j_gun"
PART 12 "j_sleave_reshape_bottom_le_1"
PART 13 "j_sleave_reshape_bottom_le_2"
PART 14 "j_sleave_reshape_top_le_1"
PART 15 "j_sleave_reshape_top_le_2"
PART 16 "j_sleave_reshape_top_le_3"
PART 17 "j_wrist_le"
PART 18 "j_wristtwist_le"
PART 19 "j_sleave_reshape_top_ri_1"
PART 20 "j_sleave_reshape_top_ri_2"
PART 21 "j_sleave_reshape_top_ri_3"
PART 22 "j_wrist_ri"
PART 23 "j_wristtwist_ri"
PART 24 "tag_bolt_animate"
PART 25 "tag_brass"
PART 26 "tag_clip"
PART 27 "tag_flash"
PART 28 "tag_mag_release_animate"
PART 29 "j_index_le_0"
PART 30 "j_mid_le_0"
PART 31 "j_pinkypalm_le"
PART 32 "j_ringpalm_le"
PART 33 "j_thumb_le_0"
PART 34 "j_webbing_le"
PART 35 "tag_knife_attach"
PART 36 "j_index_ri_0"
PART 37 "j_mid_ri_0"
PART 38 "j_pinkypalm_ri"
PART 39 "j_ringpalm_ri"
PART 40 "j_thumb_ri_0"
PART 41 "j_webbing_ri"
PART 42 "tag_bullet_animate"
PART 43 "j_index_le_1"
PART 44 "j_mid_le_1"
PART 45 "j_pinky_le_0"
PART 46 "j_ring_le_0"
PART 47 "j_thumb_le_1"
PART 48 "j_index_ri_1"
PART 49 "j_mid_ri_1"
PART 50 "j_pinky_ri_0"
PART 51 "j_ring_ri_0"
PART 52 "j_thumb_ri_1"
PART 53 "j_index_le_2"
PART 54 "j_mid_le_2"
PART 55 "j_pinky_le_1"
PART 56 "j_ring_le_1"
PART 57 "j_thumb_le_2"
PART 58 "j_index_ri_2"
PART 59 "j_mid_ri_2"
PART 60 "j_pinky_ri_1"
PART 61 "j_ring_ri_1"
PART 62 "j_thumb_ri_2"
PART 63 "j_index_le_3"
PART 64 "j_mid_le_3"
PART 65 "j_pinky_le_2"
PART 66 "j_ring_le_2"
PART 67 "j_thumb_le_3"
PART 68 "j_index_ri_3"
PART 69 "j_mid_ri_3"
PART 70 "j_pinky_ri_2"
PART 71 "j_ring_ri_2"
PART 72 "j_thumb_ri_3"
PART 73 "j_pinky_le_3"
PART 74 "j_ring_le_3"
PART 75 "j_pinky_ri_3"
PART 76 "j_ring_ri_3"

FRAMERATE 30
NUMFRAMES 76
FRAME 0
PART 0
OFFSET 0.000000 0.000000 0.000000
SCALE 1.000000 1.000000 1.000000
X 1.000000 0.000000 0.000000
Y 0.000000 1.000000 0.000000
Z 0.000000 0.000000 1.000000

PART 1
OFFSET 0.000000 0.000000 0.000000
SCALE 1.000000 1.000000 1.000000
X 1.000000 0.000000 0.000000
Y 0.000000 1.000000 0.000000
Z 0.000000 0.000000 1.000000

PART 2
OFFSET 1.540547 -0.000004 4.135827
SCALE 1.000000 1.000000 1.000000
X 1.000000 0.000000 0.000000
Y 0.000000 1.000000 0.000000
Z 0.000000 0.000000 1.000000

PART 3
OFFSET -4.631835 0.000000 -1.376957
SCALE 1.000000 1.000000 1.000000
X 1.000000 0.000000 0.000000
Y 0.000000 1.000000 0.000000
Z 0.000000 0.000000 1.000000

PART 4
OFFSET 0.000000 0.000000 0.000000
SCALE 1.000000 1.000000 1.000000
X 1.000000 0.000000 0.000000
Y 0.000000 1.000000 0.000000
Z 0.000000 0.000000 1.000000

PART 5
OFFSET 5.952329 4.935097 -8.765780
SCALE 1.000000 1.000000 1.000000
X 0.966010 -0.077975 -0.246465
Y -0.074600 -0.996948 0.023019
Z -0.247508 -0.003851 -0.968878

PART 6
OFFSET -6.828609 -7.081019 2.364876
SCALE 1.000000 1.000000 1.000000
X -0.651452 -0.017901 0.758479
Y -0.197345 -0.961311 -0.192187
Z 0.732574 -0.274883 0.622715

PART 7
OFFSET 16.987957 -3.092871 -3.893680
SCALE 1.000000 1.000000 1.000000
X 1.000000 0.000000 0.000000
Y 0.000000 1.000000 0.000000
Z 0.000000 0.000000 1.000000

PART 8
OFFSET 13.908927 18.076323 -17.331985
SCALE 1.000000 1.000000 1.000000
X 0.998737 0.041892 -0.027740
Y 0.021387 0.145113 0.989184
Z 0.045465 -0.988528 0.144033

PART 9
OFFSET 17.576732 3.956113 -11.697735
SCALE 1.000000 1.000000 1.000000
X 0.652796 -0.464730 0.598233
Y -0.735305 -0.198823 0.647917
Z -0.182164 -0.862841 -0.471509

PART 10
OFFSET 1.042950 -6.850523 -6.766209
SCALE 1.000000 1.000000 1.000000
X -0.960279 -0.223886 -0.166552
Y 0.195530 -0.114053 -0.974043
Z 0.199079 -0.967919 0.153299

PART 11
OFFSET 16.987957 -3.092871 -3.893680
SCALE 1.000000 1.000000 1.000000
X 1.000000 0.000000 0.000000
Y 0.000000 1.000000 0.000000
Z 0.000000 0.000000 1.000000

PART 12
OFFSET 24.980821 0.337982 -6.035321
SCALE 1.000000 1.000000 1.000000
X 0.657671 -0.461186 0.595631
Y 0.190858 0.866904 0.460489
Z -0.728726 -0.189169 0.658159

PART 13
OFFSET 24.581255 -0.848431 -7.160681
SCALE 1.000000 1.000000 1.000000
X 0.657671 -0.461186 0.595631
Y 0.190858 0.866904 0.460489
Z -0.728726 -0.189169 0.658159

PART 14
OFFSET 23.436168 -0.506155 -4.128057
SCALE 1.000000 1.000000 1.000000
X 0.657671 -0.461186 0.595631
Y 0.190858 0.866904 0.460489
Z -0.728726 -0.189169 0.658159

PART 15
OFFSET 22.971130 -1.645854 -4.672413
SCALE 1.000000 1.000000 1.000000
X 0.657671 -0.461186 0.595631
Y 0.190858 0.866904 0.460489
Z -0.728726 -0.189169 0.658159

PART 16
OFFSET 23.315456 -1.799740 -5.809710
SCALE 1.000000 1.000000 1.000000
X 0.657671 -0.461186 0.595631
Y 0.190858 0.866904 0.460489
Z -0.728726 -0.189169 0.658159

PART 17
OFFSET 25.308123 -1.250481 -4.907174
SCALE 1.000000 1.000000 1.000000
X 0.863400 -0.364545 0.348780
Y -0.103927 0.547975 0.830014
Z -0.493700 -0.752882 0.435235

PART 18
OFFSET 23.262138 0.311391 -6.460104
SCALE 1.000000 1.000000 1.000000
X 0.715760 -0.496143 0.491457
Y 0.153926 0.798520 0.581955
Z -0.681171 -0.340892 0.647918

PART 19
OFFSET 10.922444 -5.107961 -3.464289
SCALE 1.000000 1.000000 1.000000
X -0.961968 -0.220568 -0.161145
Y -0.199169 0.970079 -0.138847
Z 0.186948 -0.101471 -0.977115

PART 20
OFFSET 10.520897 -3.823372 -3.473707
SCALE 1.000000 1.000000 1.000000
X -0.961968 -0.220568 -0.161145
Y -0.199169 0.970079 -0.138847
Z 0.186948 -0.101471 -0.977115

PART 21
OFFSET 10.218987 -3.431926 -4.565191
SCALE 1.000000 1.000000 1.000000
X -0.961968 -0.220568 -0.161145
Y -0.199169 0.970079 -0.138847
Z 0.186948 -0.101471 -0.977115

PART 22
OFFSET 12.175441 -4.196314 -4.776139
SCALE 1.000000 1.000000 1.000000
X -0.981350 0.043994 0.187128
Y -0.192047 -0.266825 -0.944416
Z 0.008382 -0.962740 0.270298

PART 23
OFFSET 9.234220 -5.030723 -5.297624
SCALE 1.000000 1.000000 1.000000
X -0.966758 -0.219990 -0.130322
Y 0.072432 0.253184 -0.964703
Z 0.245220 -0.942074 -0.228833

PART 24
OFFSET 21.098428 -1.699314 -0.700340
SCALE 1.000000 1.000000 1.000000
X 1.000000 0.000000 0.000000
Y 0.000000 1.000000 0.000000
Z 0.000000 0.000000 1.000000

PART 25
OFFSET 22.185980 -3.758208 -1.115223
SCALE 1.000000 1.000000 1.000000
X -0.000000 -0.819097 0.573655
Y 1.000000 -0.000000 0.000000
Z 0.000000 0.573655 0.819097

PART 26
OFFSET 22.738961 -3.077823 -2.152342
SCALE 1.000000 1.000000 1.000000
X 1.000000 0.000000 0.000000
Y 0.000000 1.000000 0.000000
Z 0.000000 0.000000 1.000000

PART 27
OFFSET 41.504165 -3.092871 -2.011055
SCALE 1.000000 1.000000 1.000000
X 1.000000 0.000000 0.000000
Y 0.000000 1.000000 0.000000
Z 0.000000 0.000000 1.000000

PART 28
OFFSET 21.193226 -2.095314 -3.686735
SCALE 1.000000 1.000000 1.000000
X 1.000000 0.000000 0.000000
Y 0.000000 1.000000 0.000000
Z 0.000000 0.000000 1.000000

PART 29
OFFSET 28.731805 -1.993559 -3.152254
SCALE 1.000000 1.000000 1.000000
X 0.683164 -0.726484 -0.074211
Y -0.523047 -0.557695 0.644514
Z -0.509617 -0.401493 -0.760982

PART 30
OFFSET 28.704802 -2.698558 -3.971285
SCALE 1.000000 1.000000 1.000000
X 0.393166 -0.827872 0.400062
Y -0.751909 -0.039065 0.658108
Z -0.529201 -0.559556 -0.637844

PART 31
OFFSET 26.160305 -2.437606 -5.620786
SCALE 1.000000 1.000000 1.000000
X 0.461859 -0.816336 0.346816
Y -0.712037 -0.108105 0.693770
Z -0.528857 -0.567370 -0.631190

PART 32
OFFSET 26.282174 -1.901736 -4.804518
SCALE 1.000000 1.000000 1.000000
X 0.754531 -0.647417 0.107396
Y -0.633306 -0.675412 0.377813
Z -0.172066 -0.353086 -0.919632

PART 33
OFFSET 25.623453 -1.014392 -3.576293
SCALE 1.000000 1.000000 1.000000
X 0.844474 -0.100052 0.526168
Y 0.051217 0.992980 0.106616
Z -0.533141 -0.063085 0.843671

PART 34
OFFSET 27.540087 -1.907763 -2.280833
SCALE 1.000000 1.000000 1.000000
X 0.695197 -0.658305 0.288678
Y 0.718815 0.635307 -0.282293
Z 0.002436 0.403756 0.914864

PART 35
OFFSET 26.952626 -3.681445 -3.745634
SCALE 1.000000 1.000000 1.000000
X -0.209356 -0.382799 -0.899797
Y 0.493749 0.752883 -0.435178
Z 0.844027 -0.535381 0.031386

PART 36
OFFSET 16.143747 -4.532310 -4.686137
SCALE 1.000000 1.000000 1.000000
X -0.994641 -0.072028 0.074175
Y 0.083698 -0.982116 0.168649
Z 0.060701 0.173954 0.982881

PART 37
OFFSET 15.872600 -4.623125 -5.773619
SCALE 1.000000 1.000000 1.000000
X -0.614026 -0.783441 0.095875
Y 0.763081 -0.620284 -0.181536
Z 0.201692 -0.038307 0.978700

PART 38
OFFSET 12.758215 -4.317098 -6.008038
SCALE 1.000000 1.000000 1.000000
X -0.856060 -0.118265 0.503164
Y 0.193848 -0.975877 0.100431
Z 0.479149 0.183512 0.858335

PART 39
OFFSET 13.118269 -4.286094 -5.390146
SCALE 1.000000 1.000000 1.000000
X -0.910665 -0.012039 0.412970
Y 0.128627 -0.958158 0.255711
Z 0.392612 0.285986 0.874110

PART 40
OFFSET 12.795156 -3.570113 -4.124988
SCALE 1.000000 1.000000 1.000000
X -0.784334 -0.573148 -0.237322
Y 0.331911 -0.064529 -0.941101
Z 0.524076 -0.816907 0.240846

PART 41
OFFSET 8.258108 -4.303622 -3.053852
SCALE 1.000000 1.000000 1.000000
X -0.883884 -0.174698 0.433854
Y -0.300676 0.922777 -0.240992
Z -0.358250 -0.343458 -0.868155

PART 42
OFFSET 22.738961 -3.077823 -1.730558
SCALE 1.000000 1.000000 1.000000
X 1.000000 0.000000 0.000000
Y 0.000000 1.000000 0.000000
Z 0.000000 0.000000 1.000000

PART 43
OFFSET 29.934342 -3.222927 -3.372329
SCALE 1.000000 1.000000 1.000000
X 0.346140 -0.851039 0.394868
Y -0.814254 -0.063446 0.577031
Z -0.466023 -0.521256 -0.714923

PART 44
OFFSET 29.431018 -4.318847 -3.120440
SCALE 1.000000 1.000000 1.000000
X -0.623265 -0.016288 0.781841
Y -0.298407 0.929085 -0.218527
Z -0.722838 -0.369507 -0.583926

PART 45
OFFSET 27.328655 -4.234925 -4.800764
SCALE 1.000000 1.000000 1.000000
X 0.065358 -0.430985 0.899989
Y -0.609699 0.696734 0.377928
Z -0.789934 -0.573423 -0.217234

PART 46
OFFSET 28.219049 -3.643679 -4.663655
SCALE 1.000000 1.000000 1.000000
X 0.173169 -0.628000 0.758702
Y -0.686458 0.475437 0.550213
Z -0.706249 -0.616097 -0.348765

PART 47
OFFSET 27.476412 -1.128290 -2.400235
SCALE 1.000000 1.000000 1.000000
X 0.839514 -0.502938 0.205597
Y 0.452609 0.856676 0.247490
Z -0.300602 -0.114717 0.946826

PART 48
OFFSET 17.883278 -4.383252 -4.856469
SCALE 1.000000 1.000000 1.000000
X -0.595893 -0.801536 -0.049521
Y 0.801558 -0.597418 0.024412
Z -0.049152 -0.025148 0.998475

PART 49
OFFSET 17.051274 -3.053036 -5.943849
SCALE 1.000000 1.000000 1.000000
X 0.478665 -0.844464 -0.240334
Y 0.730772 0.534913 -0.424077
Z 0.486675 0.027362 0.873154

PART 50
OFFSET 14.786202 -4.077926 -7.043418
SCALE 1.000000 1.000000 1.000000
X -0.603461 -0.779307 0.168865
Y 0.692558 -0.617198 -0.373404
Z 0.395220 -0.108386 0.912170

PART 51
OFFSET 15.432620 -4.288716 -6.592694
SCALE 1.000000 1.000000 1.000000
X -0.570227 -0.818381 0.071368
Y 0.714773 -0.537096 -0.447915
Z 0.404897 -0.204401 0.891223

PART 52
OFFSET 14.470870 -2.255825 -3.538338
SCALE 1.000000 1.000000 1.000000
X -0.924364 -0.296375 0.240235
Y -0.100706 -0.417809 -0.902937
Z 0.367980 -0.858835 0.356360

PART 53
OFFSET 30.285904 -4.163758 -2.705131
SCALE 1.000000 1.000000 1.000000
X -0.078506 -0.598145 0.797533
Y -0.907463 0.374086 0.191235
Z -0.412732 -0.708719 -0.572163

PART 54
OFFSET 28.675792 -4.595901 -2.042868
SCALE 1.000000 1.000000 1.000000
X -0.639724 0.131283 0.757310
Y -0.120260 0.956072 -0.267327
Z -0.759138 -0.262090 -0.595834

PART 55
OFFSET 27.418186 -4.847439 -3.502250
SCALE 1.000000 1.000000 1.000000
X -0.362473 0.504411 0.783698
Y -0.498363 0.605666 -0.620325
Z -0.787558 -0.615417 0.031843

PART 56
OFFSET 28.492349 -4.746247 -3.288223
SCALE 1.000000 1.000000 1.000000
X -0.532894 0.503014 0.680441
Y -0.350363 0.600800 -0.718530
Z -0.770240 -0.621302 -0.143925

PART 57
OFFSET 28.840465 -1.749626 -1.970785
SCALE 1.000000 1.000000 1.000000
X 0.922347 -0.023968 0.385618
Y 0.068020 0.992558 -0.101002
Z -0.380327 0.119389 0.917114

PART 58
OFFSET 18.400781 -3.315174 -4.704986
SCALE 1.000000 1.000000 1.000000
X 0.097389 -0.980553 -0.170385
Y 0.994486 0.089185 0.055174
Z -0.038905 -0.174819 0.983832

PART 59
OFFSET 16.229250 -1.907990 -5.546653
SCALE 1.000000 1.000000 1.000000
X 0.869221 0.214082 -0.445672
Y -0.232484 0.972503 0.013723
Z 0.436355 0.091683 0.895091

PART 60
OFFSET 15.650029 -2.953283 -7.280121
SCALE 1.000000 1.000000 1.000000
X 0.224151 -0.883034 -0.412319
Y 0.939029 0.308889 -0.151037
Z 0.260732 -0.353324 0.898433

PART 61
OFFSET 16.413894 -2.847698 -6.708917
SCALE 1.000000 1.000000 1.000000
X 0.484613 -0.752246 -0.446404
Y 0.778005 0.603937 -0.173113
Z 0.399823 -0.263412 0.877927

PART 62
OFFSET 15.849917 -1.957408 -4.168911
SCALE 1.000000 1.000000 1.000000
X -0.696831 0.141149 0.703209
Y -0.695810 -0.370888 -0.615054
Z 0.173997 -0.917888 0.356659

PART 63
OFFSET 30.197276 -4.839378 -1.804333
SCALE 1.000000 1.000000 1.000000
X 0.728150 -0.342880 -0.593491
Y -0.142270 0.771416 -0.620223
Z 0.670491 0.536051 0.512925

PART 64
OFFSET 27.945965 -4.449744 -1.189188
SCALE 1.000000 1.000000 1.000000
X 0.618960 -0.693200 -0.369274
Y 0.263575 0.626219 -0.733743
Z 0.739877 0.356826 0.570314

PART 65
OFFSET 27.166490 -4.453862 -2.973012
SCALE 1.000000 1.000000 1.000000
X -0.424254 0.404326 0.810265
Y -0.556029 0.589923 -0.585511
Z -0.714731 -0.698936 -0.025460

PART 66
OFFSET 27.892502 -4.313105 -2.274431
SCALE 1.000000 1.000000 1.000000
X -0.683057 0.254802 0.684477
Y -0.366197 0.691382 -0.622809
Z -0.631928 -0.676068 -0.378946

PART 67
OFFSET 29.821644 -1.753180 -1.513499
SCALE 1.000000 1.000000 1.000000
X 0.939183 0.110195 -0.325258
Y -0.264068 -0.373781 -0.889132
Z -0.219553 0.920948 -0.321950

PART 68
OFFSET 18.290829 -2.207677 -4.512518
SCALE 1.000000 1.000000 1.000000
X -0.940218 0.189273 0.283135
Y 0.210580 0.976469 0.046520
Z -0.267667 0.103362 -0.957951

PART 69
OFFSET 15.241543 -2.150449 -5.048200
SCALE 1.000000 1.000000 1.000000
X -0.547678 -0.791283 0.271883
Y -0.703684 0.611411 0.361946
Z -0.452634 0.006910 -0.891670

PART 70
OFFSET 15.449405 -2.167498 -6.912276
SCALE 1.000000 1.000000 1.000000
X 0.864766 -0.106963 -0.490652
Y 0.315038 0.876424 0.364187
Z 0.391064 -0.469510 0.791599

PART 71
OFFSET 15.662311 -1.882560 -6.061996
SCALE 1.000000 1.000000 1.000000
X 0.922254 0.222359 -0.316234
Y -0.122816 0.944169 0.305715
Z 0.366557 -0.243108 0.898073

PART 72
OFFSET 16.607377 -2.061760 -4.935238
SCALE 1.000000 1.000000 1.000000
X -0.769570 0.617347 0.163235
Y 0.478382 0.726698 -0.493012
Z -0.422982 -0.301318 -0.854572

PART 73
OFFSET 26.763440 -4.069742 -2.203240
SCALE 1.000000 1.000000 1.000000
X 0.777550 -0.577646 -0.248476
Y -0.236795 0.097085 -0.966697
Z 0.582532 0.810493 -0.061295

PART 74
OFFSET 27.151762 -4.036812 -1.532123
SCALE 1.000000 1.000000 1.000000
X 0.734639 -0.639914 -0.225424
Y 0.118098 0.447799 -0.886301
Z 0.668101 0.624489 0.404543

PART 75
OFFSET 14.627842 -2.065874 -6.446151
SCALE 1.000000 1.000000 1.000000
X -0.916038 -0.399865 0.031347
Y -0.269421 0.671335 0.690451
Z -0.297131 0.624033 -0.722700

PART 76
OFFSET 14.662103 -2.123670 -5.718994
SCALE 1.000000 1.000000 1.000000
X -0.665605 -0.734396 0.132790
Y -0.644377 0.655291 0.394172
Z -0.376494 0.176796 -0.909393

FRAME 1
PART 0
OFFSET 0.000000 0.000000 0.000000
SCALE 1.000000 1.000000 1.000000
X 1.000000 0.000000 0.000000
Y 0.000000 1.000000 0.000000
Z 0.000000 0.000000 1.000000

PART 1
OFFSET 0.000000 0.000000 0.000000
SCALE 1.000000 1.000000 1.000000
X 0.999999 -0.000986 -0.000601
Y 0.000985 0.999999 -0.001087
Z 0.000602 0.001086 0.999999

PART 2
OFFSET 1.543034 0.002969 4.134898
SCALE 1.000000 1.000000 1.000000
X 0.999999 -0.000986 -0.000601
Y 0.000985 0.999999 -0.001087
Z 0.000602 0.001086 0.999999

PART 3
OFFSET -4.632660 0.003072 -1.374174
SCALE 1.000000 1.000000 1.000000
X 0.999999 -0.000986 -0.000601
Y 0.000985 0.999999 -0.001087
Z 0.000602 0.001086 0.999999

PART 4
OFFSET 0.000000 0.000000 0.000000
SCALE 1.000000 1.000000 1.000000
X 1.000000 0.000000 0.000000
Y 0.000000 1.000000 0.000000
Z 0.000000 0.000000 1.000000

PART 5
OFFSET 6.051437 4.774337 -8.596894
SCALE 1.000000 1.000000 1.000000
X 0.951397 -0.016914 -0.307502
Y -0.012553 -0.999791 0.016155
Z -0.307711 -0.011510 -0.951410

PART 6
OFFSET -6.744082 -7.053273 2.359148
SCALE 1.000000 1.000000 1.000000
X -0.634411 -0.008434 0.772950
Y -0.207417 -0.961413 -0.180731
Z 0.744648 -0.274981 0.608182

PART 7
OFFSET 16.799000 -3.109541 -3.882287
SCALE 1.000000 1.000000 1.000000
X 0.999996 0.000154 0.002839
Y -0.000182 0.999952 0.009826
Z -0.002837 -0.009827 0.999948

PART 8
OFFSET 13.908927 18.076323 -17.331985
SCALE 1.000000 1.000000 1.000000
X 0.998737 0.041892 -0.027740
Y 0.021387 0.145113 0.989184
Z 0.045465 -0.988528 0.144033

PART 9
OFFSET 17.745898 4.690268 -12.480850
SCALE 1.000000 1.000000 1.000000
X 0.584996 -0.493868 0.643331
Y -0.787310 -0.155344 0.596666
Z -0.194737 -0.855548 -0.479703

PART 10
OFFSET 0.933816 -6.972461 -7.041830
SCALE 1.000000 1.000000 1.000000
X -0.953754 -0.234260 -0.188349
Y 0.217831 -0.106877 -0.970117
Z 0.207130 -0.966281 0.152964

PART 11
OFFSET 16.799000 -3.109541 -3.882287
SCALE 1.000000 1.000000 1.000000
X 0.999996 0.000154 0.002839
Y -0.000182 0.999952 0.009826
Z -0.002837 -0.009827 0.999948

PART 12
OFFSET 24.544806 0.731144 -6.310394
SCALE 1.000000 1.000000 1.000000
X 0.590217 -0.490603 0.641056
Y 0.204366 0.859070 0.469291
Z -0.780947 -0.145973 0.607300

PART 13
OFFSET 24.161102 -0.440923 -7.456123
SCALE 1.000000 1.000000 1.000000
X 0.590217 -0.490603 0.641056
Y 0.204366 0.859070 0.469291
Z -0.780947 -0.145973 0.607300

PART 14
OFFSET 22.831111 -0.017074 -4.510505
SCALE 1.000000 1.000000 1.000000
X 0.590217 -0.490603 0.641056
Y 0.204366 0.859070 0.469291
Z -0.780947 -0.145973 0.607300

PART 15
OFFSET 22.344943 -1.134825 -5.081270
SCALE 1.000000 1.000000 1.000000
X 0.590217 -0.490603 0.641056
Y 0.204366 0.859070 0.469291
Z -0.780947 -0.145973 0.607300

PART 16
OFFSET 22.757584 -1.314813 -6.191682
SCALE 1.000000 1.000000 1.000000
X 0.590217 -0.490603 0.641056
Y 0.204366 0.859070 0.469291
Z -0.780947 -0.145973 0.607300

PART 17
OFFSET 24.678416 -0.874809 -5.118173
SCALE 1.000000 1.000000 1.000000
X 0.858687 -0.375093 0.349231
Y -0.137786 0.487374 0.862254
Z -0.493632 -0.788525 0.366819

PART 18
OFFSET 22.844863 0.778294 -6.849654
SCALE 1.000000 1.000000 1.000000
X 0.653254 -0.524300 0.546231
Y 0.096119 0.773032 0.627043
Z -0.751013 -0.357115 0.555382

PART 19
OFFSET 10.718529 -5.131084 -3.518717
SCALE 1.000000 1.000000 1.000000
X -0.955598 -0.230989 -0.182964
Y -0.207556 0.968368 -0.138507
Z 0.209170 -0.094381 -0.973314

PART 20
OFFSET 10.302154 -3.851246 -3.530709
SCALE 1.000000 1.000000 1.000000
X -0.955598 -0.230989 -0.182964
Y -0.207556 0.968368 -0.138507
Z 0.209170 -0.094381 -0.973314

PART 21
OFFSET 10.019266 -3.457892 -4.626593
SCALE 1.000000 1.000000 1.000000
X -0.955598 -0.230989 -0.182964
Y -0.207556 0.968368 -0.138507
Z 0.209170 -0.094381 -0.973314

PART 22
OFFSET 11.992566 -4.196211 -4.793665
SCALE 1.000000 1.000000 1.000000
X -0.981897 0.042093 0.184681
Y -0.189265 -0.257088 -0.947673
Z 0.007589 -0.965471 0.260400

PART 23
OFFSET 9.070232 -5.067112 -5.386778
SCALE 1.000000 1.000000 1.000000
X -0.961200 -0.230732 -0.151187
Y 0.086311 0.268998 -0.959266
Z 0.262002 -0.935095 -0.238647

PART 24
OFFSET 20.900141 -1.746799 -0.663752
SCALE 1.000000 1.000000 1.000000
X 0.999996 0.000154 0.002839
Y -0.000182 0.999952 0.009826
Z -0.002837 -0.009827 0.999948

PART 25
OFFSET 21.989240 -3.801349 -1.095756
SCALE 1.000000 1.000000 1.000000
X -0.001479 -0.824695 0.565576
Y 0.999996 0.000154 0.002839
Z -0.002428 0.565578 0.824691

PART 26
OFFSET 22.545038 -3.110720 -2.124566
SCALE 1.000000 1.000000 1.000000
X 0.999996 0.000154 0.002839
Y -0.000182 0.999952 0.009826
Z -0.002837 -0.009827 0.999948

PART 27
OFFSET 41.309767 -3.124268 -1.930162
SCALE 1.000000 1.000000 1.000000
X 0.999996 0.000154 0.002839
Y -0.000182 0.999952 0.009826
Z -0.002837 -0.009827 0.999948

PART 28
OFFSET 21.003484 -2.113418 -3.653613
SCALE 1.000000 1.000000 1.000000
X 0.999996 0.000154 0.002839
Y -0.000182 0.999952 0.009826
Z -0.002837 -0.009827 0.999948

PART 29
OFFSET 28.062408 -1.682724 -3.313027
SCALE 1.000000 1.000000 1.000000
X 0.720452 -0.685312 -0.106282
Y -0.521970 -0.636751 0.567535
Z -0.456614 -0.353406 -0.816461

PART 30
OFFSET 28.067356 -2.330154 -4.179818
SCALE 1.000000 1.000000 1.000000
X 0.442061 -0.827899 0.345203
Y -0.763365 -0.145145 0.629450
Z -0.471017 -0.541771 -0.696152

PART 31
OFFSET 25.572368 -1.984412 -5.866359
SCALE 1.000000 1.000000 1.000000
X 0.474107 -0.825648 0.305825
Y -0.753341 -0.200606 0.626286
Z -0.455741 -0.527317 -0.717103

PART 32
OFFSET 25.651509 -1.519428 -5.034905
SCALE 1.000000 1.000000 1.000000
X 0.767595 -0.633564 0.096928
Y -0.629026 -0.715649 0.303600
Z -0.122983 -0.294012 -0.947857

PART 33
OFFSET 24.930918 -0.728586 -3.769165
SCALE 1.000000 1.000000 1.000000
X 0.805099 -0.095142 0.585460
Y -0.010021 0.984729 0.173806
Z -0.593056 -0.145798 0.791851

PART 34
OFFSET 26.842127 -1.679933 -2.475926
SCALE 1.000000 1.000000 1.000000
X 0.697329 -0.666422 0.263845
Y 0.716055 0.663949 -0.215491
Z -0.031571 0.339196 0.940186

PART 35
OFFSET 26.328491 -3.356029 -4.077045
SCALE 1.000000 1.000000 1.000000
X -0.176030 -0.322398 -0.930093
Y 0.493679 0.788523 -0.366760
Z 0.851642 -0.523728 0.020358

PART 36
OFFSET 15.956033 -4.536290 -4.696926
SCALE 1.000000 1.000000 1.000000
X -0.995361 -0.035313 0.089497
Y 0.049202 -0.986198 0.158089
Z 0.082680 0.161759 0.983361

PART 37
OFFSET 15.692890 -4.612660 -5.784792
SCALE 1.000000 1.000000 1.000000
X -0.612710 -0.785963 0.082758
Y 0.765262 -0.616185 -0.186254
Z 0.197383 -0.050788 0.979010

PART 38
OFFSET 12.578964 -4.304328 -6.025020
SCALE 1.000000 1.000000 1.000000
X -0.857538 -0.123413 0.499398
Y 0.193554 -0.976864 0.090954
Z 0.476620 0.174657 0.861585

PART 39
OFFSET 12.937197 -4.279694 -5.405785
SCALE 1.000000 1.000000 1.000000
X -0.911877 -0.016263 0.410142
Y 0.127876 -0.960742 0.246215
Z 0.390036 0.276965 0.878158

PART 40
OFFSET 12.608361 -3.578232 -4.141101
SCALE 1.000000 1.000000 1.000000
X -0.780467 -0.578182 -0.237858
Y 0.336432 -0.067732 -0.939269
Z 0.526958 -0.813091 0.247382

PART 41
OFFSET 8.070179 -4.321129 -3.084114
SCALE 1.000000 1.000000 1.000000
X -0.885157 -0.179129 0.429430
Y -0.299967 0.925216 -0.232368
Z -0.355691 -0.334497 -0.872694

PART 42
OFFSET 22.543841 -3.114865 -1.702804
SCALE 1.000000 1.000000 1.000000
X 0.999996 0.000154 0.002839
Y -0.000182 0.999952 0.009826
Z -0.002837 -0.009827 0.999948

PART 43
OFFSET 29.331778 -2.835558 -3.580889
SCALE 1.000000 1.000000 1.000000
X 0.364640 -0.864761 0.345291
Y -0.836950 -0.141859 0.528575
Z -0.408108 -0.481731 -0.775489

PART 44
OFFSET 28.896795 -3.960568 -3.448969
SCALE 1.000000 1.000000 1.000000
X -0.589663 -0.216317 0.778142
Y -0.416025 0.907163 -0.063073
Z -0.692258 -0.360918 -0.624913

PART 45
OFFSET 26.748544 -3.788204 -5.107756
SCALE 1.000000 1.000000 1.000000
X 0.089577 -0.579686 0.809902
Y -0.648502 0.583230 0.489171
Z -0.755924 -0.569041 -0.323683

PART 46
OFFSET 27.631490 -3.215194 -4.928220
SCALE 1.000000 1.000000 1.000000
X 0.213306 -0.696834 0.684780
Y -0.722558 0.359242 0.590639
Z -0.657579 -0.620780 -0.426875

PART 47
OFFSET 26.672893 -0.831196 -2.457210
SCALE 1.000000 1.000000 1.000000
X 0.854531 -0.437914 0.279299
Y 0.335810 0.876035 0.346112
Z -0.396243 -0.201973 0.895655

PART 48
OFFSET 17.697657 -4.444848 -4.892894
SCALE 1.000000 1.000000 1.000000
X -0.614779 -0.787048 -0.051015
Y 0.787863 -0.615819 0.006231
Z -0.036320 -0.036362 0.998678

PART 49
OFFSET 16.868586 -3.037628 -5.928799
SCALE 1.000000 1.000000 1.000000
X 0.484050 -0.838511 -0.250189
Y 0.730179 0.544618 -0.412590
Z 0.482218 0.017032 0.875886

PART 50
OFFSET 14.609893 -4.055296 -7.053062
SCALE 1.000000 1.000000 1.000000
X -0.603558 -0.782305 0.154002
Y 0.695029 -0.610867 -0.379180
Z 0.390709 -0.121821 0.912418

PART 51
OFFSET 15.255083 -4.269887 -6.601397
SCALE 1.000000 1.000000 1.000000
X -0.568903 -0.820370 0.057806
Y 0.717803 -0.529622 -0.451951
Z 0.401382 -0.215623 0.890168

PART 52
OFFSET 14.274299 -2.253161 -3.553598
SCALE 1.000000 1.000000 1.000000
X -0.923981 -0.301472 0.235317
Y -0.092114 -0.421759 -0.902017
Z 0.371179 -0.855122 0.361928

PART 53
OFFSET 29.710473 -3.817546 -2.985499
SCALE 1.000000 1.000000 1.000000
X -0.054584 -0.684956 0.726537
Y -0.933558 0.293150 0.206235
Z -0.354247 -0.667007 -0.655447

PART 54
OFFSET 28.206803 -4.485792 -2.407337
SCALE 1.000000 1.000000 1.000000
X -0.633130 -0.028419 0.773524
Y -0.218969 0.965082 -0.143770
Z -0.742428 -0.260403 -0.617245

PART 55
OFFSET 26.873600 -4.613474 -3.947086
SCALE 1.000000 1.000000 1.000000
X -0.367767 0.290756 0.883294
Y -0.555649 0.692939 -0.459445
Z -0.745655 -0.659770 -0.093282

PART 56
OFFSET 27.980864 -4.438535 -3.709741
SCALE 1.000000 1.000000 1.000000
X -0.546879 0.298441 0.782213
Y -0.439635 0.692754 -0.571676
Z -0.712492 -0.656525 -0.247647

PART 57
OFFSET 28.026973 -1.350002 -1.890212
SCALE 1.000000 1.000000 1.000000
X 0.858346 0.043700 0.511206
Y -0.022296 0.998602 -0.047930
Z -0.512586 0.029743 0.858120

PART 58
OFFSET 18.244759 -3.391563 -4.736454
SCALE 1.000000 1.000000 1.000000
X 0.066137 -0.981033 -0.182210
Y 0.997360 0.059507 0.041626
Z -0.029994 -0.184482 0.982378

PART 59
OFFSET 16.037956 -1.903541 -5.518819
SCALE 1.000000 1.000000 1.000000
X 0.869893 0.227973 -0.437396
Y -0.240229 0.970313 0.027965
Z 0.430786 0.080749 0.898834

PART 60
OFFSET 15.474063 -2.925780 -7.268256
SCALE 1.000000 1.000000 1.000000
X 0.230478 -0.874994 -0.425752
Y 0.938594 0.315347 -0.139992
Z 0.256751 -0.367343 0.893945

PART 61
OFFSET 16.234048 -2.825076 -6.693763
SCALE 1.000000 1.000000 1.000000
X 0.489272 -0.744162 -0.454792
Y 0.776752 0.608945 -0.160755
Z 0.396571 -0.274608 0.875969

PART 62
OFFSET 15.658709 -1.944522 -4.173649
SCALE 1.000000 1.000000 1.000000
X -0.709529 0.131232 0.692349
Y -0.681020 -0.380138 -0.625865
Z 0.181055 -0.915573 0.359090

PART 63
OFFSET 29.648867 -4.591213 -2.164892
SCALE 1.000000 1.000000 1.000000
X 0.760412 -0.229820 -0.607418
Y -0.180464 0.823685 -0.537565
Z 0.623864 0.518388 0.584866

PART 64
OFFSET 27.484633 -4.520502 -1.535532
SCALE 1.000000 1.000000 1.000000
X 0.675787 -0.576636 -0.459132
Y 0.185229 0.735757 -0.651422
Z 0.713443 0.355178 0.604025

PART 65
OFFSET 26.612704 -4.372445 -3.324272
SCALE 1.000000 1.000000 1.000000
X -0.453061 0.258856 0.853071
Y -0.570813 0.650798 -0.500633
Z -0.684769 -0.713761 -0.147093

PART 66
OFFSET 27.372102 -4.265405 -2.605212
SCALE 1.000000 1.000000 1.000000
X -0.696673 0.106908 0.709378
Y -0.411501 0.750429 -0.517226
Z -0.587633 -0.652247 -0.478811

PART 67
OFFSET 28.931346 -1.284381 -1.298911
SCALE 1.000000 1.000000 1.000000
X 0.958279 0.218975 -0.183717
Y -0.099623 -0.346568 -0.932720
Z -0.267913 0.912108 -0.310294

PART 68
OFFSET 18.170106 -2.283526 -4.530630
SCALE 1.000000 1.000000 1.000000
X -0.930129 0.213490 0.298800
Y 0.239783 0.969333 0.053835
Z -0.278144 0.121721 -0.952796

PART 69
OFFSET 15.049523 -2.161657 -5.029755
SCALE 1.000000 1.000000 1.000000
X -0.542868 -0.799788 0.256191
Y -0.710433 0.600023 0.367774
Z -0.447861 0.017646 -0.893929

PART 70
OFFSET 15.267496 -2.146710 -6.888153
SCALE 1.000000 1.000000 1.000000
X 0.868951 -0.091653 -0.486338
Y 0.306049 0.871781 0.382533
Z 0.388920 -0.481246 0.785585

PART 71
OFFSET 15.475455 -1.872705 -6.036539
SCALE 1.000000 1.000000 1.000000
X 0.922539 0.232993 -0.307631
Y -0.130301 0.938419 0.319986
Z 0.363241 -0.255115 0.896087

PART 72
OFFSET 16.429326 -2.038097 -4.928159
SCALE 1.000000 1.000000 1.000000
X -0.780428 0.606632 0.151428
Y 0.475929 0.733434 -0.485353
Z -0.405493 -0.306714 -0.861105

PART 73
OFFSET 26.182287 -4.126526 -2.513833
SCALE 1.000000 1.000000 1.000000
X 0.804495 -0.502443 -0.316765
Y -0.225642 0.234795 -0.945493
Z 0.549431 0.832119 0.075519

PART 74
OFFSET 26.616598 -4.149500 -1.835904
SCALE 1.000000 1.000000 1.000000
X 0.774047 -0.551204 -0.311489
Y 0.086989 0.579908 -0.810025
Z 0.627124 0.599901 0.496825

PART 75
OFFSET 14.441958 -2.059632 -6.426127
SCALE 1.000000 1.000000 1.000000
X -0.913284 -0.406951 0.017409
Y -0.279171 0.656498 0.700767
Z -0.296607 0.635139 -0.713178

PART 76
OFFSET 14.474938 -2.125349 -5.702866
SCALE 1.000000 1.000000 1.000000
X -0.661742 -0.740469 0.117486
Y -0.650528 0.644988 0.401002
Z -0.372707 0.188932 -0.908512

FRAME 2
PART 0
OFFSET 0.000000 0.000000 0.000000
SCALE 1.000000 1.000000 1.000000
X 1.000000 0.000000 0.000000
Y 0.000000 1.000000 0.000000
Z 0.000000 0.000000 1.000000

PART 1
OFFSET 0.000000 0.000000 0.000000
SCALE 1.000000 1.000000 1.000000
X 0.999997 -0.001973 -0.001200
Y 0.001970 0.999996 -0.002174
Z 0.001205 0.002172 0.999997

PART 2
OFFSET 1.545524 0.005938 4.133965
SCALE 1.000000 1.000000 1.000000
X 0.999997 -0.001973 -0.001200
Y 0.001970 0.999996 -0.002174
Z 0.001205 0.002172 0.999997

PART 3
OFFSET -4.633481 0.006147 -1.371394
SCALE 1.000000 1.000000 1.000000
X 0.999997 -0.001973 -0.001200
Y 0.001970 0.999996 -0.002174
Z 0.001205 0.002172 0.999997

PART 4
OFFSET 0.000000 0.000000 0.000000
SCALE 1.000000 1.000000 1.000000
X 1.000000 0.000000 0.000000
Y 0.000000 1.000000 0.000000
Z 0.000000 0.000000 1.000000

PART 5
OFFSET 6.320049 4.476127 -8.319300
SCALE 1.000000 1.000000 1.000000
X 0.903876 0.099848 -0.415979
Y 0.108025 -0.994141 -0.003899
Z -0.413931 -0.041412 -0.909366

PART 6
OFFSET -6.553530 -7.020873 2.347659
SCALE 1.000000 1.000000 1.000000
X -0.594035 0.013560 0.804325
Y -0.228999 -0.961340 -0.152921
Z 0.771156 -0.275030 0.574175

PART 7
OFFSET 16.331575 -3.159551 -3.859500
SCALE 1.000000 1.000000 1.000000
X 0.999941 0.002137 0.010687
Y -0.002500 0.999416 0.034065
Z -0.010608 -0.034090 0.999362

PART 8
OFFSET 13.908927 18.076323 -17.331985
SCALE 1.000000 1.000000 1.000000
X 0.998737 0.041892 -0.027740
Y 0.021387 0.145113 0.989184
Z 0.045465 -0.988528 0.144033

PART 9
OFFSET 17.895191 6.104417 -13.906444
SCALE 1.000000 1.000000 1.000000
X 0.448601 -0.534887 0.715998
Y -0.868514 -0.071938 0.490417
Z -0.210810 -0.841856 -0.496828

PART 10
OFFSET 0.664734 -7.286743 -7.648117
SCALE 1.000000 1.000000 1.000000
X -0.936680 -0.257803 -0.236998
Y 0.267482 -0.089909 -0.959359
Z 0.226017 -0.962005 0.153174

PART 11
OFFSET 16.331575 -3.159551 -3.859500
SCALE 1.000000 1.000000 1.000000
X 0.999941 0.002137 0.010687
Y -0.002500 0.999416 0.034065
Z -0.010608 -0.034090 0.999362

PART 12
OFFSET 23.443662 1.638749 -6.888850
SCALE 1.000000 1.000000 1.000000
X 0.454355 -0.532156 0.714403
Y 0.221985 0.844298 0.487734
Z -0.862719 -0.063018 0.501741

PART 13
OFFSET 23.102200 0.488024 -8.069061
SCALE 1.000000 1.000000 1.000000
X 0.454355 -0.532156 0.714403
Y 0.221985 0.844298 0.487734
Z -0.862719 -0.063018 0.501741

PART 14
OFFSET 21.450387 1.082309 -5.322513
SCALE 1.000000 1.000000 1.000000
X 0.454355 -0.532156 0.714403
Y 0.221985 0.844298 0.487734
Z -0.862719 -0.063018 0.501741

PART 15
OFFSET 20.938980 0.004785 -5.946133
SCALE 1.000000 1.000000 1.000000
X 0.454355 -0.532156 0.714403
Y 0.221985 0.844298 0.487734
Z -0.862719 -0.063018 0.501741

PART 16
OFFSET 21.472174 -0.231172 -6.992897
SCALE 1.000000 1.000000 1.000000
X 0.454355 -0.532156 0.714403
Y 0.221985 0.844298 0.487734
Z -0.862719 -0.063018 0.501741

PART 17
OFFSET 23.209513 0.021242 -5.601522
SCALE 1.000000 1.000000 1.000000
X 0.848063 -0.397093 0.350865
Y -0.222622 0.333872 0.915953
Z -0.480862 -0.854896 0.194743

PART 18
OFFSET 21.802126 1.802995 -7.647465
SCALE 1.000000 1.000000 1.000000
X 0.523095 -0.561855 0.640851
Y -0.070493 0.720831 0.689517
Z -0.849354 -0.405859 0.337456

PART 19
OFFSET 10.212625 -5.221690 -3.633525
SCALE 1.000000 1.000000 1.000000
X -0.938873 -0.254644 -0.231677
Y -0.227202 0.963915 -0.138734
Z 0.258645 -0.077616 -0.962849

PART 20
OFFSET 9.762211 -3.953523 -3.652960
SCALE 1.000000 1.000000 1.000000
X -0.938873 -0.254644 -0.231677
Y -0.227202 0.963915 -0.138734
Z 0.258645 -0.077616 -0.962849

PART 21
OFFSET 9.522067 -3.555523 -4.757335
SCALE 1.000000 1.000000 1.000000
X -0.938873 -0.254644 -0.231677
Y -0.227202 0.963915 -0.138734
Z 0.258645 -0.077616 -0.962849

PART 22
OFFSET 11.528956 -4.234304 -4.824096
SCALE 1.000000 1.000000 1.000000
X -0.983315 0.035543 0.178407
Y -0.181742 -0.234491 -0.954979
Z 0.007892 -0.971468 0.237038

PART 23
OFFSET 8.657676 -5.187556 -5.576834
SCALE 1.000000 1.000000 1.000000
X -0.946459 -0.255217 -0.197686
Y 0.114803 0.306242 -0.945006
Z 0.301722 -0.917104 -0.260545

PART 24
OFFSET 20.404444 -1.866883 -0.576797
SCALE 1.000000 1.000000 1.000000
X 0.999941 0.002137 0.010687
Y -0.002500 0.999416 0.034065
Z -0.010608 -0.034090 0.999362

PART 25
OFFSET 21.501480 -3.908107 -1.049929
SCALE 1.000000 1.000000 1.000000
X -0.004037 -0.838175 0.545386
Y 0.999941 0.002137 0.010687
Z -0.010123 0.545397 0.838117

PART 26
OFFSET 22.063729 -3.191583 -2.057300
SCALE 1.000000 1.000000 1.000000
X 0.999941 0.002137 0.010687
Y -0.002500 0.999416 0.034065
Z -0.010608 -0.034090 0.999362

PART 27
OFFSET 40.826357 -3.171335 -1.716077
SCALE 1.000000 1.000000 1.000000
X 0.999941 0.002137 0.010687
Y -0.002500 0.999416 0.034065
Z -0.010608 -0.034090 0.999362

PART 28
OFFSET 20.531905 -2.160643 -3.573765
SCALE 1.000000 1.000000 1.000000
X 0.999941 0.002137 0.010687
Y -0.002500 0.999416 0.034065
Z -0.010608 -0.034090 0.999362

PART 29
OFFSET 26.492262 -0.942921 -3.683641
SCALE 1.000000 1.000000 1.000000
X 0.807527 -0.571422 -0.146211
Y -0.495831 -0.791903 0.356429
Z -0.319456 -0.215330 -0.922811

PART 30
OFFSET 26.580115 -1.441135 -4.643824
SCALE 1.000000 1.000000 1.000000
X 0.559765 -0.792216 0.243015
Y -0.765992 -0.382816 0.516439
Z -0.316101 -0.475232 -0.821118

PART 31
OFFSET 24.198118 -0.897903 -6.395535
SCALE 1.000000 1.000000 1.000000
X 0.511356 -0.832298 0.213996
Y -0.818122 -0.395258 0.417669
Z -0.263042 -0.388653 -0.883039

PART 32
OFFSET 24.184677 -0.598952 -5.559181
SCALE 1.000000 1.000000 1.000000
X 0.798037 -0.596645 0.084565
Y -0.602605 -0.789680 0.115210
Z -0.001961 -0.142901 -0.989735

PART 33
OFFSET 23.313399 -0.053558 -4.249253
SCALE 1.000000 1.000000 1.000000
X 0.682964 -0.119702 0.720577
Y -0.162284 0.936962 0.309461
Z -0.712197 -0.328289 0.620486

PART 34
OFFSET 25.212621 -1.130999 -2.961211
SCALE 1.000000 1.000000 1.000000
X 0.707289 -0.675892 0.207152
Y 0.697441 0.715005 -0.048403
Z -0.115400 0.178711 0.977111

PART 35
OFFSET 24.895966 -2.538038 -4.847126
SCALE 1.000000 1.000000 1.000000
X -0.092950 -0.171083 -0.980862
Y 0.480905 0.854885 -0.194682
Z 0.871832 -0.489797 0.002813

PART 36
OFFSET 15.481032 -4.574860 -4.709684
SCALE 1.000000 1.000000 1.000000
X -0.990507 0.048296 0.128695
Y -0.030559 -0.990183 0.136396
Z 0.134019 0.131169 0.982259

PART 37
OFFSET 15.238149 -4.618295 -5.798233
SCALE 1.000000 1.000000 1.000000
X -0.606081 -0.793816 0.050211
Y 0.773219 -0.602807 -0.196864
Z 0.186541 -0.080491 0.979144

PART 38
OFFSET 12.124589 -4.311371 -6.053352
SCALE 1.000000 1.000000 1.000000
X -0.860882 -0.137264 0.489939
Y 0.195117 -0.978368 0.068740
Z 0.469905 0.154772 0.869042

PART 39
OFFSET 12.478227 -4.300965 -5.431080
SCALE 1.000000 1.000000 1.000000
X -0.914812 -0.028101 0.402901
Y 0.128269 -0.966144 0.223858
Z 0.382970 0.256467 0.887445

PART 40
OFFSET 12.133957 -3.634982 -4.170633
SCALE 1.000000 1.000000 1.000000
X -0.770259 -0.592795 -0.235150
Y 0.346670 -0.079717 -0.934594
Z 0.535277 -0.801398 0.266907

PART 41
OFFSET 7.594468 -4.408805 -3.147003
SCALE 1.000000 1.000000 1.000000
X -0.887862 -0.191329 0.418443
Y -0.300375 0.929931 -0.212141
Z -0.348534 -0.314041 -0.883121

PART 42
OFFSET 22.059255 -3.205961 -1.635785
SCALE 1.000000 1.000000 1.000000
X 0.999941 0.002137 0.010687
Y -0.002500 0.999416 0.034065
Z -0.010608 -0.034090 0.999362

PART 43
OFFSET 27.916429 -1.890042 -4.001366
SCALE 1.000000 1.000000 1.000000
X 0.413779 -0.879158 0.236364
Y -0.873560 -0.310339 0.374943
Z -0.256281 -0.361622 -0.896409

PART 44
OFFSET 27.659272 -3.007071 -4.144922
SCALE 1.000000 1.000000 1.000000
X -0.413796 -0.634845 0.652491
Y -0.679446 0.692395 0.242780
Z -0.605910 -0.342871 -0.717853

PART 45
OFFSET 25.397867 -2.715694 -5.766379
SCALE 1.000000 1.000000 1.000000
X 0.209138 -0.828883 0.518858
Y -0.727186 0.222924 0.649235
Z -0.653806 -0.513086 -0.556130

PART 46
OFFSET 26.266155 -2.170584 -5.495844
SCALE 1.000000 1.000000 1.000000
X 0.333847 -0.797549 0.502456
Y -0.785020 0.059839 0.616574
Z -0.521814 -0.600279 -0.606114

PART 47
OFFSET 24.730997 -0.218461 -2.644663
SCALE 1.000000 1.000000 1.000000
X 0.805988 -0.331183 0.490613
Y 0.032188 0.852129 0.522341
Z -0.591056 -0.405209 0.697466

PART 48
OFFSET 17.217691 -4.613915 -4.971027
SCALE 1.000000 1.000000 1.000000
X -0.655494 -0.753396 -0.052175
Y 0.755174 -0.654476 -0.037050
Z -0.006234 -0.063688 0.997950

PART 49
OFFSET 16.400064 -3.028423 -5.877471
SCALE 1.000000 1.000000 1.000000
X 0.497332 -0.823803 -0.272046
Y 0.728309 0.566837 -0.385048
Z 0.471410 -0.006637 0.881889

PART 50
OFFSET 14.162244 -4.035142 -7.063220
SCALE 1.000000 1.000000 1.000000
X -0.601138 -0.790512 0.117145
Y 0.703599 -0.593054 -0.391453
Z 0.378921 -0.152894 0.912711

PART 51
OFFSET 14.804773 -4.257024 -6.608773
SCALE 1.000000 1.000000 1.000000
X -0.562895 -0.826163 0.024575
Y 0.727056 -0.509074 -0.460687
Z 0.393113 -0.241451 0.887222

PART 52
OFFSET 13.775377 -2.277724 -3.590374
SCALE 1.000000 1.000000 1.000000
X -0.922122 -0.311611 0.229324
Y -0.074953 -0.437614 -0.896033
Z 0.379570 -0.843441 0.380178

PART 53
OFFSET 28.372657 -2.931003 -3.572071
SCALE 1.000000 1.000000 1.000000
X 0.027061 -0.843145 0.537005
Y -0.979292 0.085462 0.183531
Z -0.200637 -0.530851 -0.823372

PART 54
OFFSET 27.242422 -4.028362 -3.317674
SCALE 1.000000 1.000000 1.000000
X -0.561102 -0.392027 0.729026
Y -0.468745 0.876395 0.110499
Z -0.682234 -0.279726 -0.675508

PART 55
OFFSET 25.692774 -3.883814 -5.038348
SCALE 1.000000 1.000000 1.000000
X -0.309698 -0.259901 0.914625
Y -0.730338 0.680964 -0.053794
Z -0.608846 -0.684645 -0.400709

PART 56
OFFSET 26.830900 -3.535600 -4.650029
SCALE 1.000000 1.000000 1.000000
X -0.485099 -0.229893 0.843699
Y -0.681825 0.703552 -0.200321
Z -0.547534 -0.672431 -0.498039

PART 57
OFFSET 25.917670 -0.587469 -1.716800
SCALE 1.000000 1.000000 1.000000
X 0.600046 0.113391 0.791888
Y -0.215858 0.976135 0.023791
Z -0.770292 -0.185212 0.610202

PART 58
OFFSET 17.830268 -3.596687 -4.806198
SCALE 1.000000 1.000000 1.000000
X -0.005626 -0.978187 -0.207652
Y 0.999948 -0.007264 0.007126
Z -0.008478 -0.207601 0.978177

PART 59
OFFSET 15.549691 -1.919755 -5.439910
SCALE 1.000000 1.000000 1.000000
X 0.871711 0.256010 -0.417826
Y -0.255341 0.965073 0.058601
Z 0.418235 0.055605 0.906635

PART 60
OFFSET 15.023379 -2.892463 -7.225003
SCALE 1.000000 1.000000 1.000000
X 0.249537 -0.853815 -0.456872
Y 0.936269 0.333188 -0.111295
Z 0.247249 -0.399983 0.882543

PART 61
OFFSET 15.773111 -2.802037 -6.642790
SCALE 1.000000 1.000000 1.000000
X 0.501505 -0.724076 -0.473505
Y 0.772757 0.621000 -0.131170
Z 0.389024 -0.300122 0.870969

PART 62
OFFSET 15.170596 -1.948317 -4.191697
SCALE 1.000000 1.000000 1.000000
X -0.738166 0.109836 0.665618
Y -0.644459 -0.406526 -0.647618
Z 0.199459 -0.907013 0.370868

PART 63
OFFSET 28.403269 -3.883334 -2.965538
SCALE 1.000000 1.000000 1.000000
X 0.818447 0.047502 -0.572615
Y -0.291738 0.892917 -0.342911
Z 0.495009 0.447708 0.744664

PART 64
OFFSET 26.602431 -4.474962 -2.496857
SCALE 1.000000 1.000000 1.000000
X 0.775940 -0.239945 -0.583390
Y -0.047244 0.900129 -0.433055
Z 0.629036 0.363586 0.687110

PART 65
OFFSET 25.463875 -4.064499 -4.350035
SCALE 1.000000 1.000000 1.000000
X -0.491548 -0.106197 0.864351
Y -0.648173 0.707478 -0.281686
Z -0.581595 -0.698711 -0.416593

PART 66
OFFSET 26.318991 -4.004469 -3.537786
SCALE 1.000000 1.000000 1.000000
X -0.683223 -0.250803 0.685787
Y -0.555749 0.787795 -0.265562
Z -0.473655 -0.562563 -0.677623

PART 67
OFFSET 26.527620 -0.456710 -0.832097
SCALE 1.000000 1.000000 1.000000
X 0.893244 0.403863 0.197508
Y 0.303203 -0.216806 -0.927935
Z -0.331937 0.888758 -0.316113

PART 68
OFFSET 17.836669 -2.491868 -4.571641
SCALE 1.000000 1.000000 1.000000
X -0.903045 0.266306 0.337032
Y 0.305502 0.949752 0.068116
Z -0.301957 0.164476 -0.939026

PART 69
OFFSET 14.559277 -2.209452 -4.973045
SCALE 1.000000 1.000000 1.000000
X -0.533758 -0.816223 0.221096
Y -0.724049 0.576187 0.379158
