// Export time: Tue Jun 14 06:51:06 2022

ANIMATION
VERSION 3

NUMPARTS 77
PART 0 "tag_torso"
PART 1 "j_shoulder_le"
PART 2 "j_shoulder_ri"
PART 3 "tag_weapon"
PART 4 "tag_weapon1"
PART 5 "j_elbow_le"
PART 6 "j_elbow_ri"
PART 7 "j_gun"
PART 8 "j_sleave_reshape_bottom_le_1"
PART 9 "j_sleave_reshape_bottom_le_2"
PART 10 "j_sleave_reshape_top_le_1"
PART 11 "j_sleave_reshape_top_le_2"
PART 12 "j_sleave_reshape_top_le_3"
PART 13 "j_wrist_le"
PART 14 "j_wristtwist_le"
PART 15 "j_sleave_reshape_top_ri_1"
PART 16 "j_sleave_reshape_top_ri_2"
PART 17 "j_sleave_reshape_top_ri_3"
PART 18 "j_wrist_ri"
PART 19 "j_wristtwist_ri"
PART 20 "tag_bolt_animate"
PART 21 "tag_brass"
PART 22 "tag_clip"
PART 23 "tag_flash"
PART 24 "tag_mag_release_animate"
PART 25 "j_index_le_0"
PART 26 "j_mid_le_0"
PART 27 "j_pinkypalm_le"
PART 28 "j_ringpalm_le"
PART 29 "j_thumb_le_0"
PART 30 "j_webbing_le"
PART 31 "tag_knife_attach"
PART 32 "j_index_ri_0"
PART 33 "j_mid_ri_0"
PART 34 "j_pinkypalm_ri"
PART 35 "j_ringpalm_ri"
PART 36 "j_thumb_ri_0"
PART 37 "j_webbing_ri"
PART 38 "tag_bullet_animate"
PART 39 "j_index_le_1"
PART 40 "j_mid_le_1"
PART 41 "j_pinky_le_0"
PART 42 "j_ring_le_0"
PART 43 "j_thumb_le_1"
PART 44 "j_index_ri_1"
PART 45 "j_mid_ri_1"
PART 46 "j_pinky_ri_0"
PART 47 "j_ring_ri_0"
PART 48 "j_thumb_ri_1"
PART 49 "j_index_le_2"
PART 50 "j_mid_le_2"
PART 51 "j_pinky_le_1"
PART 52 "j_ring_le_1"
PART 53 "j_thumb_le_2"
PART 54 "j_index_ri_2"
PART 55 "j_mid_ri_2"
PART 56 "j_pinky_ri_1"
PART 57 "j_ring_ri_1"
PART 58 "j_thumb_ri_2"
PART 59 "j_index_le_3"
PART 60 "j_mid_le_3"
PART 61 "j_pinky_le_2"
PART 62 "j_ring_le_2"
PART 63 "j_thumb_le_3"
PART 64 "j_index_ri_3"
PART 65 "j_mid_ri_3"
PART 66 "j_pinky_ri_2"
PART 67 "j_ring_ri_2"
PART 68 "j_thumb_ri_3"
PART 69 "j_pinky_le_3"
PART 70 "j_ring_le_3"
PART 71 "j_pinky_ri_3"
PART 72 "j_ring_ri_3"
PART 73 "tag_cambone"
PART 74 "tag_camera"
PART 75 "tag_gasmask"
PART 76 "tag_gasmask2"

FRAMERATE 30
NUMFRAMES 7
FRAME 0
PART 0
OFFSET 0.000000 0.000000 0.000000
SCALE 1.000000 1.000000 1.000000
X 1.000000 0.000000 0.000000
Y 0.000000 1.000000 0.000000
Z 0.000000 0.000000 1.000000

PART 1
OFFSET 5.952329 4.944820 -8.765780
SCALE 1.000000 1.000000 1.000000
X 0.966010 -0.077975 -0.246465
Y -0.074600 -0.996948 0.023019
Z -0.247508 -0.003851 -0.968878

PART 2
OFFSET -6.828609 -7.077063 2.364876
SCALE 1.000000 1.000000 1.000000
X -0.651452 -0.017901 0.758479
Y -0.197345 -0.961311 -0.192187
Z 0.732574 -0.274883 0.622715

PART 3
OFFSET 16.987957 -3.092871 -3.896510
SCALE 1.000000 1.000000 1.000000
X 1.000000 0.000000 0.000000
Y 0.000000 1.000000 0.000000
Z 0.000000 0.000000 1.000000

PART 4
OFFSET 13.908927 18.076323 -17.331985
SCALE 1.000000 1.000000 1.000000
X 0.998737 0.041892 -0.027740
Y 0.021387 0.145113 0.989184
Z 0.045465 -0.988528 0.144033

PART 5
OFFSET 17.576747 3.965802 -11.697715
SCALE 1.000000 1.000000 1.000000
X 0.652796 -0.464730 0.598233
Y -0.735305 -0.198823 0.647917
Z -0.182164 -0.862841 -0.471509

PART 6
OFFSET 1.042952 -6.846631 -6.766210
SCALE 1.000000 1.000000 1.000000
X -0.960279 -0.223886 -0.166552
Y 0.195530 -0.114053 -0.974043
Z 0.199079 -0.967919 0.153299

PART 7
OFFSET 16.987957 -3.092871 -3.896510
SCALE 1.000000 1.000000 1.000000
X 1.000000 0.000000 0.000000
Y 0.000000 1.000000 0.000000
Z 0.000000 0.000000 1.000000

PART 8
OFFSET 24.980836 0.347671 -6.035302
SCALE 1.000000 1.000000 1.000000
X 0.657671 -0.461186 0.595631
Y 0.190858 0.866904 0.460489
Z -0.728726 -0.189169 0.658159

PART 9
OFFSET 24.581270 -0.838742 -7.160661
SCALE 1.000000 1.000000 1.000000
X 0.657671 -0.461186 0.595631
Y 0.190858 0.866904 0.460489
Z -0.728726 -0.189169 0.658159

PART 10
OFFSET 23.436183 -0.496466 -4.128037
SCALE 1.000000 1.000000 1.000000
X 0.657671 -0.461186 0.595631
Y 0.190858 0.866904 0.460489
Z -0.728726 -0.189169 0.658159

PART 11
OFFSET 22.971145 -1.636165 -4.672394
SCALE 1.000000 1.000000 1.000000
X 0.657671 -0.461186 0.595631
Y 0.190858 0.866904 0.460489
Z -0.728726 -0.189169 0.658159

PART 12
OFFSET 23.315471 -1.790050 -5.809690
SCALE 1.000000 1.000000 1.000000
X 0.657671 -0.461186 0.595631
Y 0.190858 0.866904 0.460489
Z -0.728726 -0.189169 0.658159

PART 13
OFFSET 25.308151 -1.240833 -4.907167
SCALE 1.000000 1.000000 1.000000
X 0.863400 -0.364545 0.348780
Y -0.103927 0.547975 0.830014
Z -0.493700 -0.752882 0.435235

PART 14
OFFSET 23.262162 0.321045 -6.460096
SCALE 1.000000 1.000000 1.000000
X 0.715760 -0.496143 0.491457
Y 0.153926 0.798520 0.581955
Z -0.681171 -0.340892 0.647918

PART 15
OFFSET 10.922446 -5.104068 -3.464290
SCALE 1.000000 1.000000 1.000000
X -0.961968 -0.220568 -0.161145
Y -0.199169 0.970079 -0.138847
Z 0.186948 -0.101471 -0.977115

PART 16
OFFSET 10.520900 -3.819480 -3.473709
SCALE 1.000000 1.000000 1.000000
X -0.961968 -0.220568 -0.161145
Y -0.199169 0.970079 -0.138847
Z 0.186948 -0.101471 -0.977115

PART 17
OFFSET 10.218990 -3.428033 -4.565192
SCALE 1.000000 1.000000 1.000000
X -0.961968 -0.220568 -0.161145
Y -0.199169 0.970079 -0.138847
Z 0.186948 -0.101471 -0.977115

PART 18
OFFSET 12.175487 -4.192421 -4.776129
SCALE 1.000000 1.000000 1.000000
X -0.981350 0.043994 0.187128
Y -0.192047 -0.266825 -0.944416
Z 0.008382 -0.962740 0.270298

PART 19
OFFSET 9.234259 -5.026831 -5.297615
SCALE 1.000000 1.000000 1.000000
X -0.966758 -0.219990 -0.130322
Y 0.072432 0.253184 -0.964703
Z 0.245220 -0.942074 -0.228833

PART 20
OFFSET 15.861792 -1.699268 -0.703196
SCALE 1.000000 1.000000 1.000000
X 1.000000 0.000000 0.000000
Y 0.000000 1.000000 0.000000
Z 0.000000 0.000000 1.000000

PART 21
OFFSET 22.185980 -3.758208 -1.118053
SCALE 1.000000 1.000000 1.000000
X -0.000000 -0.819097 0.573655
Y 1.000000 -0.000000 0.000000
Z 0.000000 0.573655 0.819097

PART 22
OFFSET 22.739150 -3.077859 -2.154993
SCALE 1.000000 1.000000 1.000000
X 1.000000 0.000000 0.000000
Y 0.000000 1.000000 0.000000
Z 0.000000 0.000000 1.000000

PART 23
OFFSET 41.504165 -3.092871 -2.013886
SCALE 1.000000 1.000000 1.000000
X 1.000000 0.000000 0.000000
Y 0.000000 1.000000 0.000000
Z 0.000000 0.000000 1.000000

PART 24
OFFSET 21.193226 -2.095314 -3.689565
SCALE 1.000000 1.000000 1.000000
X 1.000000 0.000000 0.000000
Y 0.000000 1.000000 0.000000
Z 0.000000 0.000000 1.000000

PART 25
OFFSET 28.731804 -1.983881 -3.152256
SCALE 1.000000 1.000000 1.000000
X 0.683164 -0.726484 -0.074211
Y -0.523047 -0.557695 0.644514
Z -0.509617 -0.401493 -0.760982

PART 26
OFFSET 28.704805 -2.688880 -3.971297
SCALE 1.000000 1.000000 1.000000
X 0.393166 -0.827872 0.400062
Y -0.751909 -0.039065 0.658108
Z -0.529201 -0.559556 -0.637844

PART 27
OFFSET 26.160327 -2.427955 -5.620784
SCALE 1.000000 1.000000 1.000000
X 0.461859 -0.816336 0.346816
Y -0.712037 -0.108105 0.693770
Z -0.528857 -0.567370 -0.631190

PART 28
OFFSET 26.282189 -1.892079 -4.804519
SCALE 1.000000 1.000000 1.000000
X 0.754531 -0.647417 0.107396
Y -0.633306 -0.675412 0.377813
Z -0.172066 -0.353086 -0.919632

PART 29
OFFSET 25.623484 -1.004744 -3.576289
SCALE 1.000000 1.000000 1.000000
X 0.844474 -0.100052 0.526168
Y 0.051217 0.992980 0.106616
Z -0.533141 -0.063085 0.843671

PART 30
OFFSET 27.540115 -1.898115 -2.280827
SCALE 1.000000 1.000000 1.000000
X 0.695197 -0.658305 0.288678
Y 0.718815 0.635307 -0.282293
Z 0.002436 0.403756 0.914864

PART 31
OFFSET 26.952654 -3.671797 -3.745628
SCALE 1.000000 1.000000 1.000000
X -0.209356 -0.382799 -0.899797
Y 0.493749 0.752883 -0.435178
Z 0.844027 -0.535381 0.031386

PART 32
OFFSET 16.143795 -4.528416 -4.686111
SCALE 1.000000 1.000000 1.000000
X -0.994641 -0.072028 0.074175
Y 0.083698 -0.982116 0.168649
Z 0.060701 0.173954 0.982881

PART 33
OFFSET 15.872641 -4.619241 -5.773600
SCALE 1.000000 1.000000 1.000000
X -0.614026 -0.783441 0.095875
Y 0.763081 -0.620284 -0.181536
Z 0.201692 -0.038307 0.978700

PART 34
OFFSET 12.758258 -4.313199 -6.008032
SCALE 1.000000 1.000000 1.000000
X -0.856060 -0.118265 0.503164
Y 0.193848 -0.975877 0.100431
Z 0.479149 0.183512 0.858335

PART 35
OFFSET 13.118314 -4.282201 -5.390139
SCALE 1.000000 1.000000 1.000000
X -0.910665 -0.012039 0.412970
Y 0.128627 -0.958158 0.255711
Z 0.392612 0.285986 0.874110

PART 36
OFFSET 12.795199 -3.566219 -4.124969
SCALE 1.000000 1.000000 1.000000
X -0.784334 -0.573148 -0.237322
Y 0.331911 -0.064529 -0.941101
Z 0.524076 -0.816907 0.240846

PART 37
OFFSET 8.258154 -4.299730 -3.053842
SCALE 1.000000 1.000000 1.000000
X -0.883884 -0.174698 0.433854
Y -0.300676 0.922777 -0.240992
Z -0.358250 -0.343458 -0.868155

PART 38
OFFSET 22.739150 -3.077859 -1.733209
SCALE 1.000000 1.000000 1.000000
X 1.000000 0.000000 0.000000
Y 0.000000 1.000000 0.000000
Z 0.000000 0.000000 1.000000

PART 39
OFFSET 29.934349 -3.213244 -3.372327
SCALE 1.000000 1.000000 1.000000
X 0.346140 -0.851039 0.394868
Y -0.814254 -0.063446 0.577031
Z -0.466023 -0.521256 -0.714923

PART 40
OFFSET 29.431009 -4.309172 -3.120449
SCALE 1.000000 1.000000 1.000000
X -0.623265 -0.016288 0.781841
Y -0.298407 0.929085 -0.218527
Z -0.722838 -0.369507 -0.583926

PART 41
OFFSET 27.328686 -4.225273 -4.800753
SCALE 1.000000 1.000000 1.000000
X 0.065358 -0.430985 0.899989
Y -0.609699 0.696734 0.377928
Z -0.789934 -0.573423 -0.217234

PART 42
OFFSET 28.219059 -3.634015 -4.663655
SCALE 1.000000 1.000000 1.000000
X 0.173169 -0.628000 0.758702
Y -0.686458 0.475437 0.550213
Z -0.706249 -0.616097 -0.348765

PART 43
OFFSET 27.476428 -1.118647 -2.400216
SCALE 1.000000 1.000000 1.000000
X 0.839514 -0.502938 0.205597
Y 0.452609 0.856676 0.247490
Z -0.300602 -0.114717 0.946826

PART 44
OFFSET 17.883333 -4.379348 -4.856441
SCALE 1.000000 1.000000 1.000000
X -0.595893 -0.801536 -0.049521
Y 0.801558 -0.597418 0.024412
Z -0.049152 -0.025148 0.998475

PART 45
OFFSET 17.051312 -3.049151 -5.943822
SCALE 1.000000 1.000000 1.000000
X 0.478665 -0.844464 -0.240334
Y 0.730772 0.534913 -0.424077
Z 0.486675 0.027362 0.873154

PART 46
OFFSET 14.786236 -4.074025 -7.043418
SCALE 1.000000 1.000000 1.000000
X -0.603461 -0.779307 0.168865
Y 0.692558 -0.617198 -0.373404
Z 0.395220 -0.108386 0.912170

PART 47
OFFSET 15.432663 -4.284819 -6.592681
SCALE 1.000000 1.000000 1.000000
X -0.570227 -0.818381 0.071368
Y 0.714773 -0.537096 -0.447915
Z 0.404897 -0.204401 0.891223

PART 48
OFFSET 14.470918 -2.251923 -3.538333
SCALE 1.000000 1.000000 1.000000
X -0.924364 -0.296375 0.240235
Y -0.100706 -0.417809 -0.902937
Z 0.367980 -0.858835 0.356360

PART 49
OFFSET 30.285912 -4.154068 -2.705131
SCALE 1.000000 1.000000 1.000000
X -0.078506 -0.598145 0.797533
Y -0.907463 0.374086 0.191235
Z -0.412732 -0.708719 -0.572163

PART 50
OFFSET 28.675785 -4.586223 -2.042879
SCALE 1.000000 1.000000 1.000000
X -0.639724 0.131283 0.757310
Y -0.120260 0.956072 -0.267327
Z -0.759138 -0.262090 -0.595834

PART 51
OFFSET 27.418213 -4.837781 -3.502237
SCALE 1.000000 1.000000 1.000000
X -0.362473 0.504411 0.783698
Y -0.498363 0.605666 -0.620325
Z -0.787558 -0.615417 0.031843

PART 52
OFFSET 28.492351 -4.736592 -3.288217
SCALE 1.000000 1.000000 1.000000
X -0.532894 0.503014 0.680441
Y -0.350363 0.600800 -0.718530
Z -0.770240 -0.621302 -0.143925

PART 53
OFFSET 28.840474 -1.739992 -1.970762
SCALE 1.000000 1.000000 1.000000
X 0.922347 -0.023968 0.385618
Y 0.068020 0.992558 -0.101002
Z -0.380327 0.119389 0.917114

PART 54
OFFSET 18.400831 -3.311269 -4.704958
SCALE 1.000000 1.000000 1.000000
X 0.097389 -0.980553 -0.170385
Y 0.994486 0.089185 0.055174
Z -0.038905 -0.174819 0.983832

PART 55
OFFSET 16.229286 -1.904107 -5.546633
SCALE 1.000000 1.000000 1.000000
X 0.869221 0.214082 -0.445672
Y -0.232484 0.972503 0.013723
Z 0.436355 0.091683 0.895091

PART 56
OFFSET 15.650066 -2.949381 -7.280128
SCALE 1.000000 1.000000 1.000000
X 0.224151 -0.883034 -0.412319
Y 0.939029 0.308889 -0.151037
Z 0.260732 -0.353324 0.898433

PART 57
OFFSET 16.413952 -2.843793 -6.708912
SCALE 1.000000 1.000000 1.000000
X 0.484613 -0.752246 -0.446404
Y 0.778005 0.603937 -0.173113
Z 0.399823 -0.263412 0.877927

PART 58
OFFSET 15.849958 -1.953505 -4.168906
SCALE 1.000000 1.000000 1.000000
X -0.696831 0.141149 0.703209
Y -0.695810 -0.370888 -0.615054
Z 0.173997 -0.917888 0.356659

PART 59
OFFSET 30.197283 -4.829688 -1.804333
SCALE 1.000000 1.000000 1.000000
X 0.728150 -0.342880 -0.593491
Y -0.142270 0.771416 -0.620223
Z 0.670491 0.536051 0.512925

PART 60
OFFSET 27.945959 -4.440066 -1.189198
SCALE 1.000000 1.000000 1.000000
X 0.618960 -0.693200 -0.369274
Y 0.263575 0.626219 -0.733743
Z 0.739877 0.356826 0.570314

PART 61
OFFSET 27.166518 -4.444206 -2.972998
SCALE 1.000000 1.000000 1.000000
X -0.424254 0.404326 0.810265
Y -0.556029 0.589923 -0.585511
Z -0.714731 -0.698936 -0.025460

PART 62
OFFSET 27.892512 -4.303447 -2.274427
SCALE 1.000000 1.000000 1.000000
X -0.683057 0.254802 0.684477
Y -0.366197 0.691382 -0.622809
Z -0.631928 -0.676068 -0.378946

PART 63
OFFSET 29.821653 -1.743547 -1.513476
SCALE 1.000000 1.000000 1.000000
X 0.939183 0.110195 -0.325258
Y -0.264068 -0.373781 -0.889132
Z -0.219553 0.920948 -0.321950

PART 64
OFFSET 18.290879 -2.203772 -4.512490
SCALE 1.000000 1.000000 1.000000
X -0.940218 0.189273 0.283135
Y 0.210580 0.976469 0.046520
Z -0.267667 0.103362 -0.957951

PART 65
OFFSET 15.241580 -2.146566 -5.048180
SCALE 1.000000 1.000000 1.000000
X -0.547678 -0.791283 0.271883
Y -0.703684 0.611411 0.361946
Z -0.452634 0.006910 -0.891670

PART 66
OFFSET 15.449440 -2.163600 -6.912287
SCALE 1.000000 1.000000 1.000000
X 0.864766 -0.106963 -0.490652
Y 0.315038 0.876424 0.364187
Z 0.391064 -0.469510 0.791599

PART 67
OFFSET 15.662368 -1.878658 -6.061990
SCALE 1.000000 1.000000 1.000000
X 0.922254 0.222359 -0.316234
Y -0.122816 0.944169 0.305715
Z 0.366557 -0.243108 0.898073

PART 68
OFFSET 16.607418 -2.057857 -4.935233
SCALE 1.000000 1.000000 1.000000
X -0.769570 0.617347 0.163235
Y 0.478382 0.726698 -0.493012
Z -0.422982 -0.301318 -0.854572

PART 69
OFFSET 26.763467 -4.060086 -2.203226
SCALE 1.000000 1.000000 1.000000
X 0.777550 -0.577646 -0.248476
Y -0.236795 0.097085 -0.966697
Z 0.582532 0.810493 -0.061295

PART 70
OFFSET 27.151773 -4.027154 -1.532119
SCALE 1.000000 1.000000 1.000000
X 0.734639 -0.639914 -0.225424
Y 0.118098 0.447799 -0.886301
Z 0.668101 0.624489 0.404543

PART 71
OFFSET 14.627877 -2.061976 -6.446162
SCALE 1.000000 1.000000 1.000000
X -0.916038 -0.399865 0.031347
Y -0.269421 0.671335 0.690451
Z -0.297131 0.624033 -0.722700

PART 72
OFFSET 14.662161 -2.119769 -5.718987
SCALE 1.000000 1.000000 1.000000
X -0.665605 -0.734396 0.132790
Y -0.644377 0.655291 0.394172
Z -0.376494 0.176796 -0.909393

PART 73
OFFSET 0.000000 0.000000 0.000000
SCALE 1.000000 1.000000 1.000000
X 1.000000 0.000000 0.000000
Y 0.000000 1.000000 0.000000
Z 0.000000 0.000000 1.000000

PART 74
OFFSET 0.000000 0.000000 0.000000
SCALE 1.000000 1.000000 1.000000
X 1.000000 0.000000 0.000000
Y 0.000000 1.000000 0.000000
Z 0.000000 0.000000 1.000000

PART 75
OFFSET 1.540551 0.000000 4.135826
SCALE 1.000000 1.000000 1.000000
X 1.000000 0.000000 0.000000
Y 0.000000 1.000000 0.000000
Z 0.000000 0.000000 1.000000

PART 76
OFFSET -4.631835 0.000000 -1.376957
SCALE 1.000000 1.000000 1.000000
X 1.000000 0.000000 0.000000
Y 0.000000 1.000000 0.000000
Z 0.000000 0.000000 1.000000

FRAME 1
PART 0
OFFSET 0.000000 0.000000 0.000000
SCALE 1.000000 1.000000 1.000000
X 1.000000 0.000000 0.000000
Y 0.000000 1.000000 0.000000
Z 0.000000 0.000000 1.000000

PART 1
OFFSET 6.154525 4.707780 -8.530249
SCALE 1.000000 1.000000 1.000000
X 0.941047 0.005111 -0.338237
Y 0.008921 -0.999913 0.009711
Z -0.338158 -0.012156 -0.941011

PART 2
OFFSET -6.337520 -6.857419 2.487046
SCALE 1.000000 1.000000 1.000000
X -0.520461 0.048948 0.852481
Y -0.241416 -0.966058 -0.091921
Z 0.819048 -0.253644 0.514612

PART 3
OFFSET 15.351537 -2.925104 -4.057711
SCALE 1.000000 1.000000 1.000000
X 0.999995 -0.000393 0.003075
Y 0.000278 0.999304 0.037310
Z -0.003087 -0.037309 0.999299

PART 4
OFFSET 13.908927 18.076323 -17.331985
SCALE 1.000000 1.000000 1.000000
X 0.998737 0.041892 -0.027740
Y 0.021387 0.145113 0.989184
Z 0.045465 -0.988528 0.144033

PART 5
OFFSET 17.971870 5.021842 -12.972190
SCALE 1.000000 1.000000 1.000000
X 0.480524 -0.534217 0.695492
Y -0.848097 -0.081213 0.523580
Z -0.223222 -0.841437 -0.492093

PART 6
OFFSET 0.027161 -7.674863 -8.393099
SCALE 1.000000 1.000000 1.000000
X -0.906638 -0.310780 -0.285349
Y 0.321674 -0.071534 -0.944144
Z 0.273009 -0.947786 0.164825

PART 7
OFFSET 15.351537 -2.925104 -4.057711
SCALE 1.000000 1.000000 1.000000
X 0.999995 -0.000393 0.003075
Y 0.000278 0.999304 0.037310
Z -0.003087 -0.037309 0.999299

PART 8
OFFSET 23.826019 0.572227 -6.196926
SCALE 1.000000 1.000000 1.000000
X 0.486189 -0.531432 0.693686
Y 0.234013 0.844010 0.482581
Z -0.841937 -0.072294 0.534710

PART 9
OFFSET 23.448072 -0.576223 -7.368198
SCALE 1.000000 1.000000 1.000000
X 0.486189 -0.531432 0.693686
Y 0.234013 0.844010 0.482581
Z -0.841937 -0.072294 0.534710

PART 10
OFFSET 21.899977 -0.007367 -4.556616
SCALE 1.000000 1.000000 1.000000
X 0.486189 -0.531432 0.693686
Y 0.234013 0.844010 0.482581
Z -0.841937 -0.072294 0.534710

PART 11
OFFSET 21.373355 -1.086406 -5.164763
SCALE 1.000000 1.000000 1.000000
X 0.486189 -0.531432 0.693686
Y 0.234013 0.844010 0.482581
Z -0.841937 -0.072294 0.534710

PART 12
OFFSET 21.867173 -1.313467 -6.232598
SCALE 1.000000 1.000000 1.000000
X 0.486189 -0.531432 0.693686
Y 0.234013 0.844010 0.482581
Z -0.841937 -0.072294 0.534710

PART 13
OFFSET 23.679632 -1.040297 -4.976608
SCALE 1.000000 1.000000 1.000000
X 0.862355 -0.377729 0.337144
Y -0.106143 0.516217 0.849855
Z -0.495054 -0.768662 0.405069

PART 14
OFFSET 22.201359 0.763991 -6.888453
SCALE 1.000000 1.000000 1.000000
X 0.554490 -0.574394 0.602173
Y 0.143090 0.778629 0.610951
Z -0.819796 -0.252601 0.513932

PART 15
OFFSET 9.218367 -5.073485 -3.887750
SCALE 1.000000 1.000000 1.000000
X -0.909283 -0.307768 -0.280149
Y -0.275050 0.949583 -0.150467
Z 0.312334 -0.059762 -0.948091

PART 16
OFFSET 8.696994 -3.833396 -3.930719
SCALE 1.000000 1.000000 1.000000
X -0.909283 -0.307768 -0.280149
Y -0.275050 0.949583 -0.150467
Z 0.312334 -0.059762 -0.948091

PART 17
OFFSET 8.491893 -3.446733 -5.046130
SCALE 1.000000 1.000000 1.000000
X -0.909283 -0.307768 -0.280149
Y -0.275050 0.949583 -0.150467
Z 0.312334 -0.059762 -0.948091

PART 18
OFFSET 10.542277 -3.989373 -4.989640
SCALE 1.000000 1.000000 1.000000
X -0.981948 0.037470 0.185401
Y -0.189019 -0.230822 -0.954460
Z 0.007031 -0.972274 0.233737

PART 19
OFFSET 7.769650 -5.130863 -5.906838
SCALE 1.000000 1.000000 1.000000
X -0.919182 -0.309338 -0.243749
Y 0.131820 0.341564 -0.930568
Z 0.371116 -0.887493 -0.273183

PART 20
OFFSET 16.834322 -1.652211 -0.810016
SCALE 1.000000 1.000000 1.000000
X 0.999995 -0.000393 0.003075
Y 0.000278 0.999304 0.037310
Z -0.003087 -0.037309 0.999299

PART 21
OFFSET 20.540772 -3.695683 -1.290042
SCALE 1.000000 1.000000 1.000000
X -0.001999 -0.839930 0.542692
Y 0.999995 -0.000393 0.003075
Z -0.002369 0.542695 0.839926

PART 22
OFFSET 21.097330 -2.977338 -2.299170
SCALE 1.000000 1.000000 1.000000
X 0.999995 -0.000393 0.003075
Y 0.000278 0.999304 0.037310
Z -0.003087 -0.037309 0.999299

PART 23
OFFSET 39.861815 -3.004980 -2.101020
SCALE 1.000000 1.000000 1.000000
X 0.999995 -0.000393 0.003075
Y 0.000278 0.999304 0.037310
Z -0.003087 -0.037309 0.999299

PART 24
OFFSET 19.556425 -1.937615 -3.800761
SCALE 1.000000 1.000000 1.000000
X 0.999995 -0.000393 0.003075
Y 0.000278 0.999304 0.037310
Z -0.003087 -0.037309 0.999299

PART 25
OFFSET 27.098232 -1.850192 -3.241535
SCALE 1.000000 1.000000 1.000000
X 0.683234 -0.723357 -0.099735
Y -0.524949 -0.581522 0.621499
Z -0.507564 -0.372273 -0.777041

PART 26
OFFSET 27.073389 -2.523697 -4.086728
SCALE 1.000000 1.000000 1.000000
X 0.391893 -0.842526 0.369553
Y -0.753752 -0.063712 0.654064
Z -0.527521 -0.534874 -0.660024

PART 27
OFFSET 24.533578 -2.199825 -5.732243
SCALE 1.000000 1.000000 1.000000
X 0.460737 -0.829005 0.316974
Y -0.713992 -0.134063 0.687199
Z -0.527197 -0.542935 -0.653670

PART 28
OFFSET 24.653258 -1.695244 -4.895957
SCALE 1.000000 1.000000 1.000000
X 0.754108 -0.651236 0.084930
Y -0.634484 -0.689035 0.350229
Z -0.169562 -0.317997 -0.932806

PART 29
OFFSET 23.991290 -0.854810 -3.636879
SCALE 1.000000 1.000000 1.000000
X 0.842983 -0.120129 0.524356
Y 0.051104 0.988222 0.144242
Z -0.535508 -0.094797 0.839193

PART 30
OFFSET 25.904129 -1.797102 -2.370806
SCALE 1.000000 1.000000 1.000000
X 0.694266 -0.668956 0.265505
Y 0.719719 0.645321 -0.256058
Z -0.000045 0.368861 0.929485

PART 31
OFFSET 25.320432 -3.513937 -3.903280
SCALE 1.000000 1.000000 1.000000
X -0.206913 -0.348428 -0.914213
Y 0.495103 0.768661 -0.405011
Z 0.843837 -0.536431 0.013462

PART 32
OFFSET 14.510105 -4.330877 -4.899224
SCALE 1.000000 1.000000 1.000000
X -0.994916 -0.074192 0.068099
Y 0.082677 -0.987839 0.131679
Z 0.057501 0.136640 0.988950

PART 33
OFFSET 14.242539 -4.380369 -5.990264
SCALE 1.000000 1.000000 1.000000
X -0.614707 -0.786142 0.064153
Y 0.763394 -0.613430 -0.202322
Z 0.198407 -0.075395 0.977216

PART 34
OFFSET 11.129099 -4.063842 -6.223289
SCALE 1.000000 1.000000 1.000000
X -0.857790 -0.136694 0.495492
Y 0.193057 -0.979091 0.064111
Z 0.476368 0.150652 0.866244

PART 35
OFFSET 11.487105 -4.056436 -5.603474
SCALE 1.000000 1.000000 1.000000
X -0.912044 -0.027102 0.409197
Y 0.127327 -0.967215 0.219733
Z 0.389826 0.252508 0.885593

PART 36
OFFSET 11.160103 -3.388599 -4.313222
SCALE 1.000000 1.000000 1.000000
X -0.783804 -0.563303 -0.261419
Y 0.335020 -0.029105 -0.941762
Z 0.522889 -0.825737 0.211530

PART 37
OFFSET 6.619167 -4.159391 -3.285645
SCALE 1.000000 1.000000 1.000000
X -0.885408 -0.190450 0.424006
Y -0.299440 0.931405 -0.206933
Z -0.355511 -0.310184 -0.881702

PART 38
OFFSET 21.096028 -2.993074 -1.877682
SCALE 1.000000 1.000000 1.000000
X 0.999995 -0.000393 0.003075
Y 0.000278 0.999304 0.037310
Z -0.003087 -0.037309 0.999299

PART 39
OFFSET 28.301158 -3.070701 -3.504601
SCALE 1.000000 1.000000 1.000000
X 0.344878 -0.865466 0.363356
Y -0.815874 -0.084990 0.571949
Z -0.464121 -0.493705 -0.735423

PART 40
OFFSET 27.796913 -4.175225 -3.295761
SCALE 1.000000 1.000000 1.000000
X -0.625449 -0.045668 0.778927
Y -0.297623 0.936773 -0.184057
Z -0.721273 -0.346945 -0.599496

PART 41
OFFSET 25.699307 -4.027215 -4.977535
SCALE 1.000000 1.000000 1.000000
X 0.062764 -0.464739 0.883221
Y -0.610623 0.682117 0.402313
Z -0.789431 -0.564565 -0.240968

PART 42
OFFSET 26.589404 -3.441826 -4.815692
SCALE 1.000000 1.000000 1.000000
X 0.170932 -0.656300 0.734883
Y -0.687904 0.454485 0.565890
Z -0.705387 -0.602258 -0.373785

PART 43
OFFSET 25.840921 -1.013658 -2.460802
SCALE 1.000000 1.000000 1.000000
X 0.838843 -0.510599 0.188762
Y 0.452075 0.846570 0.280977
Z -0.303267 -0.150361 0.940968

PART 44
OFFSET 16.250271 -4.176507 -5.058027
SCALE 1.000000 1.000000 1.000000
X -0.596097 -0.798738 -0.081762
Y 0.801194 -0.598388 0.004469
Z -0.052495 -0.062843 0.996642

PART 45
OFFSET 15.422503 -2.805664 -6.097100
SCALE 1.000000 1.000000 1.000000
X 0.479071 -0.835059 -0.270495
Y 0.732432 0.550128 -0.401126
Z 0.483771 -0.005951 0.875174

PART 46
OFFSET 13.160631 -3.786901 -7.242160
SCALE 1.000000 1.000000 1.000000
X -0.604384 -0.784776 0.137282
Y 0.693513 -0.603051 -0.394169
Z 0.392123 -0.143023 0.908727

PART 47
OFFSET 13.805453 -4.014965 -6.797572
SCALE 1.000000 1.000000 1.000000
X -0.570843 -0.820157 0.038488
Y 0.716014 -0.520203 -0.465524
Z 0.401825 -0.238183 0.884198

PART 48
OFFSET 12.834467 -2.098409 -3.671766
SCALE 1.000000 1.000000 1.000000
X -0.925299 -0.304698 0.225792
Y -0.097886 -0.383319 -0.918414
Z 0.366389 -0.871909 0.324859

PART 49
OFFSET 28.650681 -4.036191 -2.872494
SCALE 1.000000 1.000000 1.000000
X -0.080845 -0.627861 0.774115
Y -0.907924 0.366849 0.202721
Z -0.411264 -0.686449 -0.599708

PART 50
OFFSET 27.038631 -4.492618 -2.231548
SCALE 1.000000 1.000000 1.000000
X -0.641813 0.102729 0.759950
Y -0.119336 0.965535 -0.231305
Z -0.757519 -0.239143 -0.607433

PART 51
OFFSET 25.785094 -4.688428 -3.702873
SCALE 1.000000 1.000000 1.000000
X -0.364567 0.474512 0.801205
Y -0.496516 0.628842 -0.598356
Z -0.787758 -0.615952 0.006348

PART 52
OFFSET 26.858648 -4.595720 -3.482189
SCALE 1.000000 1.000000 1.000000
X -0.534699 0.477071 0.697495
Y -0.348243 0.627650 -0.696262
Z -0.769950 -0.615189 -0.169467

PART 53
OFFSET 27.203647 -1.651200 -2.051363
SCALE 1.000000 1.000000 1.000000
X 0.921262 -0.038806 0.387001
Y 0.068486 0.995649 -0.063195
Z -0.382865 0.084724 0.919911

PART 54
OFFSET 16.767758 -3.115223 -4.864560
SCALE 1.000000 1.000000 1.000000
X 0.097500 -0.973469 -0.207006
Y 0.994337 0.086448 0.061805
Z -0.042270 -0.211860 0.976385

PART 55
OFFSET 14.599690 -1.675966 -5.659639
SCALE 1.000000 1.000000 1.000000
X 0.870803 0.230262 -0.434375
Y -0.232075 0.971427 0.049705
Z 0.433409 0.057525 0.899360

PART 56
OFFSET 14.025770 -2.654624 -7.433320
SCALE 1.000000 1.000000 1.000000
X 0.225115 -0.866950 -0.444659
Y 0.939671 0.313822 -0.136137
Z 0.257568 -0.387187 0.885294

PART 57
OFFSET 14.787795 -2.571156 -6.855991
SCALE 1.000000 1.000000 1.000000
X 0.485749 -0.735121 -0.472911
Y 0.778860 0.609589 -0.147577
Z 0.396769 -0.296646 0.868663

PART 58
OFFSET 14.215743 -1.777184 -4.286030
SCALE 1.000000 1.000000 1.000000
X -0.699108 0.114879 0.705727
Y -0.693926 -0.346962 -0.630939
Z 0.172379 -0.930817 0.322281

PART 59
OFFSET 28.559412 -4.745375 -1.998148
SCALE 1.000000 1.000000 1.000000
X 0.729741 -0.320397 -0.604007
Y -0.140393 0.794366 -0.590993
Z 0.669155 0.516070 0.534700

PART 60
OFFSET 26.306450 -4.378644 -1.374985
SCALE 1.000000 1.000000 1.000000
X 0.619860 -0.678916 -0.393506
Y 0.265740 0.653448 -0.708793
Z 0.738347 0.334782 0.585461

PART 61
OFFSET 25.531994 -4.315080 -3.159829
SCALE 1.000000 1.000000 1.000000
X -0.426440 0.373512 0.823795
Y -0.554282 0.611810 -0.564323
Z -0.714787 -0.697265 -0.053870

PART 62
OFFSET 26.256061 -4.201057 -2.454414
SCALE 1.000000 1.000000 1.000000
X -0.684919 0.228928 0.691721
Y -0.364327 0.714552 -0.597228
Z -0.630992 -0.661066 -0.406006

PART 63
OFFSET 28.183544 -1.672335 -1.591809
SCALE 1.000000 1.000000 1.000000
X 0.940108 0.122145 -0.318241
Y -0.261653 -0.339805 -0.903366
Z -0.218481 0.932531 -0.287494

PART 64
OFFSET 16.657680 -2.015728 -4.630729
SCALE 1.000000 1.000000 1.000000
X -0.941070 0.178991 0.286967
Y 0.210878 0.973888 0.084098
Z -0.264421 0.139657 -0.954242

PART 65
OFFSET 13.610213 -1.936509 -5.173986
SCALE 1.000000 1.000000 1.000000
X -0.548950 -0.800671 0.239959
Y -0.704603 0.597709 0.382463
Z -0.449653 0.040878 -0.892268

PART 66
OFFSET 13.824284 -1.883191 -7.036705
SCALE 1.000000 1.000000 1.000000
X 0.866348 -0.088851 -0.491473
Y 0.314229 0.861845 0.398101
Z 0.388202 -0.499329 0.774577

PART 67
OFFSET 14.034506 -1.630720 -6.175543
SCALE 1.000000 1.000000 1.000000
X 0.923407 0.233609 -0.304542
Y -0.123396 0.932010 0.340779
Z 0.363445 -0.277098 0.889452

PART 68
OFFSET 14.975707 -1.852941 -5.053237
SCALE 1.000000 1.000000 1.000000
X -0.769823 0.611190 0.183902
Y 0.480363 0.744532 -0.463599
Z -0.420268 -0.268549 -0.866750

PART 69
OFFSET 25.126866 -3.960235 -2.377202
SCALE 1.000000 1.000000 1.000000
X 0.778134 -0.568061 -0.267983
Y -0.234076 0.133651 -0.962988
Z 0.582852 0.812062 -0.028971

PART 70
OFFSET 25.513302 -3.952824 -1.704252
SCALE 1.000000 1.000000 1.000000
X 0.735147 -0.631143 -0.247422
Y 0.120657 0.480969 -0.868396
Z 0.667084 0.608545 0.429734

PART 71
OFFSET 13.001218 -1.798774 -6.569800
SCALE 1.000000 1.000000 1.000000
X -0.916323 -0.400222 0.013170
Y -0.271411 0.644915 0.714437
Z -0.294427 0.651081 -0.699575

PART 72
OFFSET 13.033047 -1.884032 -5.845220
SCALE 1.000000 1.000000 1.000000
X -0.666386 -0.738497 0.102724
Y -0.645384 0.640304 0.416522
Z -0.373375 0.211268 -0.903303

PART 73
OFFSET 0.000000 0.000000 0.000000
SCALE 1.000000 1.000000 1.000000
X 1.000000 0.000000 0.000000
Y 0.000000 1.000000 0.000000
Z 0.000000 0.000000 1.000000

PART 74
OFFSET 0.000000 0.000000 0.000000
SCALE 1.000000 1.000000 1.000000
X 1.000000 0.000000 0.000000
Y 0.000000 1.000000 0.000000
Z 0.000000 0.000000 1.000000

PART 75
OFFSET 1.540551 0.000000 4.135826
SCALE 1.000000 1.000000 1.000000
X 1.000000 0.000000 0.000000
Y 0.000000 1.000000 0.000000
Z 0.000000 0.000000 1.000000

PART 76
OFFSET -4.631835 0.000000 -1.376957
SCALE 1.000000 1.000000 1.000000
X 1.000000 0.000000 0.000000
Y 0.000000 1.000000 0.000000
Z 0.000000 0.000000 1.000000

FRAME 2
PART 0
OFFSET 0.000000 0.000000 0.000000
SCALE 1.000000 1.000000 1.000000
X 1.000000 0.000000 0.000000
Y 0.000000 1.000000 0.000000
Z 0.000000 0.000000 1.000000

PART 1
OFFSET 6.070522 4.807315 -8.617842
SCALE 1.000000 1.000000 1.000000
X 0.952737 -0.028174 -0.302487
Y -0.022678 -0.999508 0.021665
Z -0.302948 -0.013781 -0.952907

PART 2
OFFSET -6.560311 -6.956975 2.444147
SCALE 1.000000 1.000000 1.000000
X -0.580934 0.016588 0.813781
Y -0.219449 -0.965962 -0.136968
Z 0.783810 -0.258152 0.564801

PART 3
OFFSET 16.140869 -2.924354 -4.057711
SCALE 1.000000 1.000000 1.000000
X 0.999912 -0.000201 0.013274
Y 0.000074 0.999954 0.009552
Z -0.013275 -0.009550 0.999866

PART 4
OFFSET 13.908927 18.076323 -17.331985
SCALE 1.000000 1.000000 1.000000
X 0.998737 0.041892 -0.027740
Y 0.021387 0.145113 0.989184
Z 0.045465 -0.988528 0.144033

PART 5
OFFSET 17.811490 4.598863 -12.461770
SCALE 1.000000 1.000000 1.000000
X 0.561713 -0.501783 0.657793
Y -0.801680 -0.133668 0.582617
Z -0.204422 -0.854603 -0.477353

PART 6
OFFSET 0.498704 -7.266802 -7.676980
SCALE 1.000000 1.000000 1.000000
X -0.935314 -0.274075 -0.223765
Y 0.258304 -0.096727 -0.961209
Z 0.241799 -0.956832 0.161265

PART 7
OFFSET 16.140869 -2.924354 -4.057711
SCALE 1.000000 1.000000 1.000000
X 0.999912 -0.000201 0.013274
Y 0.000074 0.999954 0.009552
Z -0.013275 -0.009550 0.999866

PART 8
OFFSET 24.403709 0.537620 -6.135374
SCALE 1.000000 1.000000 1.000000
X 0.567047 -0.498650 0.655596
Y 0.214321 0.857836 0.467101
Z -0.795314 -0.124360 0.593305

PART 9
OFFSET 24.016023 -0.634203 -7.280011
SCALE 1.000000 1.000000 1.000000
X 0.567047 -0.498650 0.655596
Y 0.214321 0.857836 0.467101
Z -0.795314 -0.124360 0.593305

PART 10
OFFSET 22.640234 -0.159605 -4.363310
SCALE 1.000000 1.000000 1.000000
X 0.567047 -0.498650 0.655596
Y 0.214321 0.857836 0.467101
Z -0.795314 -0.124360 0.593305

PART 11
OFFSET 22.140452 -1.270637 -4.935432
SCALE 1.000000 1.000000 1.000000
X 0.567047 -0.498650 0.655596
Y 0.214321 0.857836 0.467101
Z -0.795314 -0.124360 0.593305

PART 12
OFFSET 22.569950 -1.467810 -6.036495
SCALE 1.000000 1.000000 1.000000
X 0.567047 -0.498650 0.655596
Y 0.214321 0.857836 0.467101
Z -0.795314 -0.124360 0.593305

PART 13
OFFSET 24.475534 -1.065642 -4.943310
SCALE 1.000000 1.000000 1.000000
X 0.858721 -0.368194 0.356414
Y -0.114631 0.539875 0.833903
Z -0.499458 -0.756946 0.421396

PART 14
OFFSET 22.727968 0.628044 -6.708849
SCALE 1.000000 1.000000 1.000000
X 0.631212 -0.538378 0.558319
Y 0.148996 0.790607 0.593920
Z -0.761164 -0.291702 0.579257

PART 15
OFFSET 10.058372 -5.017899 -3.791265
SCALE 1.000000 1.000000 1.000000
X -0.937495 -0.270889 -0.218455
Y -0.242854 0.958885 -0.146835
Z 0.249249 -0.084605 -0.964737

PART 16
OFFSET 9.589169 -3.756735 -3.819703
SCALE 1.000000 1.000000 1.000000
X -0.937495 -0.270889 -0.218455
Y -0.242854 0.958885 -0.146835
Z 0.249249 -0.084605 -0.964737

PART 17
OFFSET 9.331175 -3.374663 -4.925676
SCALE 1.000000 1.000000 1.000000
X -0.937495 -0.270889 -0.218455
Y -0.242854 0.958885 -0.146835
Z 0.249249 -0.084605 -0.964737

PART 18
OFFSET 11.339876 -4.015318 -5.009542
SCALE 1.000000 1.000000 1.000000
X -0.983778 0.042341 0.174323
Y -0.179331 -0.257277 -0.949552
Z 0.004645 -0.965410 0.260697

PART 19
OFFSET 8.481235 -5.025725 -5.718325
SCALE 1.000000 1.000000 1.000000
X -0.944553 -0.271056 -0.185330
Y 0.104053 0.288242 -0.951887
Z 0.311435 -0.918393 -0.244055

PART 20
OFFSET 20.208910 -1.562161 -0.796878
SCALE 1.000000 1.000000 1.000000
X 0.999912 -0.000201 0.013274
Y 0.000074 0.999954 0.009552
Z -0.013275 -0.009550 0.999866

PART 21
OFFSET 21.301501 -3.617240 -1.216984
SCALE 1.000000 1.000000 1.000000
X -0.007676 -0.824539 0.565754
Y 0.999912 -0.000201 0.013274
Z -0.010831 0.565806 0.824468

PART 22
OFFSET 21.868438 -2.927130 -2.239944
SCALE 1.000000 1.000000 1.000000
X 0.999912 -0.000201 0.013274
Y 0.000074 0.999954 0.009552
Z -0.013275 -0.009550 0.999866

PART 23
OFFSET 40.629924 -2.947255 -1.849919
SCALE 1.000000 1.000000 1.000000
X 0.999912 -0.000201 0.013274
Y 0.000074 0.999954 0.009552
Z -0.013275 -0.009550 0.999866

PART 24
OFFSET 20.343094 -1.929663 -3.785446
SCALE 1.000000 1.000000 1.000000
X 0.999912 -0.000201 0.013274
Y 0.000074 0.999954 0.009552
Z -0.013275 -0.009550 0.999866

PART 25
OFFSET 27.875914 -1.826825 -3.151314
SCALE 1.000000 1.000000 1.000000
X 0.683945 -0.725932 -0.072402
Y -0.531493 -0.563803 0.632172
Z -0.499734 -0.393890 -0.771438

PART 26
OFFSET 27.859459 -2.523784 -3.977484
SCALE 1.000000 1.000000 1.000000
X 0.387778 -0.831857 0.397041
Y -0.760422 -0.045262 0.647850
Z -0.520947 -0.553141 -0.650115

PART 27
OFFSET 25.336722 -2.245997 -5.657332
SCALE 1.000000 1.000000 1.000000
X 0.457161 -0.819823 0.344810
Y -0.721029 -0.114659 0.683352
Z -0.520692 -0.561020 -0.643534

PART 28
OFFSET 25.448038 -1.718154 -4.834355
SCALE 1.000000 1.000000 1.000000
X 0.752955 -0.648663 0.110882
Y -0.638290 -0.678878 0.362920
Z -0.160138 -0.344037 -0.925200

PART 29
OFFSET 24.773550 -0.842655 -3.606196
SCALE 1.000000 1.000000 1.000000
X 0.837534 -0.105440 0.536116
Y 0.049998 0.991876 0.116967
Z -0.544093 -0.071159 0.836002

PART 30
OFFSET 26.672992 -1.749211 -2.294678
SCALE 1.000000 1.000000 1.000000
X 0.691264 -0.661303 0.291261
Y 0.722541 0.637816 -0.266692
Z -0.009407 0.394803 0.918718

PART 31
OFFSET 26.104346 -3.508329 -3.784258
SCALE 1.000000 1.000000 1.000000
X -0.197688 -0.373931 -0.906143
Y 0.499506 0.756947 -0.421338
Z 0.843453 -0.535917 0.037142

PART 32
OFFSET 15.306578 -4.353127 -4.869451
SCALE 1.000000 1.000000 1.000000
X -0.995557 -0.072537 0.060040
Y 0.081321 -0.983781 0.159883
Z 0.047469 0.164055 0.985308

PART 33
OFFSET 15.050092 -4.432957 -5.961353
SCALE 1.000000 1.000000 1.000000
X -0.615339 -0.784222 0.079715
Y 0.765397 -0.618607 -0.177464
Z 0.188483 -0.048187 0.980894

PART 34
OFFSET 11.939181 -4.123847 -6.234634
SCALE 1.000000 1.000000 1.000000
X -0.862774 -0.123115 0.490372
Y 0.192381 -0.976882 0.093221
Z 0.467559 0.174767 0.866513

PART 35
OFFSET 12.290882 -4.099143 -5.611665
SCALE 1.000000 1.000000 1.000000
X -0.916148 -0.015975 0.400522
Y 0.125076 -0.960709 0.247778
Z 0.380827 0.277097 0.882150

PART 36
OFFSET 11.950819 -3.395834 -4.343831
SCALE 1.000000 1.000000 1.000000
X -0.781121 -0.570551 -0.253616
Y 0.344555 -0.055147 -0.937145
Z 0.520703 -0.819408 0.239663

PART 37
OFFSET 7.399681 -4.139011 -3.341353
SCALE 1.000000 1.000000 1.000000
X -0.889667 -0.178842 0.420129
Y -0.297310 0.925222 -0.235734
Z -0.346554 -0.334634 -0.876311

PART 38
OFFSET 21.862839 -2.931158 -1.818217
SCALE 1.000000 1.000000 1.000000
X 0.999912 -0.000201 0.013274
Y 0.000074 0.999954 0.009552
Z -0.013275 -0.009550 0.999866

PART 39
OFFSET 29.081007 -3.054343 -3.367707
SCALE 1.000000 1.000000 1.000000
X 0.340820 -0.854958 0.391009
Y -0.821710 -0.068831 0.565734
Z -0.456765 -0.514110 -0.725987

PART 40
OFFSET 28.574238 -4.152526 -3.133120
SCALE 1.000000 1.000000 1.000000
X -0.633396 -0.023733 0.773464
Y -0.295373 0.931265 -0.213309
Z -0.715237 -0.363569 -0.596869

PART 41
OFFSET 26.493989 -4.051589 -4.839753
SCALE 1.000000 1.000000 1.000000
X 0.053557 -0.439772 0.896511
Y -0.614447 0.693194 0.376745
Z -0.787138 -0.571036 -0.233091

PART 42
OFFSET 27.382605 -3.461967 -4.685306
SCALE 1.000000 1.000000 1.000000
X 0.163165 -0.635431 0.754722
Y -0.693482 0.470249 0.545847
Z -0.701755 -0.612449 -0.363932

PART 43
OFFSET 26.611003 -0.968596 -2.407267
SCALE 1.000000 1.000000 1.000000
X 0.836678 -0.505175 0.211587
Y 0.449497 0.854082 0.261718
Z -0.312926 -0.123865 0.941666

PART 44
OFFSET 17.048268 -4.202762 -5.014823
SCALE 1.000000 1.000000 1.000000
X -0.595250 -0.800858 -0.065598
Y 0.801098 -0.597820 0.029203
Z -0.062603 -0.035167 0.997419

PART 45
OFFSET 16.231104 -2.861511 -6.099892
SCALE 1.000000 1.000000 1.000000
X 0.481777 -0.842118 -0.242338
Y 0.736472 0.538976 -0.408796
Z 0.474869 0.018473 0.879863

PART 46
OFFSET 13.980948 -3.874756 -7.240148
SCALE 1.000000 1.000000 1.000000
X -0.605758 -0.780824 0.152879
Y 0.697466 -0.613576 -0.370224
Z 0.382883 -0.117638 0.916276

PART 47
OFFSET 14.621223 -4.090219 -6.782884
SCALE 1.000000 1.000000 1.000000
X -0.571217 -0.818924 0.055451
Y 0.720690 -0.532735 -0.443620
Z 0.392831 -0.213440 0.894498

PART 48
OFFSET 13.618611 -2.087891 -3.721493
SCALE 1.000000 1.000000 1.000000
X -0.927546 -0.298558 0.224769
Y -0.088572 -0.408691 -0.908365
Z 0.363061 -0.862458 0.352636

PART 49
OFFSET 29.423688 -4.001744 -2.705211
SCALE 1.000000 1.000000 1.000000
X -0.088990 -0.605880 0.790563
Y -0.909811 0.372475 0.183049
Z -0.405370 -0.702973 -0.584383

PART 50
OFFSET 27.804998 -4.439858 -2.068231
SCALE 1.000000 1.000000 1.000000
X -0.649509 0.124075 0.750163
Y -0.116602 0.958673 -0.259519
Z -0.751360 -0.256030 -0.608199

PART 51
OFFSET 26.566493 -4.676774 -3.546226
SCALE 1.000000 1.000000 1.000000
X -0.372559 0.496844 0.783802
Y -0.490137 0.611844 -0.620816
Z -0.788014 -0.615461 0.015573

PART 52
OFFSET 27.637770 -4.578005 -3.317262
SCALE 1.000000 1.000000 1.000000
X -0.541622 0.496507 0.678326
Y -0.340872 0.607893 -0.717128
Z -0.768409 -0.619635 -0.160003

PART 53
OFFSET 27.969232 -1.594517 -1.966180
SCALE 1.000000 1.000000 1.000000
X 0.917243 -0.028011 0.397341
Y 0.069503 0.993477 -0.090408
Z -0.392217 0.110543 0.913207

PART 54
OFFSET 17.563782 -3.136379 -4.845655
SCALE 1.000000 1.000000 1.000000
X 0.099580 -0.978814 -0.178904
Y 0.993661 0.088394 0.069461
Z -0.052175 -0.184686 0.981412

PART 55
OFFSET 15.403914 -1.720324 -5.702326
SCALE 1.000000 1.000000 1.000000
X 0.875168 0.218346 -0.431747
Y -0.232552 0.972371 0.020363
Z 0.424264 0.082583 0.901765

PART 56
OFFSET 14.848000 -2.747992 -7.453884
SCALE 1.000000 1.000000 1.000000
X 0.229600 -0.878899 -0.418115
Y 0.941009 0.310172 -0.135261
Z 0.248568 -0.362394 0.898267

PART 57
OFFSET 15.604130 -2.648327 -6.871397
SCALE 1.000000 1.000000 1.000000
X 0.490510 -0.747836 -0.447372
Y 0.780326 0.605464 -0.156537
Z 0.387932 -0.272313 0.880542

PART 58
OFFSET 15.006051 -1.783474 -4.330399
SCALE 1.000000 1.000000 1.000000
X -0.706229 0.134239 0.695140
Y -0.687496 -0.364526 -0.628069
Z 0.169086 -0.921466 0.349728

PART 59
OFFSET 29.323218 -4.686100 -1.812286
SCALE 1.000000 1.000000 1.000000
X 0.735756 -0.337288 -0.587281
Y -0.134046 0.777479 -0.614458
Z 0.663848 0.530814 0.526823

PART 60
OFFSET 27.064143 -4.301823 -1.222738
SCALE 1.000000 1.000000 1.000000
X 0.623594 -0.689748 -0.367938
Y 0.273217 0.633274 -0.724097
Z 0.732450 0.351016 0.583357

PART 61
OFFSET 26.307996 -4.288310 -3.016491
SCALE 1.000000 1.000000 1.000000
X -0.434698 0.396523 0.808583
Y -0.548255 0.595779 -0.586910
Z -0.714461 -0.698438 -0.041589

PART 62
OFFSET 27.024856 -4.154598 -2.307185
SCALE 1.000000 1.000000 1.000000
X -0.691868 0.248312 0.677982
Y -0.357935 0.697541 -0.620742
Z -0.627058 -0.672144 -0.393727

PART 63
OFFSET 28.944372 -1.602833 -1.496215
SCALE 1.000000 1.000000 1.000000
X 0.943358 0.113081 -0.311910
Y -0.252533 -0.365002 -0.896103
Z -0.215181 0.924114 -0.315771

PART 64
OFFSET 17.451356 -2.030847 -4.643565
SCALE 1.000000 1.000000 1.000000
X -0.943929 0.186638 0.272330
Y 0.210030 0.975903 0.059164
Z -0.254726 0.113044 -0.960383

PART 65
OFFSET 14.409557 -1.967548 -5.219686
SCALE 1.000000 1.000000 1.000000
X -0.551369 -0.793847 0.256514
Y -0.708437 0.607908 0.358559
Z -0.440578 0.015974 -0.897572

PART 66
OFFSET 14.642513 -1.965900 -7.080900
SCALE 1.000000 1.000000 1.000000
X 0.871288 -0.102230 -0.480007
Y 0.310188 0.872647 0.377188
Z 0.380317 -0.477532 0.792037

PART 67
OFFSET 14.843993 -1.689566 -6.224991
SCALE 1.000000 1.000000 1.000000
X 0.926453 0.225310 -0.301530
Y -0.126831 0.941078 0.313506
Z 0.354399 -0.252205 0.900441

PART 68
OFFSET 15.773758 -1.880297 -5.087463
SCALE 1.000000 1.000000 1.000000
X -0.771639 0.615855 0.159049
Y 0.485052 0.731504 -0.479194
Z -0.411459 -0.292617 -0.863178

PART 69
OFFSET 25.895022 -3.911603 -2.248316
SCALE 1.000000 1.000000 1.000000
X 0.780619 -0.575427 -0.243962
Y -0.224170 0.106591 -0.968703
