// Export time: Thu Jun 16 05:33:31 2022

ANIMATION
VERSION 3

NUMPARTS 77
PART 0 "tag_torso"
PART 1 "j_shoulder_le"
PART 2 "j_shoulder_ri"
PART 3 "tag_weapon"
PART 4 "tag_weapon1"
PART 5 "j_elbow_le"
PART 6 "j_elbow_ri"
PART 7 "j_gun"
PART 8 "j_sleave_reshape_bottom_le_1"
PART 9 "j_sleave_reshape_bottom_le_2"
PART 10 "j_sleave_reshape_top_le_1"
PART 11 "j_sleave_reshape_top_le_2"
PART 12 "j_sleave_reshape_top_le_3"
PART 13 "j_wrist_le"
PART 14 "j_wristtwist_le"
PART 15 "j_sleave_reshape_top_ri_1"
PART 16 "j_sleave_reshape_top_ri_2"
PART 17 "j_sleave_reshape_top_ri_3"
PART 18 "j_wrist_ri"
PART 19 "j_wristtwist_ri"
PART 20 "tag_bolt_animate"
PART 21 "tag_brass"
PART 22 "tag_clip"
PART 23 "tag_flash"
PART 24 "tag_mag_release_animate"
PART 25 "j_index_le_0"
PART 26 "j_mid_le_0"
PART 27 "j_pinkypalm_le"
PART 28 "j_ringpalm_le"
PART 29 "j_thumb_le_0"
PART 30 "j_webbing_le"
PART 31 "tag_knife_attach"
PART 32 "j_index_ri_0"
PART 33 "j_mid_ri_0"
PART 34 "j_pinkypalm_ri"
PART 35 "j_ringpalm_ri"
PART 36 "j_thumb_ri_0"
PART 37 "j_webbing_ri"
PART 38 "tag_bullet_animate"
PART 39 "j_index_le_1"
PART 40 "j_mid_le_1"
PART 41 "j_pinky_le_0"
PART 42 "j_ring_le_0"
PART 43 "j_thumb_le_1"
PART 44 "j_index_ri_1"
PART 45 "j_mid_ri_1"
PART 46 "j_pinky_ri_0"
PART 47 "j_ring_ri_0"
PART 48 "j_thumb_ri_1"
PART 49 "j_index_le_2"
PART 50 "j_mid_le_2"
PART 51 "j_pinky_le_1"
PART 52 "j_ring_le_1"
PART 53 "j_thumb_le_2"
PART 54 "j_index_ri_2"
PART 55 "j_mid_ri_2"
PART 56 "j_pinky_ri_1"
PART 57 "j_ring_ri_1"
PART 58 "j_thumb_ri_2"
PART 59 "j_index_le_3"
PART 60 "j_mid_le_3"
PART 61 "j_pinky_le_2"
PART 62 "j_ring_le_2"
PART 63 "j_thumb_le_3"
PART 64 "j_index_ri_3"
PART 65 "j_mid_ri_3"
PART 66 "j_pinky_ri_2"
PART 67 "j_ring_ri_2"
PART 68 "j_thumb_ri_3"
PART 69 "j_pinky_le_3"
PART 70 "j_ring_le_3"
PART 71 "j_pinky_ri_3"
PART 72 "j_ring_ri_3"
PART 73 "tag_cambone"
PART 74 "tag_camera"
PART 75 "tag_gasmask"
PART 76 "tag_gasmask2"

FRAMERATE 30
NUMFRAMES 46
FRAME 0
PART 0
OFFSET 0.000000 0.000000 0.000000
SCALE 1.000000 1.000000 1.000000
X 1.000000 0.000000 0.000000
Y 0.000000 1.000000 0.000000
Z 0.000000 0.000000 1.000000

PART 1
OFFSET 4.096035 8.432216 -8.836413
SCALE 1.000000 1.000000 1.000000
X 0.835123 -0.451493 -0.314202
Y 0.510556 0.423672 0.748221
Z -0.204698 -0.785274 0.584331

PART 2
OFFSET -3.816965 -7.047055 0.136227
SCALE 1.000000 1.000000 1.000000
X -0.533431 0.038553 0.844965
Y -0.448718 -0.859704 -0.244052
Z 0.717010 -0.509336 0.475892

PART 3
OFFSET 18.813641 -7.401312 -13.179519
SCALE 1.000000 1.000000 1.000000
X 0.729825 -0.184841 -0.658171
Y -0.072903 0.936220 -0.343768
Z 0.679736 0.298873 0.669802

PART 4
OFFSET 13.908927 18.076323 -17.331985
SCALE 1.000000 1.000000 1.000000
X 0.998737 0.041892 -0.027740
Y 0.021387 0.145113 0.989184
Z 0.045465 -0.988528 0.144033

PART 5
OFFSET 15.183711 1.970966 -13.316329
SCALE 1.000000 1.000000 1.000000
X 0.250336 0.965521 0.071418
Y -0.949000 0.230111 0.215518
Z 0.191654 -0.121727 0.973885

PART 6
OFFSET 2.654225 -7.469157 -9.906643
SCALE 1.000000 1.000000 1.000000
X -0.998826 0.039669 0.027814
Y -0.029386 -0.039610 -0.998783
Z -0.038519 -0.998427 0.040729

PART 7
OFFSET 18.813641 -7.401312 -13.179519
SCALE 1.000000 1.000000 1.000000
X 0.729825 -0.184841 -0.658171
Y -0.072903 0.936220 -0.343768
Z 0.679736 0.298873 0.669802

PART 8
OFFSET 18.492994 11.397945 -13.710092
SCALE 1.000000 1.000000 1.000000
X 0.255480 0.964457 0.067480
Y -0.178726 0.115706 -0.977072
Z -0.950151 0.237562 0.201934

PART 9
OFFSET 18.898305 10.784483 -12.195810
SCALE 1.000000 1.000000 1.000000
X 0.255480 0.964457 0.067480
Y -0.178726 0.115706 -0.977072
Z -0.950151 0.237562 0.201934

PART 10
OFFSET 16.235706 12.475680 -13.017761
SCALE 1.000000 1.000000 1.000000
X 0.255480 0.964457 0.067480
Y -0.178726 0.115706 -0.977072
Z -0.950151 0.237562 0.201934

PART 11
OFFSET 16.259837 12.267947 -11.688189
SCALE 1.000000 1.000000 1.000000
X 0.255480 0.964457 0.067480
Y -0.178726 0.115706 -0.977072
Z -0.950151 0.237562 0.201934

PART 12
OFFSET 17.190418 11.602525 -11.331933
SCALE 1.000000 1.000000 1.000000
X 0.255480 0.964457 0.067480
Y -0.178726 0.115706 -0.977072
Z -0.950151 0.237562 0.201934

PART 13
OFFSET 18.255904 13.789570 -12.357462
SCALE 1.000000 1.000000 1.000000
X 0.415246 -0.648848 0.637626
Y -0.806304 0.062051 0.588238
Z -0.421242 -0.758384 -0.497402

PART 14
OFFSET 17.769215 10.076869 -12.890931
SCALE 1.000000 1.000000 1.000000
X 0.242381 0.938860 0.244528
Y 0.762355 -0.340199 0.550526
Z 0.600055 0.052981 -0.798202

PART 15
OFFSET 13.082424 -8.609129 -8.683230
SCALE 1.000000 1.000000 1.000000
X -0.998524 0.042620 0.033671
Y 0.041738 0.998778 -0.026479
Z -0.034758 -0.025034 -0.999082

PART 16
OFFSET 13.040349 -7.273952 -8.518828
SCALE 1.000000 1.000000 1.000000
X -0.998524 0.042620 0.033671
Y 0.041738 0.998778 -0.026479
Z -0.034758 -0.025034 -0.999082

PART 17
OFFSET 12.651893 -6.691359 -9.491146
SCALE 1.000000 1.000000 1.000000
X -0.998524 0.042620 0.033671
Y 0.041738 0.998778 -0.026479
Z -0.034758 -0.025034 -0.999082

PART 18
OFFSET 14.474133 -7.770882 -10.062163
SCALE 1.000000 1.000000 1.000000
X -0.694464 0.241805 0.677679
Y -0.680993 -0.524971 -0.510543
Z 0.232311 -0.816049 0.529241

PART 19
OFFSET 11.150237 -7.780025 -10.162936
SCALE 1.000000 1.000000 1.000000
X -0.999202 0.036394 0.016474
Y -0.022179 -0.162368 -0.986481
Z -0.033227 -0.986059 0.163045

PART 20
OFFSET 23.882848 -5.902089 -14.225323
SCALE 1.000000 1.000000 1.000000
X 0.729825 -0.184841 -0.658171
Y -0.072903 0.936220 -0.343768
Z 0.679736 0.298873 0.669802

PART 21
OFFSET 24.544410 -8.154615 -14.510971
SCALE 1.000000 1.000000 1.000000
X 0.449648 -0.595406 0.665814
Y 0.729825 -0.184841 -0.658171
Z 0.514949 0.781873 0.351429

PART 22
OFFSET 24.193683 -7.929821 -15.803478
SCALE 1.000000 1.000000 1.000000
X 0.729825 -0.184841 -0.658171
Y -0.072903 0.936220 -0.343768
Z 0.679736 0.298873 0.669802

PART 23
OFFSET 37.985872 -11.370246 -28.054392
SCALE 1.000000 1.000000 1.000000
X 0.729825 -0.184841 -0.658171
Y -0.072903 0.936220 -0.343768
Z 0.679736 0.298873 0.669802

PART 24
OFFSET 21.950695 -7.182834 -16.151622
SCALE 1.000000 1.000000 1.000000
X 0.729825 -0.184841 -0.658171
Y -0.072903 0.936220 -0.343768
Z 0.679736 0.298873 0.669802

PART 25
OFFSET 19.443466 11.631432 -9.323532
SCALE 1.000000 1.000000 1.000000
X 0.760210 -0.646771 0.061393
Y -0.594511 -0.730651 -0.335717
Z 0.261989 0.218716 -0.939960

PART 26
OFFSET 20.199544 11.445030 -10.060946
SCALE 1.000000 1.000000 1.000000
X 0.164709 -0.972153 0.166701
Y -0.900204 -0.217236 -0.377413
Z 0.403117 -0.087902 -0.910917

PART 27
OFFSET 19.492811 12.975565 -12.495971
SCALE 1.000000 1.000000 1.000000
X 0.241125 -0.952014 0.188489
Y -0.675821 -0.304103 -0.671408
Z 0.696509 0.034509 -0.716718

PART 28
OFFSET 19.018066 13.038549 -11.931911
SCALE 1.000000 1.000000 1.000000
X 0.507890 -0.781251 0.362897
Y -0.498333 -0.610098 -0.615991
Z 0.702646 0.132012 -0.699186

PART 29
OFFSET 17.468116 13.205117 -11.557210
SCALE 1.000000 1.000000 1.000000
X -0.118913 -0.607389 0.785454
Y -0.646246 0.647919 0.403196
Z -0.753807 -0.459651 -0.469569

PART 30
OFFSET 18.029974 11.481388 -9.724481
SCALE 1.000000 1.000000 1.000000
X 0.429500 -0.833369 0.347888
Y 0.491845 0.538949 0.683829
Z -0.757376 -0.122597 0.641367

PART 31
OFFSET 19.174323 10.841300 -11.703737
SCALE 1.000000 1.000000 1.000000
X 0.606370 0.172407 -0.776267
Y 0.421233 0.758346 0.497467
Z 0.674446 -0.628639 0.387215

PART 32
OFFSET 17.737456 -8.642127 -12.083844
SCALE 1.000000 1.000000 1.000000
X -0.606420 0.475156 0.637559
Y 0.014525 -0.795061 0.606355
Z 0.795012 0.376967 0.475240

PART 33
OFFSET 16.948889 -9.013113 -12.764473
SCALE 1.000000 1.000000 1.000000
X -0.359312 -0.767975 0.530198
Y 0.627086 -0.619448 -0.472278
Z 0.691128 0.162785 0.704161

PART 34
OFFSET 14.247869 -8.362283 -11.274957
SCALE 1.000000 1.000000 1.000000
X -0.398653 0.173166 0.900605
Y 0.286456 -0.909368 0.301651
Z 0.871217 0.378237 0.312918

PART 35
OFFSET 14.894678 -8.186835 -11.023473
SCALE 1.000000 1.000000 1.000000
X -0.502767 0.251582 0.827002
Y 0.321485 -0.833666 0.449053
Z 0.802417 0.491638 0.338260

PART 36
OFFSET 15.164369 -7.247497 -10.252541
SCALE 1.000000 1.000000 1.000000
X -0.473403 -0.429217 0.769196
Y -0.138069 -0.826295 -0.546053
Z 0.869958 -0.364705 0.331909

PART 37
OFFSET 12.284254 -6.758015 -6.526372
SCALE 1.000000 1.000000 1.000000
X -0.457139 0.102130 0.883512
Y -0.450531 0.829911 -0.329044
Z -0.766841 -0.548469 -0.333372

PART 38
OFFSET 24.480385 -7.803761 -15.520966
SCALE 1.000000 1.000000 1.000000
X 0.729825 -0.184841 -0.658171
Y -0.072903 0.936220 -0.343768
Z 0.679736 0.298873 0.669802

PART 39
OFFSET 20.763428 10.467395 -9.233087
SCALE 1.000000 1.000000 1.000000
X -0.042167 -0.998861 0.022326
Y -0.953541 0.033562 -0.299388
Z 0.298297 -0.033913 -0.953870

PART 40
OFFSET 20.550618 9.575533 -9.734547
SCALE 1.000000 1.000000 1.000000
X -0.333007 -0.937656 -0.099537
Y -0.941653 0.336179 -0.016504
Z 0.048937 0.088234 -0.994897

PART 41
OFFSET 19.929949 10.811842 -11.923677
SCALE 1.000000 1.000000 1.000000
X -0.194147 -0.979475 -0.054179
Y -0.944842 0.201562 -0.258160
Z 0.263782 0.001070 -0.964582

PART 42
OFFSET 20.456190 11.027122 -11.097268
SCALE 1.000000 1.000000 1.000000
X -0.044995 -0.992874 0.110349
Y -0.992294 0.031655 -0.119792
Z 0.115445 -0.114889 -0.986647

PART 43
OFFSET 17.099903 11.961612 -9.893212
SCALE 1.000000 1.000000 1.000000
X 0.088816 -0.632059 0.769814
Y -0.748802 0.467276 0.470052
Z -0.656816 -0.618186 -0.431785

PART 44
OFFSET 18.718432 -9.561807 -13.154148
SCALE 1.000000 1.000000 1.000000
X -0.614857 -0.032490 0.787969
Y 0.256501 -0.953065 0.160852
Z 0.745760 0.301016 0.594332

PART 45
OFFSET 17.629204 -7.457359 -13.769054
SCALE 1.000000 1.000000 1.000000
X 0.447395 -0.778995 -0.439322
Y 0.271369 0.586313 -0.763280
Z 0.852171 0.222269 0.473709

PART 46
OFFSET 15.264423 -8.812456 -13.309788
SCALE 1.000000 1.000000 1.000000
X -0.394505 -0.739371 0.545616
Y 0.453023 -0.673094 -0.584563
Z 0.799460 0.016563 0.600491

PART 47
OFFSET 16.088166 -8.900602 -13.227919
SCALE 1.000000 1.000000 1.000000
X -0.373906 -0.758782 0.533334
Y 0.403459 -0.650854 -0.643125
Z 0.835114 -0.025290 0.549496

PART 48
OFFSET 16.166989 -6.214165 -11.909566
SCALE 1.000000 1.000000 1.000000
X -0.490925 0.077260 0.867769
Y -0.285918 -0.955179 -0.076711
Z 0.822948 -0.285770 0.491012

PART 49
OFFSET 20.511898 9.292535 -9.134652
SCALE 1.000000 1.000000 1.000000
X -0.644729 -0.764050 0.023481
Y -0.730130 0.606429 -0.314888
Z 0.226350 -0.220162 -0.948838

PART 50
OFFSET 20.083000 8.202612 -9.876807
SCALE 1.000000 1.000000 1.000000
X -0.914192 -0.401409 -0.055895
Y -0.405228 0.907579 0.109955
Z 0.006592 0.123170 -0.992364

PART 51
OFFSET 19.677985 9.511513 -12.002560
SCALE 1.000000 1.000000 1.000000
X -0.579461 -0.814993 -0.003333
Y -0.774142 0.551685 -0.310398
Z 0.254811 -0.177283 -0.950601

PART 52
OFFSET 20.398591 9.490471 -10.917574
SCALE 1.000000 1.000000 1.000000
X -0.544087 -0.838814 0.018982
Y -0.826707 0.532097 -0.182831
Z 0.143261 -0.115168 -0.982961

PART 53
OFFSET 16.944077 11.026038 -8.698872
SCALE 1.000000 1.000000 1.000000
X -0.582516 -0.377442 0.719870
Y -0.445112 0.889175 0.106029
Z -0.680110 -0.258659 -0.685963

PART 54
OFFSET 19.488084 -9.642408 -14.068849
SCALE 1.000000 1.000000 1.000000
X -0.579704 -0.059772 0.812632
Y 0.267129 -0.956131 0.120234
Z 0.769796 0.286778 0.570239

PART 55
OFFSET 16.908344 -6.442779 -13.004341
SCALE 1.000000 1.000000 1.000000
X 0.427780 0.355894 -0.830869
Y -0.419655 0.892345 0.166164
Z 0.800559 0.277596 0.531080

PART 56
OFFSET 15.840221 -7.708031 -14.091531
SCALE 1.000000 1.000000 1.000000
X 0.157933 -0.849749 -0.502975
Y 0.699691 0.455727 -0.550224
Z 0.696771 -0.265029 0.666535

PART 57
OFFSET 16.735026 -7.533842 -14.150017
SCALE 1.000000 1.000000 1.000000
X 0.267966 -0.794971 -0.544256
Y 0.487359 0.599157 -0.635210
Z 0.831068 -0.095033 0.547991

PART 58
OFFSET 16.904347 -6.465250 -13.315544
SCALE 1.000000 1.000000 1.000000
X -0.438228 0.327018 0.837267
Y -0.469035 -0.877798 0.097355
Z 0.766788 -0.350044 0.538058

PART 59
OFFSET 19.783717 8.429516 -9.108116
SCALE 1.000000 1.000000 1.000000
X 0.932602 -0.360795 0.008937
Y 0.360708 0.932626 0.009957
Z -0.011928 -0.006062 0.999910

PART 60
OFFSET 19.047941 7.748218 -9.947217
SCALE 1.000000 1.000000 1.000000
X 0.959117 -0.280127 0.040296
Y 0.278205 0.959352 0.047385
Z -0.051932 -0.034237 0.998064

PART 61
OFFSET 19.197993 8.820846 -12.004029
SCALE 1.000000 1.000000 1.000000
X -0.980172 -0.179812 -0.083250
Y -0.150715 0.949297 -0.275899
Z 0.128640 -0.257882 -0.957574

PART 62
OFFSET 19.652944 8.323483 -10.890957
SCALE 1.000000 1.000000 1.000000
X -0.959722 -0.225488 -0.167600
Y -0.214771 0.973401 -0.079775
Z 0.181130 -0.040566 -0.982622

PART 63
OFFSET 16.275418 10.621163 -7.950002
SCALE 1.000000 1.000000 1.000000
X -0.084886 0.070792 0.993873
Y 0.986174 0.148443 0.073655
Z -0.142319 0.986384 -0.082414

PART 64
OFFSET 20.142867 -9.574935 -14.986666
SCALE 1.000000 1.000000 1.000000
X 0.164663 0.963273 -0.212112
Y 0.525169 -0.267652 -0.807812
Z -0.834915 0.021622 -0.549954

PART 65
OFFSET 16.417911 -6.847219 -12.066946
SCALE 1.000000 1.000000 1.000000
X -0.114583 -0.861494 0.494670
Y -0.536511 0.472750 0.699045
Z -0.836078 -0.185297 -0.516370

PART 66
OFFSET 15.691034 -6.937756 -13.626254
SCALE 1.000000 1.000000 1.000000
X 0.560971 0.145407 -0.814966
Y 0.223019 0.921512 0.317929
Z 0.797229 -0.360101 0.484512

PART 67
OFFSET 16.314028 -6.524849 -13.307925
SCALE 1.000000 1.000000 1.000000
X 0.575935 0.267632 -0.772446
Y -0.091581 0.960067 0.264355
Z 0.812350 -0.081510 0.577446

PART 68
OFFSET 17.351171 -6.787957 -14.247264
SCALE 1.000000 1.000000 1.000000
X -0.912704 0.285325 0.292509
Y -0.189095 0.339660 -0.921344
Z -0.362236 -0.896226 -0.256055

PART 69
OFFSET 18.266805 8.650019 -12.083118
SCALE 1.000000 1.000000 1.000000
X 0.825456 -0.420718 0.376322
Y 0.533231 0.799898 -0.275368
Z -0.185168 0.427971 0.884621

PART 70
OFFSET 18.612173 8.078915 -11.072716
SCALE 1.000000 1.000000 1.000000
X 0.918547 -0.373336 0.129970
Y 0.366855 0.927520 0.071578
Z -0.147272 -0.018068 0.988931

PART 71
OFFSET 15.158082 -7.075894 -12.852016
SCALE 1.000000 1.000000 1.000000
X -0.685120 -0.637106 0.353139
Y -0.092202 0.556743 0.825552
Z -0.722571 0.533042 -0.440178

PART 72
OFFSET 15.689426 -6.815054 -12.470159
SCALE 1.000000 1.000000 1.000000
X -0.375766 -0.771864 0.512861
Y -0.438805 0.635642 0.635145
Z -0.816241 0.013620 -0.577551

PART 73
OFFSET 0.000000 0.000000 0.000000
SCALE 1.000000 1.000000 1.000000
X 1.000000 0.000000 0.000000
Y 0.000000 1.000000 0.000000
Z 0.000000 0.000000 1.000000

PART 74
OFFSET 0.000000 0.000000 0.000000
SCALE 1.000000 1.000000 1.000000
X 1.000000 0.000000 0.000000
Y 0.000000 1.000000 0.000000
Z 0.000000 0.000000 1.000000

PART 75
OFFSET 1.540561 -0.000003 4.135834
SCALE 1.000000 1.000000 1.000000
X 1.000000 0.000000 0.000000
Y 0.000000 1.000000 0.000000
Z 0.000000 0.000000 1.000000

PART 76
OFFSET -4.631835 0.000000 -1.376957
SCALE 1.000000 1.000000 1.000000
X 1.000000 0.000000 0.000000
Y 0.000000 1.000000 0.000000
Z 0.000000 0.000000 1.000000

FRAME 1
PART 0
OFFSET 0.000000 0.000000 0.000000
SCALE 1.000000 1.000000 1.000000
X 1.000000 0.000000 0.000000
Y 0.000000 1.000000 0.000000
Z 0.000000 0.000000 1.000000

PART 1
OFFSET 4.160333 8.431626 -8.635439
SCALE 1.000000 1.000000 1.000000
X 0.813087 -0.458371 -0.358868
Y 0.541001 0.367334 0.756560
Z -0.214960 -0.809297 0.546654

PART 2
OFFSET -3.999336 -6.961012 0.375035
SCALE 1.000000 1.000000 1.000000
X -0.540338 0.037043 0.840632
Y -0.444559 -0.860786 -0.247820
Z 0.714424 -0.507617 0.481583

PART 3
OFFSET 18.754367 -7.309935 -12.870036
SCALE 1.000000 1.000000 1.000000
X 0.741409 -0.184409 -0.645218
Y -0.064347 0.937533 -0.341895
Z 0.667962 0.295002 0.683229

PART 4
OFFSET 13.908927 18.076323 -17.331985
SCALE 1.000000 1.000000 1.000000
X 0.998737 0.041892 -0.027740
Y 0.021387 0.145113 0.989184
Z 0.045465 -0.988528 0.144033

PART 5
OFFSET 14.951458 1.889772 -13.742817
SCALE 1.000000 1.000000 1.000000
X 0.272678 0.954466 0.121003
Y -0.939056 0.236667 0.249325
Z 0.209335 -0.181614 0.960831

PART 6
OFFSET 2.560612 -7.354578 -9.575954
SCALE 1.000000 1.000000 1.000000
X -0.998365 0.041954 0.038820
Y -0.040525 -0.040593 -0.998354
Z -0.040309 -0.998295 0.042227

PART 7
OFFSET 18.754367 -7.309935 -12.870036
SCALE 1.000000 1.000000 1.000000
X 0.741409 -0.184409 -0.645218
Y -0.064347 0.937533 -0.341895
Z 0.667962 0.295002 0.683229

PART 8
OFFSET 18.455618 11.254057 -13.669575
SCALE 1.000000 1.000000 1.000000
X 0.277714 0.953525 0.116897
Y -0.196610 0.175523 -0.964643
Z -0.940329 0.244912 0.236218

PART 9
OFFSET 18.879165 10.546077 -12.202252
SCALE 1.000000 1.000000 1.000000
X 0.277714 0.953525 0.116897
Y -0.196610 0.175523 -0.964643
Z -0.940329 0.244912 0.236218

PART 10
OFFSET 16.237264 12.336023 -12.866809
SCALE 1.000000 1.000000 1.000000
X 0.277714 0.953525 0.116897
Y -0.196610 0.175523 -0.964643
Z -0.940329 0.244912 0.236218

PART 11
OFFSET 16.284740 12.051471 -11.552170
SCALE 1.000000 1.000000 1.000000
X 0.277714 0.953525 0.116897
Y -0.196610 0.175523 -0.964643
Z -0.940329 0.244912 0.236218

PART 12
OFFSET 17.207918 11.347696 -11.255310
SCALE 1.000000 1.000000 1.000000
X 0.277714 0.953525 0.116897
Y -0.196610 0.175523 -0.964643
Z -0.940329 0.244912 0.236218

PART 13
OFFSET 18.279663 13.559187 -12.201567
SCALE 1.000000 1.000000 1.000000
X 0.421553 -0.650705 0.631566
Y -0.815799 0.031960 0.577452
Z -0.395936 -0.758658 -0.517371

PART 14
OFFSET 17.720771 9.903222 -12.912636
SCALE 1.000000 1.000000 1.000000
X 0.268077 0.917891 0.292592
Y 0.768334 -0.386922 0.509857
Z 0.581204 0.088128 -0.808972

PART 15
OFFSET 12.999122 -8.516816 -8.466757
SCALE 1.000000 1.000000 1.000000
X -0.997992 0.044911 0.044670
Y 0.043686 0.998652 -0.028014
Z -0.045868 -0.026006 -0.998609

PART 16
OFFSET 12.961869 -7.181375 -8.303337
SCALE 1.000000 1.000000 1.000000
X -0.997992 0.044911 0.044670
Y 0.043686 0.998652 -0.028014
Z -0.045868 -0.026006 -0.998609

PART 17
OFFSET 12.563988 -6.598929 -9.271925
SCALE 1.000000 1.000000 1.000000
X -0.997992 0.044911 0.044670
Y 0.043686 0.998652 -0.028014
Z -0.045868 -0.026006 -0.998609

PART 18
OFFSET 14.363801 -7.685163 -9.863952
SCALE 1.000000 1.000000 1.000000
X -0.706075 0.241223 0.665785
Y -0.672828 -0.521708 -0.524522
Z 0.220819 -0.818310 0.530667

PART 19
OFFSET 11.052691 -7.686332 -9.924676
SCALE 1.000000 1.000000 1.000000
X -0.998848 0.038876 0.028120
Y -0.033878 -0.156452 -0.987104
Z -0.033975 -0.986920 0.157589

PART 20
OFFSET 23.845515 -5.819469 -13.817107
SCALE 1.000000 1.000000 1.000000
X 0.741409 -0.184409 -0.645218
Y -0.064347 0.937533 -0.341895
Z 0.667962 0.295002 0.683229

PART 21
OFFSET 24.506942 -8.072621 -14.098099
SCALE 1.000000 1.000000 1.000000
X 0.435886 -0.598701 0.671982
Y 0.741409 -0.184409 -0.645218
Z 0.510212 0.779455 0.363501

PART 22
OFFSET 24.180653 -7.842681 -15.396089
SCALE 1.000000 1.000000 1.000000
X 0.741409 -0.184409 -0.645218
Y -0.064347 0.937533 -0.341895
Z 0.667962 0.295002 0.683229

PART 23
OFFSET 38.188418 -11.275561 -27.402077
SCALE 1.000000 1.000000 1.000000
X 0.741409 -0.184409 -0.645218
Y -0.064347 0.937533 -0.341895
Z 0.667962 0.295002 0.683229

PART 24
OFFSET 21.946232 -7.089133 -15.783022
SCALE 1.000000 1.000000 1.000000
X 0.741409 -0.184409 -0.645218
Y -0.064347 0.937533 -0.341895
Z 0.667962 0.295002 0.683229

PART 25
OFFSET 19.475042 11.374503 -9.191146
SCALE 1.000000 1.000000 1.000000
X 0.781117 -0.621394 0.061041
Y -0.564891 -0.744952 -0.354886
Z 0.265997 0.242726 -0.932915

PART 26
OFFSET 20.245410 11.219458 -9.920679
SCALE 1.000000 1.000000 1.000000
X 0.197432 -0.968677 0.150617
Y -0.887550 -0.241866 -0.392117
Z 0.416264 -0.056264 -0.907501

PART 27
OFFSET 19.538754 12.776851 -12.336670
SCALE 1.000000 1.000000 1.000000
X 0.259012 -0.950161 0.173514
Y -0.659933 -0.305264 -0.686514
Z 0.705266 0.063308 -0.706110

PART 28
OFFSET 19.054196 12.819320 -11.778971
SCALE 1.000000 1.000000 1.000000
X 0.518930 -0.777289 0.355715
Y -0.475342 -0.608252 -0.635673
Z 0.710466 0.160784 -0.685118

PART 29
OFFSET 17.495017 12.941686 -11.426249
SCALE 1.000000 1.000000 1.000000
X -0.124834 -0.622009 0.772995
Y -0.670564 0.627111 0.396328
Z -0.731273 -0.468867 -0.495381

PART 30
OFFSET 18.071666 11.197357 -9.615095
SCALE 1.000000 1.000000 1.000000
X 0.444307 -0.829373 0.338720
Y 0.469112 0.537494 0.700738
Z -0.763234 -0.152445 0.627881

PART 31
OFFSET 19.258864 10.621681 -11.588889
SCALE 1.000000 1.000000 1.000000
X 0.613005 0.201197 -0.764032
Y 0.395927 0.758619 0.517435
Z 0.683715 -0.619691 0.385378

PART 32
OFFSET 17.661220 -8.557464 -11.829062
SCALE 1.000000 1.000000 1.000000
X -0.616785 0.474497 0.628035
Y 0.001721 -0.797064 0.603892
Z 0.787130 0.373553 0.490801

PART 33
OFFSET 16.884269 -8.924383 -12.525082
SCALE 1.000000 1.000000 1.000000
X -0.370612 -0.768853 0.521067
Y 0.634124 -0.619375 -0.462885
Z 0.678626 0.158870 0.717096

PART 34
OFFSET 14.158198 -8.272078 -11.082589
SCALE 1.000000 1.000000 1.000000
X -0.414509 0.171166 0.893803
Y 0.278865 -0.911014 0.303788
Z 0.866266 0.375173 0.329891

PART 35
OFFSET 14.800743 -8.098967 -10.818855
SCALE 1.000000 1.000000 1.000000
X -0.517092 0.250065 0.818586
Y 0.311391 -0.835875 0.452049
Z 0.797277 0.488652 0.354357

PART 36
OFFSET 15.058567 -7.162780 -10.040070
SCALE 1.000000 1.000000 1.000000
X -0.488241 -0.430609 0.759076
Y -0.130040 -0.824186 -0.551187
Z 0.862966 -0.367822 0.346405

PART 37
OFFSET 12.112538 -6.678688 -6.365079
SCALE 1.000000 1.000000 1.000000
X -0.472838 0.100323 0.875420
Y -0.442599 0.832031 -0.334410
Z -0.761926 -0.545581 -0.349013

PART 38
OFFSET 24.462388 -7.718254 -15.107914
SCALE 1.000000 1.000000 1.000000
X 0.741409 -0.184409 -0.645218
Y -0.064347 0.937533 -0.341895
Z 0.667962 0.295002 0.683229

PART 39
OFFSET 20.834349 10.256955 -9.101812
SCALE 1.000000 1.000000 1.000000
X -0.002007 -0.999977 0.006426
Y -0.950312 -0.000093 -0.311299
Z 0.311293 -0.006732 -0.950290

PART 40
OFFSET 20.659910 9.358703 -9.624757
SCALE 1.000000 1.000000 1.000000
X -0.290437 -0.949388 -0.119620
Y -0.955269 0.294951 -0.021550
Z 0.055741 0.108010 -0.992586

PART 41
OFFSET 20.010184 10.611769 -11.800899
SCALE 1.000000 1.000000 1.000000
X -0.155605 -0.985088 -0.073414
Y -0.947257 0.169881 -0.271744
Z 0.280163 0.027257 -0.959565

PART 42
OFFSET 20.522757 10.823274 -10.960714
SCALE 1.000000 1.000000 1.000000
X -0.009718 -0.995921 0.089705
Y -0.990849 -0.002487 -0.134952
Z 0.134625 -0.090195 -0.986783

PART 43
OFFSET 17.113366 11.664942 -9.791393
SCALE 1.000000 1.000000 1.000000
X 0.082068 -0.641220 0.762956
Y -0.770837 0.444406 0.456413
Z -0.631724 -0.625572 -0.457805

PART 44
OFFSET 18.659323 -9.475950 -12.884453
SCALE 1.000000 1.000000 1.000000
X -0.629105 -0.033615 0.776593
Y 0.251367 -0.954183 0.162326
Z 0.735555 0.297330 0.608731

PART 45
OFFSET 17.586225 -7.366964 -13.512039
SCALE 1.000000 1.000000 1.000000
X 0.453501 -0.778607 -0.433715
Y 0.286493 0.588158 -0.756301
Z 0.843954 0.218727 0.489796

PART 46
OFFSET 15.210422 -8.718004 -13.100149
SCALE 1.000000 1.000000 1.000000
X -0.406014 -0.740217 0.535940
Y 0.462001 -0.672247 -0.578480
Z 0.788485 0.012734 0.614923

PART 47
OFFSET 16.032344 -8.808345 -13.003667
SCALE 1.000000 1.000000 1.000000
X -0.385240 -0.759636 0.523968
Y 0.413558 -0.649700 -0.637856
Z 0.824961 -0.029037 0.564444

PART 48
OFFSET 16.093404 -6.126408 -11.675248
SCALE 1.000000 1.000000 1.000000
X -0.506389 0.075590 0.858985
Y -0.286665 -0.954251 -0.085021
Z 0.813261 -0.289294 0.504891

PART 49
OFFSET 20.630622 9.071072 -9.024619
SCALE 1.000000 1.000000 1.000000
X -0.611473 -0.791258 0.003506
Y -0.751614 0.579440 -0.315161
Z 0.247342 -0.195348 -0.949032

PART 50
OFFSET 20.256088 7.969239 -9.795944
SCALE 1.000000 1.000000 1.000000
X -0.893500 -0.443088 -0.073015
Y -0.448924 0.885399 0.120566
Z 0.011225 0.140504 -0.990016

PART 51
OFFSET 19.809416 9.306256 -11.905268
SCALE 1.000000 1.000000 1.000000
X -0.538409 -0.842294 -0.025618
Y -0.795088 0.517836 -0.315723
Z 0.279198 -0.149620 -0.948505

PART 52
OFFSET 20.519147 9.284533 -10.812889
SCALE 1.000000 1.000000 1.000000
X -0.505473 -0.862822 -0.005890
Y -0.847334 0.497665 -0.185351
Z 0.162856 -0.088699 -0.982655

PART 53
OFFSET 16.947304 10.706409 -8.615184
SCALE 1.000000 1.000000 1.000000
X -0.590454 -0.405583 0.697758
Y -0.470661 0.875363 0.110537
Z -0.655623 -0.263140 -0.707754

PART 54
OFFSET 19.445236 -9.555374 -13.785326
SCALE 1.000000 1.000000 1.000000
X -0.594467 -0.061060 0.801799
Y 0.262722 -0.957141 0.121897
Z 0.759991 0.283114 0.585030

PART 55
OFFSET 16.853947 -6.353193 -12.757165
SCALE 1.000000 1.000000 1.000000
X 0.443576 0.357595 -0.821806
Y -0.420557 0.892780 0.161479
Z 0.791436 0.273988 0.546405

PART 56
OFFSET 15.802812 -7.612392 -13.867688
SCALE 1.000000 1.000000 1.000000
X 0.165078 -0.848474 -0.502833
Y 0.710584 0.455875 -0.535956
Z 0.683973 -0.268831 0.678167

PART 57
OFFSET 16.698924 -7.440109 -13.909384
SCALE 1.000000 1.000000 1.000000
X 0.275967 -0.793820 -0.541933
Y 0.500156 0.600079 -0.624299
Z 0.820784 -0.098765 0.562636

PART 58
OFFSET 16.855539 -6.374651 -13.068461
SCALE 1.000000 1.000000 1.000000
X -0.452577 0.325322 0.830265
Y -0.472727 -0.877007 0.085953
Z 0.756111 -0.353589 0.550701

PART 59
OFFSET 19.940005 8.177323 -9.020644
SCALE 1.000000 1.000000 1.000000
X 0.947091 -0.320584 0.015629
Y 0.320064 0.946959 0.028775
Z -0.024025 -0.022251 0.999464

PART 60
OFFSET 19.244528 7.467778 -9.885733
SCALE 1.000000 1.000000 1.000000
X 0.970836 -0.235195 0.046485
Y 0.231911 0.970451 0.066647
Z -0.060787 -0.053923 0.996693

PART 61
OFFSET 19.364743 8.593751 -11.925384
SCALE 1.000000 1.000000 1.000000
X -0.967347 -0.231651 -0.102846
Y -0.197837 0.943757 -0.264920
Z 0.158431 -0.235923 -0.958770

PART 62
OFFSET 19.826437 8.084969 -10.820756
SCALE 1.000000 1.000000 1.000000
X -0.946467 -0.263061 -0.187079
Y -0.255473 0.964694 -0.064022
Z 0.197316 -0.012801 -0.980256

PART 63
OFFSET 16.270747 10.270661 -7.891148
SCALE 1.000000 1.000000 1.000000
X -0.111741 0.050049 0.992476
Y 0.979800 0.172229 0.101628
Z -0.165847 0.983785 -0.068283

PART 64
OFFSET 20.116692 -9.486448 -14.690907
SCALE 1.000000 1.000000 1.000000
X 0.170679 0.963570 -0.205915
Y 0.539106 -0.266250 -0.799047
Z -0.824763 0.025371 -0.564910

PART 65
OFFSET 16.345688 -6.759533 -11.830145
SCALE 1.000000 1.000000 1.000000
X -0.125495 -0.862830 0.489669
Y -0.548008 0.471727 0.690769
Z -0.827006 -0.181654 -0.532037

PART 66
OFFSET 15.646979 -6.843288 -13.402651
SCALE 1.000000 1.000000 1.000000
X 0.575975 0.146745 -0.804189
Y 0.219327 0.919946 0.324954
Z 0.787495 -0.363545 0.497680

PART 67
OFFSET 16.265045 -6.432880 -13.071731
SCALE 1.000000 1.000000 1.000000
X 0.590446 0.268796 -0.761001
Y -0.094162 0.959413 0.265819
Z 0.801565 -0.085294 0.591792

PART 68
OFFSET 17.318431 -6.695373 -13.992993
SCALE 1.000000 1.000000 1.000000
X -0.917199 0.286513 0.276870
Y -0.171594 0.343096 -0.923494
Z -0.359585 -0.894537 -0.265523

PART 69
OFFSET 18.445739 8.373675 -12.023090
SCALE 1.000000 1.000000 1.000000
X 0.840883 -0.380795 0.384592
Y 0.493156 0.831845 -0.254618
Z -0.222963 0.403768 0.887276

PART 70
OFFSET 18.800041 7.799655 -11.023640
SCALE 1.000000 1.000000 1.000000
X 0.931803 -0.336092 0.137058
Y 0.325277 0.940780 0.095538
Z -0.161051 -0.044440 0.985945

PART 71
OFFSET 15.099773 -6.982697 -12.638652
SCALE 1.000000 1.000000 1.000000
X -0.692859 -0.636645 0.338570
Y -0.105872 0.554266 0.825579
Z -0.713258 0.536165 -0.451431

PART 72
OFFSET 15.624704 -6.724347 -12.246376
SCALE 1.000000 1.000000 1.000000
X -0.386760 -0.772647 0.503421
Y -0.448788 0.634597 0.629187
Z -0.805609 0.017415 -0.592191

PART 73
OFFSET 0.000000 0.000000 0.000000
SCALE 1.000000 1.000000 1.000000
X 1.000000 0.000000 0.000000
Y 0.000000 1.000000 0.000000
Z 0.000000 0.000000 1.000000

PART 74
OFFSET 0.000000 0.000000 0.000000
SCALE 1.000000 1.000000 1.000000
X 0.999999 -0.000061 -0.001628
Y 0.000061 1.000000 -0.000081
Z 0.001628 0.000081 0.999999

PART 75
OFFSET 1.547290 0.000239 4.133321
SCALE 1.000000 1.000000 1.000000
X 0.999999 -0.000061 -0.001628
Y 0.000061 1.000000 -0.000081
Z 0.001628 0.000081 0.999999

PART 76
OFFSET -4.634070 0.000171 -1.369416
SCALE 1.000000 1.000000 1.000000
X 0.999999 -0.000061 -0.001628
Y 0.000061 1.000000 -0.000081
Z 0.001628 0.000081 0.999999

FRAME 2
PART 0
OFFSET 0.000000 0.000000 0.000000
SCALE 1.000000 1.000000 1.000000
X 1.000000 0.000000 0.000000
Y 0.000000 1.000000 0.000000
Z 0.000000 0.000000 1.000000

PART 1
OFFSET 4.409930 8.302456 -7.941980
SCALE 1.000000 1.000000 1.000000
X 0.732835 -0.440570 -0.518509
Y 0.633595 0.164095 0.756062
Z -0.248014 -0.882593 0.399398

PART 2
OFFSET -4.098329 -6.861129 0.631382
SCALE 1.000000 1.000000 1.000000
X -0.524261 0.039528 0.850640
Y -0.447440 -0.862702 -0.235675
Z 0.724533 -0.504166 0.469967

PART 3
OFFSET 18.591366 -7.054082 -12.096332
SCALE 1.000000 1.000000 1.000000
X 0.771090 -0.182831 -0.609913
Y -0.041186 0.941560 -0.334318
Z 0.635393 0.282909 0.718497

PART 4
OFFSET 13.908927 18.076323 -17.331985
SCALE 1.000000 1.000000 1.000000
X 0.998737 0.041892 -0.027740
Y 0.021387 0.145113 0.989184
Z 0.045465 -0.988528 0.144033

PART 5
OFFSET 14.103736 2.062382 -15.279441
SCALE 1.000000 1.000000 1.000000
X 0.352524 0.890149 0.288723
Y -0.897954 0.234906 0.372153
Z 0.263449 -0.390453 0.882123

PART 6
OFFSET 2.248565 -7.320060 -9.578392
SCALE 1.000000 1.000000 1.000000
X -0.999693 0.023200 -0.008724
Y 0.007781 -0.040446 -0.999151
Z -0.023533 -0.998912 0.040253

PART 7
OFFSET 18.591366 -7.054082 -12.096332
SCALE 1.000000 1.000000 1.000000
X 0.771090 -0.182831 -0.609913
Y -0.041186 0.941560 -0.334318
Z 0.635393 0.282909 0.718497

PART 8
OFFSET 18.306621 10.978926 -13.604526
SCALE 1.000000 1.000000 1.000000
X 0.357166 0.889788 0.284094
Y -0.251532 0.384546 -0.888176
Z -0.899535 0.245767 0.361157

PART 9
OFFSET 18.779462 9.956111 -12.353953
SCALE 1.000000 1.000000 1.000000
X 0.357166 0.889788 0.284094
Y -0.251532 0.384546 -0.888176
Z -0.899535 0.245767 0.361157

PART 10
OFFSET 16.240531 11.999592 -12.410503
SCALE 1.000000 1.000000 1.000000
X 0.357166 0.889788 0.284094
Y -0.251532 0.384546 -0.888176
Z -0.899535 0.245767 0.361157

PART 11
OFFSET 16.360616 11.444402 -11.190322
SCALE 1.000000 1.000000 1.000000
X 0.357166 0.889788 0.284094
Y -0.251532 0.384546 -0.888176
Z -0.899535 0.245767 0.361157

PART 12
OFFSET 17.246502 10.640399 -11.123449
SCALE 1.000000 1.000000 1.000000
X 0.357166 0.889788 0.284094
Y -0.251532 0.384546 -0.888176
Z -0.899535 0.245767 0.361157

PART 13
OFFSET 18.354487 12.915936 -11.781145
SCALE 1.000000 1.000000 1.000000
X 0.437619 -0.655408 0.615572
Y -0.836196 -0.044970 0.546584
Z -0.330554 -0.753935 -0.567730

PART 14
OFFSET 17.524665 9.531668 -13.041530
SCALE 1.000000 1.000000 1.000000
X 0.346244 0.825621 0.445495
Y 0.693537 -0.545048 0.471093
Z 0.631760 0.145854 -0.761318

PART 15
OFFSET 12.642462 -8.287450 -7.973816
SCALE 1.000000 1.000000 1.000000
X -0.999654 0.026158 -0.002863
Y 0.026223 0.999321 -0.025895
Z 0.002184 -0.025961 -0.999661

PART 16
OFFSET 12.572426 -6.953090 -7.812341
SCALE 1.000000 1.000000 1.000000
X -0.999654 0.026158 -0.002863
Y 0.026223 0.999321 -0.025895
Z 0.002184 -0.025961 -0.999661

PART 17
OFFSET 12.210211 -6.377329 -8.798757
SCALE 1.000000 1.000000 1.000000
X -0.999654 0.026158 -0.002863
Y 0.026223 0.999321 -0.025895
Z 0.002184 -0.025961 -0.999661

PART 18
OFFSET 14.055697 -7.431510 -9.304624
SCALE 1.000000 1.000000 1.000000
X -0.735973 0.239394 0.633273
Y -0.650024 -0.511339 -0.562140
Z 0.189244 -0.825362 0.531943

PART 19
OFFSET 10.752760 -7.497391 -9.518360
SCALE 1.000000 1.000000 1.000000
X -0.999635 0.020890 -0.017137
Y 0.014252 -0.131162 -0.991258
Z -0.022955 -0.991141 0.130817

PART 20
OFFSET 23.732802 -5.590136 -12.775086
SCALE 1.000000 1.000000 1.000000
X 0.771090 -0.182831 -0.609913
Y -0.041186 0.941560 -0.334318
Z 0.635393 0.282909 0.718497

PART 21
OFFSET 24.392323 -7.844848 -13.047924
SCALE 1.000000 1.000000 1.000000
X 0.398231 -0.608937 0.686008
Y 0.771090 -0.182831 -0.609913
Z 0.496822 0.771860 0.396736

PART 22
OFFSET 24.131982 -7.598755 -14.357801
SCALE 1.000000 1.000000 1.000000
X 0.771090 -0.182831 -0.609913
Y -0.041186 0.941560 -0.334318
Z 0.635393 0.282909 0.718497

PART 23
OFFSET 38.691769 -11.003803 -25.696414
SCALE 1.000000 1.000000 1.000000
X 0.771090 -0.182831 -0.609913
Y -0.041186 0.941560 -0.334318
Z 0.635393 0.282909 0.718497

PART 24
OFFSET 21.924412 -6.825131 -14.845991
SCALE 1.000000 1.000000 1.000000
X 0.771090 -0.182831 -0.609913
Y -0.041186 0.941560 -0.334318
Z 0.635393 0.282909 0.718497

PART 25
OFFSET 19.572081 10.660419 -8.834660
SCALE 1.000000 1.000000 1.000000
X 0.824887 -0.561203 0.067912
Y -0.491161 -0.770992 -0.405378
Z 0.279860 0.301036 -0.911623

PART 26
OFFSET 20.374282 10.587840 -9.540552
SCALE 1.000000 1.000000 1.000000
X 0.280764 -0.952285 0.119689
Y -0.844984 -0.304394 -0.439712
Z 0.455164 0.022320 -0.890128

PART 27
OFFSET 19.661924 12.217985 -11.906256
SCALE 1.000000 1.000000 1.000000
X 0.312695 -0.939465 0.140100
Y -0.615448 -0.312739 -0.723477
Z 0.723496 0.140003 -0.675983

PART 28
OFFSET 19.157747 12.203685 -11.364918
SCALE 1.000000 1.000000 1.000000
X 0.550043 -0.763829 0.337665
Y -0.415236 -0.600938 -0.682973
Z 0.724591 0.235454 -0.647711

PART 29
OFFSET 17.579827 12.219626 -11.075025
SCALE 1.000000 1.000000 1.000000
X -0.144365 -0.663929 0.733728
Y -0.723802 0.576463 0.379213
Z -0.674737 -0.476328 -0.563774

PART 30
OFFSET 18.198675 10.419990 -9.319983
SCALE 1.000000 1.000000 1.000000
X 0.481547 -0.817609 0.315638
Y 0.410473 0.528602 0.743029
Z -0.774354 -0.228242 0.590154

PART 31
OFFSET 19.487872 10.014334 -11.271935
SCALE 1.000000 1.000000 1.000000
X 0.626366 0.274784 -0.729493
Y 0.330545 0.753892 0.567791
Z 0.705979 -0.596775 0.381383

PART 32
OFFSET 17.438821 -8.307189 -11.116584
SCALE 1.000000 1.000000 1.000000
X -0.643386 0.472395 0.602410
Y -0.033008 -0.803292 0.594669
Z 0.764830 0.362718 0.532420

PART 33
OFFSET 16.694180 -8.661212 -11.853403
SCALE 1.000000 1.000000 1.000000
X -0.400675 -0.771526 0.494173
Y 0.651698 -0.619104 -0.438177
Z 0.644010 0.146485 0.750862

PART 34
OFFSET 13.905646 -8.004217 -10.538038
SCALE 1.000000 1.000000 1.000000
X -0.456317 0.164861 0.874412
Y 0.257627 -0.916120 0.307168
Z 0.851706 0.365438 0.375568

PART 35
OFFSET 14.535758 -7.838516 -10.241576
SCALE 1.000000 1.000000 1.000000
X -0.554588 0.245277 0.795155
Y 0.283411 -0.842764 0.457631
Z 0.782374 0.479153 0.397873

PART 36
OFFSET 14.761704 -6.912370 -9.441184
SCALE 1.000000 1.000000 1.000000
X -0.527458 -0.434932 0.729809
Y -0.108629 -0.817446 -0.565670
Z 0.842608 -0.377645 0.383923

PART 37
OFFSET 11.643795 -6.445196 -5.908567
SCALE 1.000000 1.000000 1.000000
X -0.514158 0.094636 0.852459
Y -0.420207 0.838648 -0.346549
Z -0.747708 -0.536390 -0.391431

PART 38
OFFSET 24.399980 -7.479429 -14.054750
SCALE 1.000000 1.000000 1.000000
X 0.771090 -0.182831 -0.609913
Y -0.041186 0.941560 -0.334318
Z 0.635393 0.282909 0.718497

PART 39
OFFSET 21.015343 9.656384 -8.733714
SCALE 1.000000 1.000000 1.000000
X 0.098099 -0.994733 -0.029713
Y -0.933315 -0.081598 -0.349665
Z 0.345399 0.062033 -0.936403

PART 40
OFFSET 20.949398 8.763543 -9.302308
SCALE 1.000000 1.000000 1.000000
X -0.179733 -0.969369 -0.167394
Y -0.980278 0.190706 -0.051836
Z 0.082171 0.154776 -0.984526

PART 41
OFFSET 20.240307 10.061823 -11.455285
SCALE 1.000000 1.000000 1.000000
X -0.049210 -0.992464 -0.112217
Y -0.945340 0.082543 -0.315465
Z 0.322351 0.090559 -0.942279

PART 42
OFFSET 20.710367 10.256164 -10.586764
SCALE 1.000000 1.000000 1.000000
X 0.085402 -0.995058 0.050648
Y -0.978130 -0.093408 -0.185839
Z 0.189652 -0.033670 -0.981274

PART 43
OFFSET 17.155611 10.851297 -9.532120
SCALE 1.000000 1.000000 1.000000
X 0.051527 -0.670251 0.740344
Y -0.819553 0.395246 0.414865
Z -0.570681 -0.628128 -0.528941

PART 44
OFFSET 18.480857 -9.221854 -12.132076
SCALE 1.000000 1.000000 1.000000
X -0.666334 -0.037131 0.744729
Y 0.236750 -0.957615 0.164082
Z 0.707071 0.285648 0.646882

PART 45
OFFSET 17.453758 -7.098739 -12.788336
SCALE 1.000000 1.000000 1.000000
X 0.468804 -0.777318 -0.419522
Y 0.326879 0.593901 -0.735141
Z 0.820593 0.207504 0.532512

PART 46
OFFSET 15.051701 -8.436748 -12.506806
SCALE 1.000000 1.000000 1.000000
X -0.436565 -0.742790 0.507616
Y 0.485047 -0.669524 -0.562553
Z 0.757720 0.000627 0.652579

PART 47
OFFSET 15.867333 -8.534037 -12.371511
SCALE 1.000000 1.000000 1.000000
X -0.415364 -0.762234 0.496459
Y 0.439702 -0.646010 -0.623966
Z 0.796326 -0.040879 0.603485

PART 48
OFFSET 15.881775 -5.866572 -11.012971
SCALE 1.000000 1.000000 1.000000
X -0.547036 0.070325 0.834150
Y -0.288609 -0.951214 -0.109075
Z 0.785784 -0.300411 0.540645

PART 49
OFFSET 20.941239 8.451290 -8.706350
SCALE 1.000000 1.000000 1.000000
X -0.507938 -0.860062 -0.047887
Y -0.805845 0.494088 -0.326329
Z 0.304323 -0.127166 -0.944043

PART 50
OFFSET 20.714705 7.346950 -9.541012
SCALE 1.000000 1.000000 1.000000
X -0.826821 -0.548073 -0.126426
Y -0.561584 0.816978 0.131033
Z 0.031471 0.179340 -0.983284

PART 51
OFFSET 20.180547 8.749255 -11.610785
SCALE 1.000000 1.000000 1.000000
X -0.436695 -0.896174 -0.078548
Y -0.832755 0.435728 -0.341555
Z 0.340318 -0.083744 -0.936574

PART 52
OFFSET 20.852046 8.723231 -10.498792
SCALE 1.000000 1.000000 1.000000
X -0.403547 -0.912732 -0.063793
Y -0.888616 0.407584 -0.210326
Z 0.217972 -0.028189 -0.975548

PART 53
OFFSET 16.944381 9.829353 -8.413971
SCALE 1.000000 1.000000 1.000000
X -0.617430 -0.473635 0.628053
Y -0.524820 0.842767 0.119615
Z -0.585956 -0.255760 -0.768922

PART 54
OFFSET 19.309090 -9.297596 -12.994532
SCALE 1.000000 1.000000 1.000000
X -0.633146 -0.065087 0.771291
Y 0.250037 -0.960235 0.124222
Z 0.732535 0.271502 0.624243

PART 55
OFFSET 16.692480 -6.087596 -12.059060
SCALE 1.000000 1.000000 1.000000
X 0.485407 0.362900 -0.795414
Y -0.421895 0.894075 0.150449
Z 0.765758 0.262552 0.587096

PART 56
OFFSET 15.688136 -7.327535 -13.232764
SCALE 1.000000 1.000000 1.000000
X 0.183618 -0.844373 -0.503308
Y 0.738855 0.456264 -0.495899
Z 0.648365 -0.280816 0.707647

PART 57
OFFSET 16.586355 -7.161320 -13.229053
SCALE 1.000000 1.000000 1.000000
X 0.296643 -0.790120 -0.536390
Y 0.533947 0.602900 -0.592800
Z 0.791773 -0.110554 0.600728

PART 58
OFFSET 16.709062 -6.105836 -12.370125
SCALE 1.000000 1.000000 1.000000
X -0.490211 0.319945 0.810758
Y -0.482240 -0.874405 0.053484
Z 0.726043 -0.364762 0.582933

PART 59
OFFSET 20.367566 7.479832 -8.760423
SCALE 1.000000 1.000000 1.000000
X 0.978418 -0.201932 0.043839
Y 0.198429 0.977368 0.073332
Z -0.057655 -0.063050 0.996344

PART 60
OFFSET 19.778886 6.726909 -9.691253
SCALE 1.000000 1.000000 1.000000
X 0.990268 -0.113675 0.080290
Y 0.104598 0.988477 0.109420
Z -0.091803 -0.099957 0.990748

PART 61
OFFSET 19.823012 7.994597 -11.674864
SCALE 1.000000 1.000000 1.000000
X -0.923356 -0.349220 -0.159560
Y -0.304590 0.919271 -0.249329
Z 0.233749 -0.181619 -0.955184

PART 62
OFFSET 20.300155 7.455616 -10.586729
SCALE 1.000000 1.000000 1.000000
X -0.901521 -0.356501 -0.245292
Y -0.357706 0.932924 -0.041211
Z 0.243530 0.050590 -0.968573

PART 63
OFFSET 16.240921 9.319797 -7.767960
SCALE 1.000000 1.000000 1.000000
X -0.187566 -0.011644 0.982183
Y 0.958659 0.215672 0.185630
Z -0.213991 0.976396 -0.029290

PART 64
OFFSET 20.024232 -9.224121 -13.865655
SCALE 1.000000 1.000000 1.000000
X 0.186970 0.964398 -0.187027
Y 0.575516 -0.261824 -0.774745
Z -0.796131 0.037217 -0.603979

PART 65
OFFSET 16.137025 -6.499863 -11.162226
SCALE 1.000000 1.000000 1.000000
X -0.154959 -0.866944 0.473705
Y -0.577761 0.468475 0.668374
Z -0.801362 -0.170118 -0.573480

PART 66
OFFSET 15.515056 -6.562199 -12.767608
SCALE 1.000000 1.000000 1.000000
X 0.615369 0.150924 -0.773655
Y 0.209453 0.914904 0.345079
Z 0.759901 -0.374396 0.531393

PART 67
OFFSET 16.119047 -6.159740 -12.402683
SCALE 1.000000 1.000000 1.000000
X 0.628546 0.272411 -0.728507
Y -0.100517 0.957254 0.271222
Z 0.771250 -0.097248 0.629060

PART 68
OFFSET 17.214190 -6.420278 -13.274483
SCALE 1.000000 1.000000 1.000000
X -0.927627 0.290257 0.235074
Y -0.124175 0.353909 -0.927000
Z -0.352263 -0.889100 -0.292253

PART 69
