// Export time: Sun Jun 19 04:36:17 2022

ANIMATION
VERSION 3

NUMPARTS 2
PART 0 "tag_view"
PART 1 "tag_torso"

FRAMERATE 30
NUMFRAMES 9
FRAME 0
PART 0
OFFSET 0.000000 0.000000 0.000000
SCALE 1.000000 1.000000 1.000000
X 1.000000 0.000000 0.000000
Y 0.000000 1.000000 0.000000
Z 0.000000 0.000000 1.000000

PART 1
OFFSET 2.538400 4.009300 -0.720300
SCALE 1.000000 1.000000 1.000000
X 0.999302 -0.035578 -0.011415
Y 0.035580 0.999367 -0.000020
Z 0.011409 -0.000386 0.999935

FRAME 1
PART 0
OFFSET 0.000000 0.000000 0.000000
SCALE 1.000000 1.000000 1.000000
X 1.000000 0.000000 0.000000
Y 0.000000 1.000000 0.000000
Z 0.000000 0.000000 1.000000

PART 1
OFFSET 2.538400 3.836350 -0.716957
SCALE 1.000000 1.000000 1.000000
X 0.999407 -0.032802 -0.010499
Y 0.032803 0.999462 -0.000020
Z 0.010494 -0.000325 0.999945

FRAME 2
PART 0
OFFSET 0.000000 0.000000 0.000000
SCALE 1.000000 1.000000 1.000000
X 1.000000 0.000000 0.000000
Y 0.000000 1.000000 0.000000
Z 0.000000 0.000000 1.000000

PART 1
OFFSET 2.538400 3.380390 -0.708143
SCALE 1.000000 1.000000 1.000000
X 0.999503 -0.030026 -0.009583
Y 0.030027 0.999549 -0.000022
Z 0.009580 -0.000266 0.999954

FRAME 3
PART 0
OFFSET 0.000000 0.000000 0.000000
SCALE 1.000000 1.000000 1.000000
X 1.000000 0.000000 0.000000
Y 0.000000 1.000000 0.000000
Z 0.000000 0.000000 1.000000

PART 1
OFFSET 2.538400 2.735758 -0.695682
SCALE 1.000000 1.000000 1.000000
X 0.999674 -0.024327 -0.007765
Y 0.024328 0.999704 0.000003
Z 0.007762 -0.000192 0.999970

FRAME 4
PART 0
OFFSET 0.000000 0.000000 0.000000
SCALE 1.000000 1.000000 1.000000
X 1.000000 0.000000 0.000000
Y 0.000000 1.000000 0.000000
Z 0.000000 0.000000 1.000000

PART 1
OFFSET 2.538400 2.004650 -0.681550
SCALE 1.000000 1.000000 1.000000
X 0.999809 -0.018628 -0.005946
Y 0.018628 0.999826 0.000018
Z 0.005944 -0.000129 0.999982

FRAME 5
PART 0
OFFSET 0.000000 0.000000 0.000000
SCALE 1.000000 1.000000 1.000000
X 1.000000 0.000000 0.000000
Y 0.000000 1.000000 0.000000
Z 0.000000 0.000000 1.000000

PART 1
OFFSET 2.538400 1.273542 -0.667418
SCALE 1.000000 1.000000 1.000000
X 0.999908 -0.012928 -0.004126
Y 0.012928 0.999916 0.000022
Z 0.004126 -0.000076 0.999991

FRAME 6
PART 0
OFFSET 0.000000 0.000000 0.000000
SCALE 1.000000 1.000000 1.000000
X 1.000000 0.000000 0.000000
Y 0.000000 1.000000 0.000000
Z 0.000000 0.000000 1.000000

PART 1
OFFSET 2.538400 0.628910 -0.654957
SCALE 1.000000 1.000000 1.000000
X 0.999971 -0.007227 -0.002307
Y 0.007227 0.999974 0.000016
Z 0.002307 -0.000033 0.999997

FRAME 7
PART 0
OFFSET 0.000000 0.000000 0.000000
SCALE 1.000000 1.000000 1.000000
X 1.000000 0.000000 0.000000
Y 0.000000 1.000000 0.000000
Z 0.000000 0.000000 1.000000

PART 1
OFFSET 2.538400 0.172950 -0.646143
SCALE 1.000000 1.000000 1.000000
X 0.999999 -0.001526 -0.000488
Y 0.001526 0.999999 -0.000000
Z 0.000488 -0.000000 1.000000

FRAME 8
PART 0
OFFSET 0.000000 0.000000 0.000000
SCALE 1.000000 1.000000 1.000000
X 1.000000 0.000000 0.000000
Y 0.000000 1.000000 0.000000
Z 0.000000 0.000000 1.000000

PART 1
OFFSET 2.538400 0.000000 -0.642800
SCALE 1.000000 1.000000 1.000000
X 1.000000 0.000000 0.000000
Y 0.000000 1.000000 0.000000
Z 0.000000 0.000000 1.000000

NOTETRACKS

PART 0
NUMTRACKS 0

PART 1
NUMTRACKS 0

