// Export time: Sun Jun 19 04:33:22 2022

ANIMATION
VERSION 3

NUMPARTS 79
PART 0 "tag_torso"
PART 1 "j_shoulder_le"
PART 2 "j_shoulder_ri"
PART 3 "tag_weapon"
PART 4 "j_elbow_le"
PART 5 "j_elbow_ri"
PART 6 "j_gun"
PART 7 "j_sleave_reshape_bottom_le_1"
PART 8 "j_sleave_reshape_bottom_le_2"
PART 9 "j_sleave_reshape_top_le_1"
PART 10 "j_sleave_reshape_top_le_2"
PART 11 "j_sleave_reshape_top_le_3"
PART 12 "j_wrist_le"
PART 13 "j_wristtwist_le"
PART 14 "j_sleave_reshape_top_ri_1"
PART 15 "j_sleave_reshape_top_ri_2"
PART 16 "j_sleave_reshape_top_ri_3"
PART 17 "j_wrist_ri"
PART 18 "j_wristtwist_ri"
PART 19 "j_arrow"
PART 20 "j_clip_release"
PART 21 "j_gear"
PART 22 "tag_battery_1"
PART 23 "tag_battery_2"
PART 24 "tag_brass"
PART 25 "tag_flash"
PART 26 "tag_fx"
PART 27 "tag_knob"
PART 28 "tag_switch"
PART 29 "j_index_le_0"
PART 30 "j_mid_le_0"
PART 31 "j_pinkypalm_le"
PART 32 "j_ringpalm_le"
PART 33 "j_thumb_le_0"
PART 34 "j_webbing_le"
PART 35 "tag_knife_attach"
PART 36 "j_index_ri_0"
PART 37 "j_mid_ri_0"
PART 38 "j_pinkypalm_ri"
PART 39 "j_ringpalm_ri"
PART 40 "j_thumb_ri_0"
PART 41 "j_webbing_ri"
PART 42 "j_index_le_1"
PART 43 "j_mid_le_1"
PART 44 "j_pinky_le_0"
PART 45 "j_ring_le_0"
PART 46 "j_thumb_le_1"
PART 47 "j_index_ri_1"
PART 48 "j_mid_ri_1"
PART 49 "j_pinky_ri_0"
PART 50 "j_ring_ri_0"
PART 51 "j_thumb_ri_1"
PART 52 "j_index_le_2"
PART 53 "j_mid_le_2"
PART 54 "j_pinky_le_1"
PART 55 "j_ring_le_1"
PART 56 "j_thumb_le_2"
PART 57 "j_index_ri_2"
PART 58 "j_mid_ri_2"
PART 59 "j_pinky_ri_1"
PART 60 "j_ring_ri_1"
PART 61 "j_thumb_ri_2"
PART 62 "j_index_le_3"
PART 63 "j_mid_le_3"
PART 64 "j_pinky_le_2"
PART 65 "j_ring_le_2"
PART 66 "j_thumb_le_3"
PART 67 "j_index_ri_3"
PART 68 "j_mid_ri_3"
PART 69 "j_pinky_ri_2"
PART 70 "j_ring_ri_2"
PART 71 "j_thumb_ri_3"
PART 72 "j_pinky_le_3"
PART 73 "j_ring_le_3"
PART 74 "j_pinky_ri_3"
PART 75 "j_ring_ri_3"
PART 76 "tag_cambone"
PART 77 "tag_camera"
PART 78 "tag_gasmask"

FRAMERATE 30
NUMFRAMES 16
FRAME 0
PART 0
OFFSET -4.631834 0.000000 -1.376955
SCALE 1.000000 1.000000 1.000000
X 1.000000 0.000000 0.000000
Y 0.000000 1.000000 0.000000
Z 0.000000 0.000000 1.000000

PART 1
OFFSET -12.508820 11.385400 -9.651998
SCALE 1.000000 1.000000 1.000000
X 0.695369 -0.157757 -0.701124
Y 0.149962 -0.922279 0.356249
Z -0.702833 -0.352866 -0.617667

PART 2
OFFSET -16.150150 -9.236000 -8.043980
SCALE 1.000000 1.000000 1.000000
X -0.952210 0.034905 0.303444
Y 0.007473 -0.990490 0.137384
Z 0.305353 0.133086 0.942893

PART 3
OFFSET 10.725936 -3.475441 -6.066834
SCALE 1.000000 1.000000 1.000000
X 0.998159 0.034449 0.049920
Y -0.034491 0.999405 -0.000007
Z -0.049890 -0.001715 0.998753

PART 4
OFFSET -4.099240 9.477430 -18.131346
SCALE 1.000000 1.000000 1.000000
X 0.911842 -0.217622 0.348117
Y -0.340645 0.072219 0.937414
Z -0.229142 -0.973358 -0.008280

PART 5
OFFSET -4.634239 -9.658151 -11.713747
SCALE 1.000000 1.000000 1.000000
X -0.841365 -0.426926 -0.331420
Y 0.515585 -0.450095 -0.729099
Z 0.162100 -0.784314 0.598811

PART 6
OFFSET 10.725936 -3.475441 -6.066834
SCALE 1.000000 1.000000 1.000000
X 0.998159 0.034449 0.049920
Y -0.034491 0.999405 -0.000007
Z -0.049890 -0.001715 0.998753

PART 7
OFFSET 5.532380 8.478375 -15.538855
SCALE 1.000000 1.000000 1.000000
X 0.914461 -0.215486 0.342530
Y 0.231575 0.972797 -0.006254
Z -0.331865 0.085040 0.939486

PART 8
OFFSET 4.835034 6.500927 -16.047977
SCALE 1.000000 1.000000 1.000000
X 0.914461 -0.215486 0.342530
Y 0.231575 0.972797 -0.006254
Z -0.331865 0.085040 0.939486

PART 9
OFFSET 5.161205 8.319585 -13.161133
SCALE 1.000000 1.000000 1.000000
X 0.914461 -0.215486 0.342530
Y 0.231575 0.972797 -0.006254
Z -0.331865 0.085040 0.939486

PART 10
OFFSET 4.698812 6.900258 -13.123745
SCALE 1.000000 1.000000 1.000000
X 0.914461 -0.215486 0.342530
Y 0.231575 0.972797 -0.006254
Z -0.331865 0.085040 0.939486

PART 11
OFFSET 4.397461 6.124164 -13.924398
SCALE 1.000000 1.000000 1.000000
X 0.914461 -0.215486 0.342530
Y 0.231575 0.972797 -0.006254
Z -0.331865 0.085040 0.939486

PART 12
OFFSET 6.451979 6.959209 -14.103129
SCALE 1.000000 1.000000 1.000000
X 0.782263 0.574479 0.240910
Y -0.299218 0.007313 0.954157
Z 0.546381 -0.818486 0.177615

PART 13
OFFSET 3.656511 7.626383 -15.170384
SCALE 1.000000 1.000000 1.000000
X 0.911830 -0.217681 0.348111
Y -0.382574 -0.142763 0.912829
Z -0.149008 -0.965523 -0.213454

PART 14
OFFSET 3.607389 -5.368787 -6.707311
SCALE 1.000000 1.000000 1.000000
X -0.844911 -0.421891 -0.328836
Y -0.167285 0.792325 -0.586717
Z 0.508075 -0.440715 -0.740020

PART 15
OFFSET 3.186291 -4.147432 -7.507125
SCALE 1.000000 1.000000 1.000000
X -0.844911 -0.421891 -0.328836
Y -0.167285 0.792325 -0.586717
Z 0.508075 -0.440715 -0.740020

PART 16
OFFSET 3.201299 -4.120246 -8.735601
SCALE 1.000000 1.000000 1.000000
X -0.844911 -0.421891 -0.328836
Y -0.167285 0.792325 -0.586717
Z 0.508075 -0.440715 -0.740020

PART 17
OFFSET 5.101399 -4.718110 -7.878763
SCALE 1.000000 1.000000 1.000000
X -0.971010 -0.021492 -0.238070
Y 0.236537 0.057307 -0.969931
Z 0.034489 -0.998125 -0.050562

PART 18
OFFSET 2.521995 -6.026977 -8.894803
SCALE 1.000000 1.000000 1.000000
X -0.841393 -0.426912 -0.331367
Y 0.358730 0.017394 -0.933279
Z 0.404192 -0.904126 0.138510

PART 19
OFFSET 7.233170 -3.448518 -3.617829
SCALE 1.000000 1.000000 1.000000
X 0.996934 0.034406 0.070270
Y -0.034491 0.999405 -0.000007
Z -0.070228 -0.002417 0.997528

PART 20
OFFSET 14.782415 -3.717241 -4.294364
SCALE 1.000000 1.000000 1.000000
X 0.998159 0.034449 0.049920
Y -0.034491 0.999405 -0.000007
Z -0.049890 -0.001715 0.998753

PART 21
OFFSET 6.697083 -3.595523 -3.302962
SCALE 1.000000 1.000000 1.000000
X 0.642259 0.022269 -0.766164
Y -0.034498 0.999405 0.000130
Z 0.765711 0.026348 0.642645

PART 22
OFFSET 13.682346 -3.321525 -3.268985
SCALE 1.000000 1.000000 1.000000
X 0.998159 0.034449 0.049920
Y -0.034491 0.999405 -0.000007
Z -0.049890 -0.001715 0.998753

PART 23
OFFSET 11.462725 -3.004907 -3.395809
SCALE 1.000000 1.000000 1.000000
X 0.998159 0.034449 0.049920
Y -0.034491 0.999405 -0.000007
Z -0.049890 -0.001715 0.998753

PART 24
OFFSET 12.035801 -3.772134 -2.230746
SCALE 1.000000 1.000000 1.000000
X -0.008036 -0.760769 0.648973
Y 0.998244 0.031990 0.049862
Z -0.058694 0.648234 0.759175

PART 25
OFFSET 21.969578 -3.087381 -2.880365
SCALE 1.000000 1.000000 1.000000
X 0.998159 0.034449 0.049920
Y -0.034491 0.999405 -0.000007
Z -0.049890 -0.001715 0.998753

PART 26
OFFSET 5.405222 -3.698576 -3.683692
SCALE 1.000000 1.000000 1.000000
X -0.997621 -0.034430 -0.059732
Y 0.034495 -0.999405 -0.000054
Z -0.059695 -0.002114 0.998214

PART 27
OFFSET 10.376130 -1.831002 -2.961838
SCALE 1.000000 1.000000 1.000000
X 0.998159 0.034449 0.049920
Y -0.034491 0.999405 -0.000007
Z -0.049890 -0.001715 0.998753

PART 28
OFFSET 9.480066 -2.754972 -3.065380
SCALE 1.000000 1.000000 1.000000
X 0.998159 0.034449 0.049920
Y -0.034491 0.999405 -0.000007
Z -0.049890 -0.001715 0.998753

PART 29
OFFSET 9.071435 9.507435 -12.510780
SCALE 1.000000 1.000000 1.000000
X 0.892412 -0.297713 0.339068
Y -0.255313 -0.952749 -0.164574
Z 0.372042 0.060299 -0.926255

PART 30
OFFSET 9.410590 9.291386 -13.539697
SCALE 1.000000 1.000000 1.000000
X 0.852148 -0.463900 0.242156
Y -0.454534 -0.885457 -0.096772
Z 0.259311 -0.027604 -0.965399

PART 31
OFFSET 7.544759 7.272111 -14.885060
SCALE 1.000000 1.000000 1.000000
X 0.835682 0.431679 -0.339542
Y 0.498008 -0.856271 0.137073
Z -0.231568 -0.283644 -0.930549

PART 32
OFFSET 7.441670 7.517584 -14.222758
SCALE 1.000000 1.000000 1.000000
X 0.839651 0.539495 -0.062697
Y 0.542813 -0.829641 0.130574
Z 0.018428 -0.143669 -0.989454

PART 33
OFFSET 6.739483 6.888641 -13.001022
SCALE 1.000000 1.000000 1.000000
X 0.391212 0.346600 0.852538
Y -0.916838 0.066494 0.393684
Z 0.079762 -0.935653 0.343789

PART 34
OFFSET 8.681252 8.303085 -11.750231
SCALE 1.000000 1.000000 1.000000
X 0.945838 0.311474 0.091512
Y -0.306710 0.949746 -0.062546
Z -0.106395 0.031091 0.993838

PART 35
OFFSET 9.566709 7.265531 -13.693526
SCALE 1.000000 1.000000 1.000000
X 0.001925 -0.210882 -0.977510
Y -0.546402 0.818466 -0.177647
Z 0.837521 0.534455 -0.113651

PART 36
OFFSET 8.719323 -5.048534 -6.238337
SCALE 1.000000 1.000000 1.000000
X -0.793857 -0.558843 -0.239761
Y 0.535362 -0.829273 0.160297
Z -0.288409 -0.001106 0.957507

PART 37
OFFSET 8.866217 -4.809596 -7.306911
SCALE 1.000000 1.000000 1.000000
X -0.445110 -0.856065 -0.262734
Y 0.871993 -0.481113 0.090326
Z -0.203730 -0.188897 0.960631

PART 38
OFFSET 6.169374 -4.436831 -8.705699
SCALE 1.000000 1.000000 1.000000
X -0.929696 -0.093226 0.356335
Y 0.095909 -0.995338 -0.010174
Z 0.355622 0.024717 0.934303

PART 39
OFFSET 6.230545 -4.609577 -8.015789
SCALE 1.000000 1.000000 1.000000
X -0.996494 -0.044095 0.071100
Y 0.043996 -0.999027 -0.002950
Z 0.071161 0.000188 0.997465

PART 40
OFFSET 5.295778 -4.353938 -6.814934
SCALE 1.000000 1.000000 1.000000
X -0.324291 -0.841160 -0.432765
Y 0.905809 -0.144258 -0.398371
Z 0.272664 -0.521190 0.808712

PART 41
OFFSET 0.878592 -5.391019 -8.076552
SCALE 1.000000 1.000000 1.000000
X -0.949770 -0.308849 -0.050499
Y -0.305885 0.950256 -0.058713
Z 0.066120 -0.040317 -0.996997

PART 42
OFFSET 10.642651 8.983278 -11.913807
SCALE 1.000000 1.000000 1.000000
X 0.557564 -0.826700 0.075427
Y -0.750932 -0.541014 -0.378688
Z 0.353869 0.154502 -0.922446

PART 43
OFFSET 11.075253 8.385166 -13.066630
SCALE 1.000000 1.000000 1.000000
X -0.333093 -0.941532 -0.050673
Y -0.918916 0.336196 -0.206316
Z 0.211289 -0.022159 -0.977172

PART 44
OFFSET 9.517161 8.178315 -15.495608
SCALE 1.000000 1.000000 1.000000
X 0.532485 -0.826872 0.180947
Y -0.846206 -0.515019 0.136713
Z -0.019853 -0.225916 -0.973944

PART 45
OFFSET 9.611574 8.914748 -14.535353
SCALE 1.000000 1.000000 1.000000
X 0.676407 -0.718877 0.160279
Y -0.736193 -0.666459 0.117695
Z 0.022211 -0.197606 -0.980030

PART 46
OFFSET 7.496633 7.591129 -11.102866
SCALE 1.000000 1.000000 1.000000
X 0.886395 0.444974 -0.127677
Y -0.007451 0.289480 0.957155
Z 0.462869 -0.847467 0.259909

PART 47
OFFSET 10.117067 -4.064604 -5.816253
SCALE 1.000000 1.000000 1.000000
X -0.021001 -0.998907 0.041750
Y 0.949432 -0.006841 0.313897
Z -0.313268 0.046230 0.948539

PART 48
OFFSET 9.735779 -3.137250 -6.793606
SCALE 1.000000 1.000000 1.000000
X 0.709946 -0.704226 0.006587
Y 0.683155 0.690916 0.236504
Z -0.171103 -0.163405 0.971608

PART 49
OFFSET 8.298290 -4.101679 -9.369013
SCALE 1.000000 1.000000 1.000000
X -0.638916 -0.699255 -0.320669
Y 0.768738 -0.564754 -0.300159
Z 0.028789 -0.438287 0.898374

PART 50
OFFSET 8.807175 -4.517203 -8.348573
SCALE 1.000000 1.000000 1.000000
X -0.308908 -0.901690 -0.302541
Y 0.949029 -0.313167 -0.035639
Z -0.062611 -0.298130 0.952470

PART 51
OFFSET 5.889939 -2.495359 -5.886301
SCALE 1.000000 1.000000 1.000000
X -0.889529 -0.380814 -0.252427
Y 0.456826 -0.732909 -0.504137
Z 0.006977 -0.563760 0.825909

PART 52
OFFSET 11.298958 7.968885 -11.766065
SCALE 1.000000 1.000000 1.000000
X -0.029734 -0.997708 -0.060782
Y -0.914869 0.051660 -0.400431
Z 0.402653 0.043701 -0.914309

PART 53
OFFSET 10.588716 7.009944 -13.140677
SCALE 1.000000 1.000000 1.000000
X -0.903990 0.397878 -0.156510
Y 0.388611 0.917261 0.087260
Z 0.178279 0.018061 -0.983814

PART 54
OFFSET 10.271052 7.007648 -15.239407
SCALE 1.000000 1.000000 1.000000
X -0.923162 -0.377426 0.072951
Y -0.383410 0.890338 -0.245551
Z 0.027726 -0.254653 -0.966635

PART 55
OFFSET 10.763159 7.690877 -14.262454
SCALE 1.000000 1.000000 1.000000
X -0.723802 -0.680735 0.112742
Y -0.688382 0.701181 -0.185677
Z 0.047344 -0.212003 -0.976121

PART 56
OFFSET 8.979871 8.197279 -11.336991
SCALE 1.000000 1.000000 1.000000
X 0.901196 0.334256 0.275896
Y -0.377924 0.294412 0.877778
Z 0.212175 -0.895318 0.391647

PART 57
OFFSET 10.123556 -2.847450 -5.809423
SCALE 1.000000 1.000000 1.000000
X 0.940823 -0.182301 0.285690
Y 0.167375 0.982957 0.076041
Z -0.294683 -0.023723 0.955300

PART 58
OFFSET 8.698848 -2.108627 -6.803249
SCALE 1.000000 1.000000 1.000000
X 0.965181 0.196379 0.172805
Y -0.211571 0.974540 0.074221
Z -0.153830 -0.108197 0.982156

PART 59
OFFSET 9.202900 -3.111708 -8.915012
SCALE 1.000000 1.000000 1.000000
X 0.663222 -0.671498 -0.330495
Y 0.748097 0.581778 0.319194
Z -0.022063 -0.458939 0.888194

PART 60
OFFSET 9.333096 -2.982097 -7.833521
SCALE 1.000000 1.000000 1.000000
X 0.823101 -0.555273 -0.119068
Y 0.562398 0.767912 0.306628
Z -0.078828 -0.319349 0.944353

PART 61
OFFSET 7.352415 -1.861162 -5.601376
SCALE 1.000000 1.000000 1.000000
X -0.956778 0.126659 0.261788
Y -0.248861 -0.822359 -0.511658
Z 0.150478 -0.554692 0.818336

PART 62
OFFSET 11.265355 6.841953 -11.834737
SCALE 1.000000 1.000000 1.000000
X 0.948803 0.290379 0.124307
Y -0.299310 0.952261 0.060096
Z -0.100922 -0.094226 0.990422

PART 63
OFFSET 9.565856 7.460089 -13.324932
SCALE 1.000000 1.000000 1.000000
X 0.433776 -0.892127 0.126283
Y 0.890141 0.446023 0.093341
Z -0.139597 0.071920 0.987593

PART 64
OFFSET 9.452531 6.672999 -15.174760
SCALE 1.000000 1.000000 1.000000
X -0.705650 0.694034 -0.142741
Y 0.708485 0.694062 -0.127778
Z 0.010389 -0.191296 -0.981477

PART 65
OFFSET 9.759992 6.747426 -14.106193
SCALE 1.000000 1.000000 1.000000
X -0.481968 0.851693 -0.205732
Y 0.874699 0.481384 -0.056313
Z 0.051075 -0.207095 -0.976987

PART 66
OFFSET 9.957745 8.522788 -11.005760
SCALE 1.000000 1.000000 1.000000
X 0.451126 0.882493 0.133010
Y -0.568409 0.399013 -0.719513
Z -0.688038 0.248987 0.681623

PART 67
OFFSET 9.060883 -2.641550 -6.132116
SCALE 1.000000 1.000000 1.000000
X -0.540154 -0.834753 0.106873
Y -0.799438 0.469283 -0.375063
Z 0.262931 -0.288030 -0.920818

PART 68
OFFSET 7.606643 -2.329653 -7.005838
SCALE 1.000000 1.000000 1.000000
X -0.595123 -0.765962 -0.243168
Y -0.792393 0.609724 0.018696
Z 0.133945 0.203811 -0.969804

PART 69
OFFSET 8.614820 -2.516320 -8.622000
SCALE 1.000000 1.000000 1.000000
X 0.958317 0.268117 0.098702
Y -0.284876 0.870349 0.401669
Z 0.021789 -0.413044 0.910451

PART 70
OFFSET 8.192345 -2.212542 -7.668529
SCALE 1.000000 1.000000 1.000000
X 0.814665 0.524266 0.247922
Y -0.573795 0.790703 0.213420
Z -0.084144 -0.316122 0.944980

PART 71
OFFSET 8.384437 -1.958777 -5.913171
SCALE 1.000000 1.000000 1.000000
X -0.854240 0.280270 -0.437862
Y 0.512627 0.594293 -0.619702
Z 0.086535 -0.753834 -0.651342

PART 72
OFFSET 8.782141 7.332377 -15.310369
SCALE 1.000000 1.000000 1.000000
X 0.093344 -0.938879 0.331352
Y 0.990259 0.053015 -0.128746
Z 0.103310 0.340142 0.934682

PART 73
OFFSET 9.237286 7.671123 -14.329277
SCALE 1.000000 1.000000 1.000000
X -0.102298 -0.983023 0.152319
Y 0.989825 -0.085366 0.113841
Z -0.098906 0.162415 0.981753

PART 74
OFFSET 7.704376 -2.771086 -8.715763
SCALE 1.000000 1.000000 1.000000
X -0.557303 -0.691779 -0.459189
Y -0.828980 0.432296 0.354842
Z -0.046967 0.578413 -0.814391

PART 75
OFFSET 7.308815 -2.781118 -7.937401
SCALE 1.000000 1.000000 1.000000
X -0.343772 -0.897237 -0.277103
Y -0.932971 0.359868 -0.007787
Z 0.106708 0.255852 -0.960809

PART 76
OFFSET 0.000000 0.000000 0.000000
SCALE 1.000000 1.000000 1.000000
X 1.000000 0.000000 0.000000
Y 0.000000 1.000000 0.000000
Z 0.000000 0.000000 1.000000

PART 77
OFFSET 0.000000 0.000000 0.000000
SCALE 1.000000 1.000000 1.000000
X 1.000000 0.000000 0.000000
Y 0.000000 1.000000 0.000000
Z 0.000000 0.000000 1.000000

PART 78
OFFSET 1.540400 0.000000 4.135700
SCALE 1.000000 1.000000 1.000000
X 1.000000 0.000000 0.000000
Y 0.000000 1.000000 0.000000
Z 0.000000 0.000000 1.000000

FRAME 1
PART 0
OFFSET -4.631834 0.000000 -1.376955
SCALE 1.000000 1.000000 1.000000
X 1.000000 0.000000 0.000000
Y 0.000000 1.000000 0.000000
Z 0.000000 0.000000 1.000000

PART 1
OFFSET -12.508820 11.385400 -9.651998
SCALE 1.000000 1.000000 1.000000
X 0.696834 -0.159069 -0.699371
Y 0.147975 -0.922233 0.357196
Z -0.701802 -0.352396 -0.619105

PART 2
OFFSET -16.150150 -9.236000 -8.043980
SCALE 1.000000 1.000000 1.000000
X -0.952210 0.036134 0.303298
Y 0.006235 -0.990472 0.137577
Z 0.305379 0.132893 0.942912

PART 3
OFFSET 10.725936 -3.475441 -6.066834
SCALE 1.000000 1.000000 1.000000
X 0.998159 0.034449 0.049920
Y -0.034491 0.999405 -0.000007
Z -0.049890 -0.001715 0.998753

PART 4
OFFSET -4.081520 9.461562 -18.110141
SCALE 1.000000 1.000000 1.000000
X 0.911852 -0.218757 0.347379
Y -0.339825 0.072519 0.937689
Z -0.230317 -0.973081 -0.008213

PART 5
OFFSET -4.634231 -9.673015 -11.711983
SCALE 1.000000 1.000000 1.000000
X -0.841860 -0.425923 -0.331453
Y 0.515110 -0.450869 -0.728958
Z 0.161038 -0.784415 0.598965

PART 6
OFFSET 10.725936 -3.475441 -6.066834
SCALE 1.000000 1.000000 1.000000
X 0.998159 0.034449 0.049920
Y -0.034491 0.999405 -0.000007
Z -0.049890 -0.001715 0.998753

PART 7
OFFSET 5.550918 8.450644 -15.525299
SCALE 1.000000 1.000000 1.000000
X 0.914469 -0.216623 0.341790
Y 0.232738 0.972519 -0.006323
Z -0.331028 0.085330 0.939755

PART 8
OFFSET 4.850800 6.474093 -16.034103
SCALE 1.000000 1.000000 1.000000
X 0.914469 -0.216623 0.341790
Y 0.232738 0.972519 -0.006323
Z -0.331028 0.085330 0.939755

PART 9
OFFSET 5.181412 8.292023 -13.147306
SCALE 1.000000 1.000000 1.000000
X 0.914469 -0.216623 0.341790
Y 0.232738 0.972519 -0.006323
Z -0.331028 0.085330 0.939755

PART 10
OFFSET 4.717345 6.873248 -13.109720
SCALE 1.000000 1.000000 1.000000
X 0.914469 -0.216623 0.341790
Y 0.232738 0.972519 -0.006323
Z -0.331028 0.085330 0.939755

PART 11
OFFSET 4.414436 6.097609 -13.910227
SCALE 1.000000 1.000000 1.000000
X 0.914469 -0.216623 0.341790
Y 0.232738 0.972519 -0.006323
Z -0.331028 0.085330 0.939755

PART 12
OFFSET 6.469815 6.930208 -14.090468
SCALE 1.000000 1.000000 1.000000
X 0.783593 0.573061 0.239963
Y -0.296994 0.006267 0.954859
Z 0.545689 -0.819489 0.175107

PART 13
OFFSET 3.674316 7.600861 -15.155459
SCALE 1.000000 1.000000 1.000000
X 0.911846 -0.218786 0.347376
Y -0.382423 -0.144957 0.912546
Z -0.149298 -0.964946 -0.215847

PART 14
OFFSET 3.612104 -5.393003 -6.705184
SCALE 1.000000 1.000000 1.000000
X -0.845401 -0.420883 -0.328870
Y -0.166214 0.792435 -0.586873
Z 0.507613 -0.441480 -0.739881

PART 15
OFFSET 3.192703 -4.171428 -7.505319
SCALE 1.000000 1.000000 1.000000
X -0.845401 -0.420883 -0.328870
Y -0.166214 0.792435 -0.586873
Z 0.507613 -0.441480 -0.739881

PART 16
OFFSET 3.207899 -4.144471 -8.733797
SCALE 1.000000 1.000000 1.000000
X -0.845401 -0.420883 -0.328870
Y -0.166214 0.792435 -0.586873
Z 0.507613 -0.441480 -0.739881

PART 17
OFFSET 5.107137 -4.744580 -7.876619
SCALE 1.000000 1.000000 1.000000
X -0.971015 -0.020332 -0.238153
Y 0.236695 0.056834 -0.969920
Z 0.033255 -0.998177 -0.050374

PART 18
OFFSET 2.526215 -6.050372 -8.892760
SCALE 1.000000 1.000000 1.000000
X -0.841874 -0.425916 -0.331427
Y 0.358893 0.016796 -0.933228
Z 0.403043 -0.904607 0.138718

PART 19
OFFSET 7.233170 -3.448518 -3.617829
SCALE 1.000000 1.000000 1.000000
X 0.996934 0.034406 0.070270
Y -0.034491 0.999405 -0.000007
Z -0.070228 -0.002417 0.997528

PART 20
OFFSET 14.782415 -3.717241 -4.294364
SCALE 1.000000 1.000000 1.000000
X 0.998159 0.034449 0.049920
Y -0.034491 0.999405 -0.000007
Z -0.049890 -0.001715 0.998753

PART 21
OFFSET 6.697083 -3.595523 -3.302962
SCALE 1.000000 1.000000 1.000000
X 0.934617 0.032338 -0.354183
Y -0.034533 0.999404 0.000123
Z 0.353976 0.012116 0.935176

PART 22
OFFSET 13.682346 -3.321525 -3.268985
SCALE 1.000000 1.000000 1.000000
X 0.998159 0.034449 0.049920
Y -0.034491 0.999405 -0.000007
Z -0.049890 -0.001715 0.998753

PART 23
OFFSET 11.462725 -3.004907 -3.395809
SCALE 1.000000 1.000000 1.000000
X 0.998159 0.034449 0.049920
Y -0.034491 0.999405 -0.000007
Z -0.049890 -0.001715 0.998753

PART 24
OFFSET 12.035801 -3.772134 -2.230746
SCALE 1.000000 1.000000 1.000000
X -0.008036 -0.760769 0.648973
Y 0.998244 0.031990 0.049862
Z -0.058694 0.648234 0.759175

PART 25
OFFSET 21.969578 -3.087381 -2.880365
SCALE 1.000000 1.000000 1.000000
X 0.998159 0.034449 0.049920
Y -0.034491 0.999405 -0.000007
Z -0.049890 -0.001715 0.998753

PART 26
OFFSET 5.405222 -3.698576 -3.683692
SCALE 1.000000 1.000000 1.000000
X -0.997621 -0.034430 -0.059732
Y 0.034495 -0.999405 -0.000054
Z -0.059695 -0.002114 0.998214

PART 27
OFFSET 10.376130 -1.831002 -2.961838
SCALE 1.000000 1.000000 1.000000
X 0.998159 0.034449 0.049920
Y -0.034491 0.999405 -0.000007
Z -0.049890 -0.001715 0.998753

PART 28
OFFSET 9.480066 -2.754972 -3.065380
SCALE 1.000000 1.000000 1.000000
X 0.998159 0.034449 0.049920
Y -0.034491 0.999405 -0.000007
Z -0.049890 -0.001715 0.998753

PART 29
OFFSET 9.096388 9.472491 -12.500345
SCALE 1.000000 1.000000 1.000000
X 0.892650 -0.299955 0.336455
Y -0.257473 -0.951988 -0.165611
Z 0.369977 0.061205 -0.927023

PART 30
OFFSET 9.432864 9.257549 -13.530373
SCALE 1.000000 1.000000 1.000000
X 0.851739 -0.466079 0.239398
Y -0.456590 -0.884347 -0.097246
Z 0.257035 -0.026479 -0.966039

PART 31
OFFSET 7.561199 7.242827 -14.874459
SCALE 1.000000 1.000000 1.000000
X 0.835473 0.431070 -0.340827
Y 0.497170 -0.857146 0.134620
Z -0.234108 -0.281920 -0.930438

PART 32
OFFSET 7.459977 7.487433 -14.211548
SCALE 1.000000 1.000000 1.000000
X 0.840230 0.538461 -0.063829
Y 0.541996 -0.830567 0.128057
Z 0.015939 -0.142192 -0.989711

PART 33
OFFSET 6.759778 6.857581 -12.989140
SCALE 1.000000 1.000000 1.000000
X 0.394612 0.345182 0.851546
Y -0.915381 0.067262 0.396929
Z 0.079736 -0.936123 0.342515

PART 34
OFFSET 8.706348 8.267513 -11.740718
SCALE 1.000000 1.000000 1.000000
X 0.946466 0.310064 0.089788
Y -0.305574 0.950251 -0.060395
Z -0.104047 0.029725 0.994128

PART 35
OFFSET 9.585897 7.231721 -13.687632
SCALE 1.000000 1.000000 1.000000
X -0.000626 -0.209401 -0.977830
Y -0.545709 0.819468 -0.175138
Z 0.837974 0.533501 -0.114785

PART 36
OFFSET 8.724503 -5.079187 -6.235808
SCALE 1.000000 1.000000 1.000000
X -0.794528 -0.557903 -0.239729
Y 0.534318 -0.829906 0.160499
Z -0.288495 -0.000571 0.957481

PART 37
OFFSET 8.871788 -4.840629 -7.304413
SCALE 1.000000 1.000000 1.000000
X -0.446148 -0.855561 -0.262615
Y 0.871387 -0.482178 0.090493
Z -0.204050 -0.188466 0.960648

PART 38
OFFSET 6.175535 -4.464779 -8.703512
SCALE 1.000000 1.000000 1.000000
X -0.929843 -0.092007 0.356269
Y 0.094675 -0.995458 -0.009981
Z 0.355569 0.024449 0.934330

PART 39
OFFSET 6.236429 -4.637473 -8.013564
SCALE 1.000000 1.000000 1.000000
X -0.996554 -0.042846 0.071019
Y 0.042757 -0.999082 -0.002761
Z 0.071072 0.000285 0.997471

PART 40
OFFSET 5.301873 -4.380452 -6.812840
SCALE 1.000000 1.000000 1.000000
X -0.325295 -0.840837 -0.432638
Y 0.905665 -0.145455 -0.398264
Z 0.271945 -0.521378 0.808833

PART 41
OFFSET 0.883517 -5.412287 -8.074661
SCALE 1.000000 1.000000 1.000000
X -0.950147 -0.307680 -0.050527
Y -0.304701 0.950624 -0.058917
Z 0.066159 -0.040584 -0.996983

PART 42
OFFSET 10.668024 8.944386 -11.907973
SCALE 1.000000 1.000000 1.000000
X 0.555763 -0.828176 0.072475
Y -0.753140 -0.538481 -0.377912
Z 0.352005 0.155446 -0.923000

PART 43
OFFSET 11.096727 8.347072 -13.062694
SCALE 1.000000 1.000000 1.000000
X -0.336658 -0.940198 -0.051862
Y -0.918144 0.339988 -0.203517
Z 0.208979 -0.020899 -0.977697

PART 44
OFFSET 9.533398 8.147306 -15.488210
SCALE 1.000000 1.000000 1.000000
X 0.530197 -0.828822 0.178734
Y -0.847578 -0.512529 0.137568
Z -0.022414 -0.224429 -0.974233

PART 45
OFFSET 9.631031 8.882152 -14.527063
SCALE 1.000000 1.000000 1.000000
X 0.674497 -0.721211 0.157824
Y -0.738015 -0.664367 0.118111
Z 0.019670 -0.196142 -0.980378

PART 46
OFFSET 7.524411 7.557058 -11.092871
SCALE 1.000000 1.000000 1.000000
X 0.886533 0.443867 -0.130541
Y -0.003495 0.288566 0.957454
Z 0.462652 -0.848358 0.257375

PART 47
OFFSET 10.123428 -4.096913 -5.813781
SCALE 1.000000 1.000000 1.000000
X -0.022243 -0.998873 0.041933
Y 0.949395 -0.007960 0.313983
Z -0.313295 0.046795 0.948502

PART 48
OFFSET 9.743378 -3.169268 -6.791340
SCALE 1.000000 1.000000 1.000000
X 0.709071 -0.705104 0.006781
Y 0.683990 0.690112 0.236437
Z -0.171393 -0.163012 0.971623

PART 49
OFFSET 8.304923 -4.132391 -9.366697
SCALE 1.000000 1.000000 1.000000
X -0.639754 -0.698522 -0.320597
Y 0.768064 -0.565762 -0.299986
Z 0.028165 -0.438156 0.898458

PART 50
OFFSET 8.813202 -4.548356 -8.346135
SCALE 1.000000 1.000000 1.000000
X -0.309999 -0.901362 -0.302402
Y 0.948643 -0.314351 -0.035496
Z -0.063066 -0.297875 0.952519

PART 51
OFFSET 5.898256 -2.522440 -5.884498
SCALE 1.000000 1.000000 1.000000
X -0.889978 -0.379757 -0.252436
Y 0.455962 -0.733569 -0.503961
Z 0.006204 -0.563615 0.826014

PART 52
OFFSET 11.322254 7.928143 -11.763785
SCALE 1.000000 1.000000 1.000000
X -0.032495 -0.997501 -0.062743
Y -0.915700 0.054871 -0.398100
Z 0.400548 0.044517 -0.915194

PART 53
OFFSET 10.604982 6.973799 -13.138479
SCALE 1.000000 1.000000 1.000000
X -0.902116 0.403291 -0.153438
Y 0.393927 0.914865 0.088562
Z 0.176092 0.019450 -0.984182

PART 54
OFFSET 10.284049 6.973877 -15.235143
SCALE 1.000000 1.000000 1.000000
X -0.924938 -0.372909 0.073683
Y -0.379290 0.892619 -0.243662
Z 0.025093 -0.253319 -0.967057

PART 55
OFFSET 10.779365 7.654309 -14.258342
SCALE 1.000000 1.000000 1.000000
X -0.726796 -0.677527 0.112801
Y -0.685392 0.704700 -0.183400
Z 0.044768 -0.210608 -0.976545

PART 56
OFFSET 9.007610 8.161376 -11.331922
SCALE 1.000000 1.000000 1.000000
X 0.902142 0.333161 0.274123
Y -0.375543 0.293614 0.879067
Z 0.212384 -0.895988 0.389998

PART 57
OFFSET 10.131426 -2.879767 -5.807176
SCALE 1.000000 1.000000 1.000000
X 0.940570 -0.183415 0.285808
Y 0.168587 0.982762 0.075874
Z -0.294798 -0.023181 0.955278

PART 58
OFFSET 8.707725 -2.139361 -6.801266
SCALE 1.000000 1.000000 1.000000
X 0.965408 0.195213 0.172855
Y -0.210369 0.974816 0.074022
Z -0.154051 -0.107825 0.982162

PART 59
OFFSET 9.210720 -3.143459 -8.912799
SCALE 1.000000 1.000000 1.000000
X 0.662419 -0.672381 -0.330311
Y 0.748790 0.580909 0.319153
Z -0.022712 -0.458746 0.888277

PART 60
OFFSET 9.340981 -3.013809 -7.831320
SCALE 1.000000 1.000000 1.000000
X 0.822422 -0.556315 -0.118892
Y 0.563322 0.767270 0.306536
Z -0.079308 -0.319076 0.944405

PART 61
OFFSET 7.361492 -1.890004 -5.599560
SCALE 1.000000 1.000000 1.000000
X -0.956644 0.127894 0.261679
Y -0.249835 -0.822145 -0.511528
Z 0.149717 -0.554726 0.818452

PART 62
OFFSET 11.285532 6.801445 -11.834672
SCALE 1.000000 1.000000 1.000000
X 0.949860 0.287642 0.122592
Y -0.296668 0.952916 0.062764
Z -0.098766 -0.095986 0.990471

PART 63
OFFSET 9.584225 7.430086 -13.319259
SCALE 1.000000 1.000000 1.000000
X 0.429082 -0.894835 0.123119
Y 0.892831 0.440825 0.092335
Z -0.136899 0.070305 0.988087

PART 64
OFFSET 9.463954 6.643233 -15.169847
SCALE 1.000000 1.000000 1.000000
X -0.701172 0.698933 -0.140890
Y 0.712947 0.689527 -0.127511
Z 0.008026 -0.189854 -0.981780

PART 65
OFFSET 9.772048 6.715304 -14.102001
SCALE 1.000000 1.000000 1.000000
X -0.476516 0.855257 -0.203639
Y 0.877824 0.475640 -0.056488
Z 0.048547 -0.205677 -0.977415

PART 66
OFFSET 9.986558 8.485656 -11.002662
SCALE 1.000000 1.000000 1.000000
X 0.452180 0.881951 0.133026
Y -0.569827 0.400393 -0.717622
Z -0.686170 0.248693 0.683610

PART 67
OFFSET 9.069038 -2.672609 -6.130003
SCALE 1.000000 1.000000 1.000000
X -0.541198 -0.834062 0.106979
Y -0.798822 0.470205 -0.375222
Z 0.262656 -0.288527 -0.920741

PART 68
OFFSET 7.615264 -2.359070 -7.003913
SCALE 1.000000 1.000000 1.000000
X -0.596051 -0.765268 -0.243079
Y -0.791638 0.610710 0.018512
Z 0.134284 0.203465 -0.969830

PART 69
OFFSET 8.623353 -2.547287 -8.619949
SCALE 1.000000 1.000000 1.000000
X 0.958640 0.266947 0.098738
Y -0.283832 0.870776 0.401482
Z 0.021196 -0.412902 0.910529

PART 70
OFFSET 8.201170 -2.242809 -7.666573
SCALE 1.000000 1.000000 1.000000
X 0.815293 0.523302 0.247898
Y -0.572833 0.791454 0.213222
Z -0.084620 -0.315843 0.945031

PART 71
OFFSET 8.393420 -1.988956 -5.911244
SCALE 1.000000 1.000000 1.000000
X -0.853852 0.281248 -0.437991
Y 0.513419 0.593541 -0.619766
Z 0.085658 -0.754061 -0.651195

PART 72
OFFSET 8.797818 7.307266 -15.303698
SCALE 1.000000 1.000000 1.000000
X 0.087460 -0.939987 0.329812
Y 0.990447 0.046621 -0.129774
Z 0.106610 0.338011 0.935084

PART 73
OFFSET 9.255255 7.642865 -14.322815
SCALE 1.000000 1.000000 1.000000
X -0.108675 -0.982591 0.150683
Y 0.989366 -0.092169 0.112517
Z -0.096670 0.161309 0.982158

PART 74
OFFSET 7.712602 -2.800941 -8.713747
SCALE 1.000000 1.000000 1.000000
X -0.558120 -0.691173 -0.459111
Y -0.828475 0.433390 0.354688
Z -0.046176 0.578320 -0.814502

PART 75
OFFSET 7.316960 -2.810338 -7.935418
SCALE 1.000000 1.000000 1.000000
X -0.344860 -0.896861 -0.276968
Y -0.932523 0.361024 -0.007937
Z 0.107111 0.255542 -0.960846

PART 76
OFFSET 0.000000 0.000000 0.000000
SCALE 1.000000 1.000000 1.000000
X 1.000000 0.000000 0.000000
Y 0.000000 1.000000 0.000000
Z 0.000000 0.000000 1.000000

PART 77
OFFSET 0.000000 0.000000 0.000000
SCALE 1.000000 1.000000 1.000000
X 1.000000 0.000000 0.000000
Y 0.000000 1.000000 0.000000
Z 0.000000 0.000000 1.000000

PART 78
OFFSET 1.540400 0.000000 4.135700
SCALE 1.000000 1.000000 1.000000
X 1.000000 0.000000 0.000000
Y 0.000000 1.000000 0.000000
Z 0.000000 0.000000 1.000000

FRAME 2
PART 0
OFFSET -4.631834 0.000000 -1.376955
SCALE 1.000000 1.000000 1.000000
X 1.000000 0.000000 0.000000
Y 0.000000 1.000000 0.000000
Z 0.000000 0.000000 1.000000

PART 1
OFFSET -12.508820 11.385400 -9.651998
SCALE 1.000000 1.000000 1.000000
X 0.698293 -0.160381 -0.697613
Y 0.145987 -0.922184 0.358140
Z -0.700767 -0.351929 -0.620542

PART 2
OFFSET -16.150150 -9.236000 -8.043980
SCALE 1.000000 1.000000 1.000000
X -0.952210 0.037363 0.303152
Y 0.004998 -0.990452 0.137769
Z 0.305405 0.132700 0.942931

PART 3
OFFSET 10.725936 -3.475441 -6.066834
SCALE 1.000000 1.000000 1.000000
X 0.998159 0.034449 0.049920
Y -0.034491 0.999405 -0.000007
Z -0.049890 -0.001715 0.998753

PART 4
OFFSET -4.063870 9.445686 -18.088884
SCALE 1.000000 1.000000 1.000000
X 0.911859 -0.219893 0.346641
Y -0.339005 0.072814 0.937963
Z -0.231492 -0.972803 -0.008149

PART 5
OFFSET -4.634242 -9.687879 -11.710215
SCALE 1.000000 1.000000 1.000000
X -0.842354 -0.424919 -0.331486
Y 0.514633 -0.451641 -0.728816
Z 0.159975 -0.784515 0.599119

PART 6
OFFSET 10.725936 -3.475441 -6.066834
SCALE 1.000000 1.000000 1.000000
X 0.998159 0.034449 0.049920
Y -0.034491 0.999405 -0.000007
Z -0.049890 -0.001715 0.998753

PART 7
OFFSET 5.569363 8.422892 -15.511688
SCALE 1.000000 1.000000 1.000000
X 0.914475 -0.217762 0.341050
Y 0.233901 0.972240 -0.006389
Z -0.330191 0.085614 0.940023

PART 8
OFFSET 4.866475 6.447244 -16.020180
SCALE 1.000000 1.000000 1.000000
X 0.914475 -0.217762 0.341050
Y 0.233901 0.972240 -0.006389
Z -0.330191 0.085614 0.940023

PART 9
OFFSET 5.201525 8.264430 -13.133426
SCALE 1.000000 1.000000 1.000000
X 0.914475 -0.217762 0.341050
Y 0.233901 0.972240 -0.006389
Z -0.330191 0.085614 0.940023

PART 10
OFFSET 4.735783 6.846208 -13.095646
SCALE 1.000000 1.000000 1.000000
X 0.914475 -0.217762 0.341050
Y 0.233901 0.972240 -0.006389
Z -0.330191 0.085614 0.940023

PART 11
OFFSET 4.431318 6.071029 -13.896008
SCALE 1.000000 1.000000 1.000000
X 0.914475 -0.217762 0.341050
Y 0.233901 0.972240 -0.006389
Z -0.330191 0.085614 0.940023

PART 12
OFFSET 6.487553 6.901182 -14.077756
SCALE 1.000000 1.000000 1.000000
X 0.784919 0.571640 0.239016
Y -0.294772 0.005212 0.955553
Z 0.544987 -0.820488 0.172595

PART 13
OFFSET 3.692031 7.575319 -15.140483
SCALE 1.000000 1.000000 1.000000
X 0.911859 -0.219893 0.346641
Y -0.382277 -0.147153 0.912256
Z -0.149589 -0.964361 -0.218243

PART 14
OFFSET 3.616789 -5.417226 -6.703053
SCALE 1.000000 1.000000 1.000000
X -0.845889 -0.419874 -0.328904
Y -0.165143 0.792543 -0.587029
Z 0.507149 -0.442245 -0.739742

PART 15
OFFSET 3.199085 -4.195432 -7.503507
SCALE 1.000000 1.000000 1.000000
X -0.845889 -0.419874 -0.328904
Y -0.165143 0.792543 -0.587029
Z 0.507149 -0.442245 -0.739742

PART 16
OFFSET 3.214469 -4.168703 -8.731988
SCALE 1.000000 1.000000 1.000000
X -0.845889 -0.419874 -0.328904
Y -0.165143 0.792543 -0.587029
Z 0.507149 -0.442245 -0.739742

PART 17
OFFSET 5.112843 -4.771057 -7.874469
SCALE 1.000000 1.000000 1.000000
X -0.971018 -0.019172 -0.238236
Y 0.236852 0.056360 -0.969910
Z 0.032022 -0.998226 -0.050186

PART 18
OFFSET 2.530406 -6.073772 -8.890711
SCALE 1.000000 1.000000 1.000000
X -0.842354 -0.424919 -0.331486
Y 0.359055 0.016198 -0.933176
Z 0.401893 -0.905086 0.138925

PART 19
OFFSET 7.233170 -3.448518 -3.617829
SCALE 1.000000 1.000000 1.000000
X 0.996934 0.034406 0.070270
Y -0.034491 0.999405 -0.000007
Z -0.070228 -0.002417 0.997528

PART 20
OFFSET 14.782415 -3.717241 -4.294364
SCALE 1.000000 1.000000 1.000000
X 0.998159 0.034449 0.049920
Y -0.034491 0.999405 -0.000007
Z -0.049890 -0.001715 0.998753

PART 21
OFFSET 6.697083 -3.595523 -3.302962
SCALE 1.000000 1.000000 1.000000
X 0.996930 0.034405 0.070330
Y -0.034499 0.999405 0.000115
Z -0.070285 -0.002541 0.997524

PART 22
OFFSET 13.682346 -3.321525 -3.268985
SCALE 1.000000 1.000000 1.000000
X 0.998159 0.034449 0.049920
Y -0.034491 0.999405 -0.000007
Z -0.049890 -0.001715 0.998753

PART 23
OFFSET 11.462725 -3.004907 -3.395809
SCALE 1.000000 1.000000 1.000000
X 0.998159 0.034449 0.049920
Y -0.034491 0.999405 -0.000007
Z -0.049890 -0.001715 0.998753

PART 24
OFFSET 12.035801 -3.772134 -2.230746
SCALE 1.000000 1.000000 1.000000
X -0.008036 -0.760769 0.648973
Y 0.998244 0.031990 0.049862
Z -0.058694 0.648234 0.759175

PART 25
OFFSET 21.969578 -3.087381 -2.880365
SCALE 1.000000 1.000000 1.000000
X 0.998159 0.034449 0.049920
Y -0.034491 0.999405 -0.000007
Z -0.049890 -0.001715 0.998753

PART 26
OFFSET 5.405222 -3.698576 -3.683692
SCALE 1.000000 1.000000 1.000000
X -0.997621 -0.034430 -0.059732
Y 0.034495 -0.999405 -0.000054
Z -0.059695 -0.002114 0.998214

PART 27
OFFSET 10.376130 -1.831002 -2.961838
SCALE 1.000000 1.000000 1.000000
X 0.998159 0.034449 0.049920
Y -0.034491 0.999405 -0.000007
Z -0.049890 -0.001715 0.998753

PART 28
OFFSET 9.480066 -2.754972 -3.065380
SCALE 1.000000 1.000000 1.000000
X 0.998159 0.034449 0.049920
Y -0.034491 0.999405 -0.000007
Z -0.049890 -0.001715 0.998753

PART 29
OFFSET 9.121230 9.437504 -12.489865
SCALE 1.000000 1.000000 1.000000
X 0.892877 -0.302196 0.333838
Y -0.259635 -0.951220 -0.166647
Z 0.367914 0.062119 -0.927783

PART 30
OFFSET 9.455029 9.223679 -13.520996
SCALE 1.000000 1.000000 1.000000
X 0.851317 -0.468254 0.236637
Y -0.458646 -0.883230 -0.097717
Z 0.254761 -0.025344 -0.966672

PART 31
OFFSET 7.577539 7.213526 -14.863799
SCALE 1.000000 1.000000 1.000000
X 0.835262 0.430465 -0.342108
Y 0.496324 -0.858018 0.132163
Z -0.236643 -0.280187 -0.930320

PART 32
OFFSET 7.478183 7.457258 -14.200284
SCALE 1.000000 1.000000 1.000000
X 0.840805 0.537426 -0.064958
Y 0.541171 -0.831489 0.125537
Z 0.013455 -0.140705 -0.989960

PART 33
OFFSET 6.779970 6.826487 -12.977215
SCALE 1.000000 1.000000 1.000000
X 0.398005 0.343754 0.850544
Y -0.913914 0.068020 0.400168
Z 0.079705 -0.936593 0.341234

PART 34
OFFSET 8.731326 8.231896 -11.731169
SCALE 1.000000 1.000000 1.000000
X 0.947089 0.308653 0.088064
Y -0.304431 0.950752 -0.058242
Z -0.101704 0.028351 0.994411

PART 35
OFFSET 9.604964 7.197889 -13.681689
SCALE 1.000000 1.000000 1.000000
X -0.003174 -0.207910 -0.978143
Y -0.545008 0.820467 -0.172627
Z 0.838425 0.532548 -0.115917

PART 36
OFFSET 8.729644 -5.109847 -6.233273
SCALE 1.000000 1.000000 1.000000
X -0.795198 -0.556961 -0.239697
Y 0.533274 -0.830538 0.160700
Z -0.288581 -0.000036 0.957455

PART 37
OFFSET 8.877320 -4.871669 -7.301908
SCALE 1.000000 1.000000 1.000000
X -0.447186 -0.855056 -0.262497
Y 0.870780 -0.483241 0.090661
Z -0.204369 -0.188035 0.960664

PART 38
OFFSET 6.181660 -4.492734 -8.701318
SCALE 1.000000 1.000000 1.000000
X -0.929988 -0.090787 0.356203
Y 0.093441 -0.995577 -0.009788
Z 0.355516 0.024181 0.934358

PART 39
OFFSET 6.242279 -4.665376 -8.011333
SCALE 1.000000 1.000000 1.000000
X -0.996613 -0.041596 0.070938
Y 0.041518 -0.999134 -0.002572
Z 0.070983 0.000382 0.997477

PART 40
OFFSET 5.307935 -4.406973 -6.810740
SCALE 1.000000 1.000000 1.000000
X -0.326299 -0.840513 -0.432511
Y 0.905519 -0.146652 -0.398156
Z 0.271226 -0.521565 0.808954

PART 41
OFFSET 0.888415 -5.433561 -8.072766
SCALE 1.000000 1.000000 1.000000
X -0.950524 -0.306510 -0.050555
Y -0.303516 0.950990 -0.059120
Z 0.066198 -0.040851 -0.996970

PART 42
OFFSET 10.693264 8.905454 -11.902099
SCALE 1.000000 1.000000 1.000000
X 0.553949 -0.829642 0.069523
Y -0.755341 -0.535942 -0.377130
Z 0.350143 0.156397 -0.923547

PART 43
OFFSET 11.118068 8.308953 -13.058711
SCALE 1.000000 1.000000 1.000000
X -0.340224 -0.938847 -0.053041
Y -0.917352 0.343774 -0.200712
Z 0.206673 -0.019630 -0.978213

PART 44
OFFSET 9.549529 8.116285 -15.480747
SCALE 1.000000 1.000000 1.000000
X 0.527896 -0.830762 0.176521
Y -0.848942 -0.510035 0.138430
Z -0.024971 -0.222932 -0.974514

PART 45
OFFSET 9.650379 8.849535 -14.518712
SCALE 1.000000 1.000000 1.000000
X 0.672575 -0.723536 0.155369
Y -0.739831 -0.662269 0.118533
Z 0.017133 -0.194669 -0.980719

PART 46
OFFSET 7.552069 7.522933 -11.082857
SCALE 1.000000 1.000000 1.000000
X 0.886658 0.442766 -0.133402
Y 0.000459 0.287640 0.957738
Z 0.462426 -0.849247 0.254836

PART 47
OFFSET 10.129749 -4.129230 -5.811302
SCALE 1.000000 1.000000 1.000000
X -0.023486 -0.998837 0.042116
Y 0.949357 -0.009080 0.314070
Z -0.313322 0.047359 0.948465

PART 48
OFFSET 9.750937 -3.201295 -6.789067
SCALE 1.000000 1.000000 1.000000
X 0.708195 -0.705982 0.006975
Y 0.684825 0.689307 0.236370
Z -0.171681 -0.162620 0.971638

PART 49
OFFSET 8.311519 -4.163110 -9.364374
SCALE 1.000000 1.000000 1.000000
X -0.640591 -0.697787 -0.320525
Y 0.767388 -0.566770 -0.299812
Z 0.027541 -0.438024 0.898541

PART 50
OFFSET 8.819190 -4.579517 -8.343689
SCALE 1.000000 1.000000 1.000000
X -0.311089 -0.901033 -0.302263
Y 0.948256 -0.315534 -0.035353
Z -0.063520 -0.297620 0.952569

PART 51
OFFSET 5.906539 -2.549531 -5.882688
SCALE 1.000000 1.000000 1.000000
X -0.890426 -0.378700 -0.252445
Y 0.455096 -0.734227 -0.503784
Z 0.005431 -0.563469 0.826119

PART 52
OFFSET 11.345403 7.887369 -11.761468
SCALE 1.000000 1.000000 1.000000
X -0.035263 -0.997282 -0.064699
Y -0.916515 0.058082 -0.395761
Z 0.398443 0.045342 -0.916072

PART 53
OFFSET 10.621115 6.937653 -13.136218
SCALE 1.000000 1.000000 1.000000
X -0.900204 0.408688 -0.150357
Y 0.399236 0.912436 0.089841
Z 0.173908 0.020847 -0.984541

PART 54
OFFSET 10.296923 6.940110 -15.230813
SCALE 1.000000 1.000000 1.000000
X -0.926690 -0.368382 0.074429
Y -0.375154 0.894876 -0.241778
Z 0.022462 -0.251976 -0.967473

PART 55
OFFSET 10.795441 7.617733 -14.254172
SCALE 1.000000 1.000000 1.000000
X -0.729777 -0.674303 0.112873
Y -0.682382 0.708202 -0.181124
Z 0.042195 -0.209203 -0.976962

PART 56
OFFSET 9.035208 8.125430 -11.326829
SCALE 1.000000 1.000000 1.000000
X 0.903082 0.332065 0.272351
Y -0.373161 0.292805 0.880350
Z 0.212588 -0.896659 0.388341

PART 57
OFFSET 10.139256 -2.912094 -5.804921
SCALE 1.000000 1.000000 1.000000
X 0.940317 -0.184528 0.285926
Y 0.169799 0.982566 0.075707
Z -0.294912 -0.022638 0.955256

PART 58
OFFSET 8.716562 -2.170107 -6.799276
SCALE 1.000000 1.000000 1.000000
X 0.965634 0.194048 0.172905
Y -0.209166 0.975090 0.073823
Z -0.154273 -0.107451 0.982168

PART 59
OFFSET 9.218501 -3.175218 -8.910578
SCALE 1.000000 1.000000 1.000000
X 0.661614 -0.673263 -0.330127
Y 0.749481 0.580039 0.319113
Z -0.023360 -0.458553 0.888360

PART 60
OFFSET 9.348825 -3.045530 -7.829111
SCALE 1.000000 1.000000 1.000000
X 0.821742 -0.557357 -0.118715
Y 0.564246 0.766628 0.306444
Z -0.079788 -0.318803 0.944457

PART 61
OFFSET 7.370533 -1.918858 -5.597737
SCALE 1.000000 1.000000 1.000000
X -0.956508 0.129129 0.261570
Y -0.250809 -0.821929 -0.511398
Z 0.148955 -0.554760 0.818568

PART 62
OFFSET 11.305555 6.760919 -11.834564
SCALE 1.000000 1.000000 1.000000
X 0.950905 0.284903 0.120871
Y -0.294015 0.953559 0.065429
Z -0.096616 -0.097755 0.990510

PART 63
OFFSET 9.602505 7.400063 -13.313511
SCALE 1.000000 1.000000 1.000000
X 0.424362 -0.897511 0.119962
Y 0.895492 0.435612 0.091307
Z -0.134205 0.068678 0.988571

PART 64
OFFSET 9.475274 6.613480 -15.164855
SCALE 1.000000 1.000000 1.000000
X -0.696659 0.703800 -0.139039
Y 0.717380 0.684959 -0.127265
Z 0.005667 -0.188404 -0.982075

PART 65
OFFSET 9.783992 6.683197 -14.097730
SCALE 1.000000 1.000000 1.000000
X -0.471036 0.858780 -0.201551
Y 0.880913 0.469872 -0.056685
Z 0.046024 -0.204250 -0.977836

PART 66
OFFSET 10.015222 8.448480 -10.999538
