// Export time: Sun Jun 19 04:30:26 2022

ANIMATION
VERSION 3

NUMPARTS 79
PART 0 "tag_cambone"
PART 1 "tag_camera"
PART 2 "tag_gasmask"
PART 3 "tag_torso"
PART 4 "j_shoulder_le"
PART 5 "j_shoulder_ri"
PART 6 "tag_weapon"
PART 7 "j_elbow_le"
PART 8 "j_elbow_ri"
PART 9 "j_gun"
PART 10 "j_sleave_reshape_bottom_le_1"
PART 11 "j_sleave_reshape_bottom_le_2"
PART 12 "j_sleave_reshape_top_le_1"
PART 13 "j_sleave_reshape_top_le_2"
PART 14 "j_sleave_reshape_top_le_3"
PART 15 "j_wrist_le"
PART 16 "j_wristtwist_le"
PART 17 "j_sleave_reshape_top_ri_1"
PART 18 "j_sleave_reshape_top_ri_2"
PART 19 "j_sleave_reshape_top_ri_3"
PART 20 "j_wrist_ri"
PART 21 "j_wristtwist_ri"
PART 22 "j_arrow"
PART 23 "j_clip_release"
PART 24 "j_gear"
PART 25 "tag_battery_1"
PART 26 "tag_battery_2"
PART 27 "tag_brass"
PART 28 "tag_flash"
PART 29 "tag_fx"
PART 30 "tag_knob"
PART 31 "tag_switch"
PART 32 "j_index_le_0"
PART 33 "j_mid_le_0"
PART 34 "j_pinkypalm_le"
PART 35 "j_ringpalm_le"
PART 36 "j_thumb_le_0"
PART 37 "j_webbing_le"
PART 38 "tag_knife_attach"
PART 39 "j_index_ri_0"
PART 40 "j_mid_ri_0"
PART 41 "j_pinkypalm_ri"
PART 42 "j_ringpalm_ri"
PART 43 "j_thumb_ri_0"
PART 44 "j_webbing_ri"
PART 45 "j_index_le_1"
PART 46 "j_mid_le_1"
PART 47 "j_pinky_le_0"
PART 48 "j_ring_le_0"
PART 49 "j_thumb_le_1"
PART 50 "j_index_ri_1"
PART 51 "j_mid_ri_1"
PART 52 "j_pinky_ri_0"
PART 53 "j_ring_ri_0"
PART 54 "j_thumb_ri_1"
PART 55 "j_index_le_2"
PART 56 "j_mid_le_2"
PART 57 "j_pinky_le_1"
PART 58 "j_ring_le_1"
PART 59 "j_thumb_le_2"
PART 60 "j_index_ri_2"
PART 61 "j_mid_ri_2"
PART 62 "j_pinky_ri_1"
PART 63 "j_ring_ri_1"
PART 64 "j_thumb_ri_2"
PART 65 "j_index_le_3"
PART 66 "j_mid_le_3"
PART 67 "j_pinky_le_2"
PART 68 "j_ring_le_2"
PART 69 "j_thumb_le_3"
PART 70 "j_index_ri_3"
PART 71 "j_mid_ri_3"
PART 72 "j_pinky_ri_2"
PART 73 "j_ring_ri_2"
PART 74 "j_thumb_ri_3"
PART 75 "j_pinky_le_3"
PART 76 "j_ring_le_3"
PART 77 "j_pinky_ri_3"
PART 78 "j_ring_ri_3"

FRAMERATE 30
NUMFRAMES 114
FRAME 0
PART 0
OFFSET 0.000000 0.000000 0.000000
SCALE 1.000000 1.000000 1.000000
X 1.000000 0.000000 0.000000
Y 0.000000 1.000000 0.000000
Z 0.000000 0.000000 1.000000

PART 1
OFFSET 0.000000 0.000000 0.000000
SCALE 1.000000 1.000000 1.000000
X 1.000000 0.000000 0.000000
Y 0.000000 1.000000 0.000000
Z 0.000000 0.000000 1.000000

PART 2
OFFSET 1.540442 0.000000 4.135746
SCALE 1.000000 1.000000 1.000000
X 1.000000 0.000000 0.000000
Y 0.000000 1.000000 0.000000
Z 0.000000 0.000000 1.000000

PART 3
OFFSET -4.631834 0.000000 -1.376955
SCALE 1.000000 1.000000 1.000000
X 1.000000 0.000000 0.000000
Y 0.000000 1.000000 0.000000
Z 0.000000 0.000000 1.000000

PART 4
OFFSET -12.508885 11.385385 -9.652125
SCALE 1.000000 1.000000 1.000000
X 0.695369 -0.157757 -0.701124
Y 0.149962 -0.922279 0.356249
Z -0.702833 -0.352866 -0.617667

PART 5
OFFSET -16.150133 -9.240145 -8.044055
SCALE 1.000000 1.000000 1.000000
X -0.952210 0.034905 0.303444
Y 0.007473 -0.990490 0.137384
Z 0.305353 0.133086 0.942893

PART 6
OFFSET 10.725813 -3.475417 -6.067084
SCALE 1.000000 1.000000 1.000000
X 0.998159 0.034449 0.049920
Y -0.034491 0.999405 -0.000007
Z -0.049890 -0.001715 0.998753

PART 7
OFFSET -4.099164 9.477498 -18.131503
SCALE 1.000000 1.000000 1.000000
X 0.911842 -0.217622 0.348117
Y -0.340645 0.072219 0.937414
Z -0.229142 -0.973358 -0.008280

PART 8
OFFSET -4.634192 -9.662347 -11.713809
SCALE 1.000000 1.000000 1.000000
X -0.841365 -0.426926 -0.331420
Y 0.515585 -0.450095 -0.729099
Z 0.162100 -0.784314 0.598811

PART 9
OFFSET 10.725813 -3.475417 -6.067084
SCALE 1.000000 1.000000 1.000000
X 0.998159 0.034449 0.049920
Y -0.034491 0.999405 -0.000007
Z -0.049890 -0.001715 0.998753

PART 10
OFFSET 5.530388 8.462696 -15.544328
SCALE 1.000000 1.000000 1.000000
X 0.914481 -0.215402 0.342531
Y 0.231467 0.972823 -0.006203
Z -0.331886 0.084957 0.939486

PART 11
OFFSET 4.835629 6.511265 -16.044099
SCALE 1.000000 1.000000 1.000000
X 0.914481 -0.215402 0.342531
Y 0.231467 0.972823 -0.006203
Z -0.331886 0.084957 0.939486

PART 12
OFFSET 5.157504 8.310642 -13.155572
SCALE 1.000000 1.000000 1.000000
X 0.914481 -0.215402 0.342531
Y 0.231467 0.972823 -0.006203
Z -0.331886 0.084957 0.939486

PART 13
OFFSET 4.696751 6.902626 -13.117654
SCALE 1.000000 1.000000 1.000000
X 0.914481 -0.215402 0.342531
Y 0.231467 0.972823 -0.006203
Z -0.331886 0.084957 0.939486

PART 14
OFFSET 4.400041 6.130939 -13.928149
SCALE 1.000000 1.000000 1.000000
X 0.914481 -0.215402 0.342531
Y 0.231467 0.972823 -0.006203
Z -0.331886 0.084957 0.939486

PART 15
OFFSET 6.451909 6.959422 -14.103295
SCALE 1.000000 1.000000 1.000000
X 0.782263 0.574479 0.240910
Y -0.299218 0.007313 0.954157
Z 0.546381 -0.818486 0.177615

PART 16
OFFSET 3.656507 7.626545 -15.170540
SCALE 1.000000 1.000000 1.000000
X 0.911830 -0.217681 0.348111
Y -0.382574 -0.142763 0.912829
Z -0.149008 -0.965523 -0.213454

PART 17
OFFSET 3.607996 -5.373712 -6.707876
SCALE 1.000000 1.000000 1.000000
X -0.844954 -0.421769 -0.328881
Y -0.167176 0.792380 -0.586674
Z 0.508040 -0.440732 -0.740034

PART 18
OFFSET 3.191105 -4.152498 -7.518233
SCALE 1.000000 1.000000 1.000000
X -0.844954 -0.421769 -0.328881
Y -0.167176 0.792380 -0.586674
Z 0.508040 -0.440732 -0.740034

PART 19
OFFSET 3.203015 -4.118038 -8.748498
SCALE 1.000000 1.000000 1.000000
X -0.844954 -0.421769 -0.328881
Y -0.167176 0.792380 -0.586674
Z 0.508040 -0.440732 -0.740034

PART 20
OFFSET 5.101386 -4.722310 -7.878944
SCALE 1.000000 1.000000 1.000000
X -0.971010 -0.021492 -0.238070
Y 0.236537 0.057307 -0.969931
Z 0.034489 -0.998125 -0.050562

PART 21
OFFSET 2.522037 -6.031163 -8.894987
SCALE 1.000000 1.000000 1.000000
X -0.841393 -0.426912 -0.331367
Y 0.358730 0.017394 -0.933279
Z 0.404192 -0.904126 0.138510

PART 22
OFFSET 7.233047 -3.448494 -3.618079
SCALE 1.000000 1.000000 1.000000
X 0.988461 0.034115 0.147585
Y -0.034491 0.999405 -0.000007
Z -0.147498 -0.005084 0.989049

PART 23
OFFSET 14.782292 -3.717218 -4.294614
SCALE 1.000000 1.000000 1.000000
X 0.998159 0.034449 0.049920
Y -0.034491 0.999405 -0.000007
Z -0.049890 -0.001715 0.998753

PART 24
OFFSET 6.696960 -3.595499 -3.303213
SCALE 1.000000 1.000000 1.000000
X 0.996935 0.034405 0.070270
Y -0.034499 0.999405 0.000115
Z -0.070224 -0.002539 0.997528

PART 25
OFFSET 13.682156 -3.321497 -3.269145
SCALE 1.000000 1.000000 1.000000
X 0.998159 0.034449 0.049920
Y -0.034491 0.999405 -0.000007
Z -0.049890 -0.001715 0.998753

PART 26
OFFSET 11.462596 -3.004798 -3.395853
SCALE 1.000000 1.000000 1.000000
X 0.998159 0.034449 0.049920
Y -0.034491 0.999405 -0.000007
Z -0.049890 -0.001715 0.998753

PART 27
OFFSET 12.035678 -3.772111 -2.230996
SCALE 1.000000 1.000000 1.000000
X -0.796834 0.398347 0.454286
Y -0.010533 -0.760927 0.648752
Z 0.604107 0.512162 0.610528

PART 28
OFFSET 21.969455 -3.087357 -2.880615
SCALE 1.000000 1.000000 1.000000
X 0.998159 0.034449 0.049920
Y -0.034491 0.999405 -0.000007
Z -0.049890 -0.001715 0.998753

PART 29
OFFSET 5.405099 -3.698552 -3.683942
SCALE 1.000000 1.000000 1.000000
X -0.997617 -0.034430 -0.059793
Y 0.034495 -0.999405 -0.000054
Z -0.059755 -0.002117 0.998211

PART 30
OFFSET 10.376007 -1.830978 -2.962088
SCALE 1.000000 1.000000 1.000000
X 0.998159 0.034449 0.049920
Y -0.034491 0.999405 -0.000007
Z -0.049890 -0.001715 0.998753

PART 31
OFFSET 9.479943 -2.754949 -3.065630
SCALE 1.000000 1.000000 1.000000
X 0.998159 0.034449 0.049920
Y -0.034491 0.999405 -0.000007
Z -0.049890 -0.001715 0.998753

PART 32
OFFSET 9.071364 9.507585 -12.510974
SCALE 1.000000 1.000000 1.000000
X 0.928134 -0.038509 0.370250
Y -0.013329 -0.997435 -0.070329
Z 0.372008 0.060340 -0.926266

PART 33
OFFSET 9.410548 9.291580 -13.539919
SCALE 1.000000 1.000000 1.000000
X 0.965110 -0.030364 0.260078
Y -0.036472 -0.999160 0.018690
Z 0.259292 -0.027523 -0.965407

PART 34
OFFSET 7.544713 7.272311 -14.885236
SCALE 1.000000 1.000000 1.000000
X 0.835682 0.431679 -0.339542
Y 0.498008 -0.856271 0.137073
Z -0.231568 -0.283644 -0.930549

PART 35
OFFSET 7.441578 7.517817 -14.222912
SCALE 1.000000 1.000000 1.000000
X 0.839651 0.539495 -0.062697
Y 0.542813 -0.829641 0.130574
Z 0.018428 -0.143669 -0.989454

PART 36
OFFSET 6.739397 6.888835 -13.001197
SCALE 1.000000 1.000000 1.000000
X 0.607286 0.009670 0.794425
Y -0.793841 0.047601 0.606260
Z -0.031953 -0.998820 0.036584

PART 37
OFFSET 8.681143 8.303310 -11.750508
SCALE 1.000000 1.000000 1.000000
X 0.945847 0.311476 0.091415
Y -0.306722 0.949746 -0.062475
Z -0.106280 0.031052 0.993851

PART 38
OFFSET 9.566640 7.265723 -13.693693
SCALE 1.000000 1.000000 1.000000
X 0.001925 -0.210882 -0.977510
Y -0.546402 0.818466 -0.177647
Z 0.837521 0.534455 -0.113651

PART 39
OFFSET 8.719406 -5.052753 -6.238523
SCALE 1.000000 1.000000 1.000000
X -0.793857 -0.558843 -0.239761
Y 0.535362 -0.829273 0.160297
Z -0.288409 -0.001106 0.957507

PART 40
OFFSET 8.866255 -4.813808 -7.307115
SCALE 1.000000 1.000000 1.000000
X -0.445269 -0.855962 -0.262801
Y 0.871920 -0.481267 0.090212
Z -0.203696 -0.188973 0.960623

PART 41
OFFSET 6.169362 -4.441045 -8.705871
SCALE 1.000000 1.000000 1.000000
X -0.929709 -0.093305 0.356279
Y 0.095942 -0.995334 -0.010305
Z 0.355578 0.024602 0.934323

PART 42
OFFSET 6.230541 -4.613794 -8.015939
SCALE 1.000000 1.000000 1.000000
X -0.996494 -0.044095 0.071100
Y 0.043996 -0.999027 -0.002950
Z 0.071161 0.000188 0.997465

PART 43
OFFSET 5.295737 -4.358127 -6.815106
SCALE 1.000000 1.000000 1.000000
X -0.324392 -0.841096 -0.432814
Y 0.905802 -0.144365 -0.398349
Z 0.272567 -0.521265 0.808697

PART 44
OFFSET 0.878573 -5.395264 -8.076641
SCALE 1.000000 1.000000 1.000000
X -0.949780 -0.308809 -0.050542
Y -0.305843 0.950270 -0.058713
Z 0.066160 -0.040307 -0.996995

PART 45
OFFSET 10.705458 9.439775 -11.859090
SCALE 1.000000 1.000000 1.000000
X 0.854310 -0.466703 0.228786
Y -0.404991 -0.873607 -0.269803
Z 0.325787 0.137839 -0.935341

PART 46
OFFSET 11.295936 9.232249 -13.031851
SCALE 1.000000 1.000000 1.000000
X 0.591197 -0.788626 0.168980
Y -0.777330 -0.613012 -0.141331
Z 0.215045 -0.047799 -0.975434

PART 47
OFFSET 9.517155 8.178544 -15.495802
SCALE 1.000000 1.000000 1.000000
X 0.988428 0.142108 -0.053063
Y 0.150393 -0.963731 0.220465
Z -0.019809 -0.225894 -0.973951

PART 48
OFFSET 9.611562 8.914962 -14.535467
SCALE 1.000000 1.000000 1.000000
X 0.997376 0.071940 0.008095
Y 0.068902 -0.977622 0.198767
Z 0.022214 -0.197687 -0.980013

PART 49
OFFSET 7.968839 6.858872 -11.224357
SCALE 1.000000 1.000000 1.000000
X 0.920041 0.346971 0.182034
Y -0.148935 -0.120028 0.981535
Z 0.362414 -0.930164 -0.058755

PART 50
OFFSET 10.117146 -4.068858 -5.816406
SCALE 1.000000 1.000000 1.000000
X -0.021001 -0.998907 0.041750
Y 0.949432 -0.006841 0.313897
Z -0.313268 0.046230 0.948539

PART 51
OFFSET 9.736111 -3.141655 -6.793685
SCALE 1.000000 1.000000 1.000000
X 0.709752 -0.704423 0.006354
Y 0.683396 0.690699 0.236442
Z -0.170943 -0.163473 0.971625

PART 52
OFFSET 8.298309 -4.105755 -9.369026
SCALE 1.000000 1.000000 1.000000
X -0.638834 -0.699323 -0.320685
Y 0.768803 -0.564646 -0.300194
Z 0.028859 -0.438318 0.898357

PART 53
OFFSET 8.807176 -4.521444 -8.348724
SCALE 1.000000 1.000000 1.000000
X -0.308908 -0.901690 -0.302541
Y 0.949029 -0.313167 -0.035639
Z -0.062611 -0.298130 0.952470

PART 54
OFFSET 5.890193 -2.499698 -5.886325
SCALE 1.000000 1.000000 1.000000
X -0.889576 -0.380688 -0.252451
Y 0.456736 -0.732919 -0.504204
Z 0.006918 -0.563831 0.825861

PART 55
OFFSET 11.724252 8.864015 -11.524115
SCALE 1.000000 1.000000 1.000000
X 0.657003 -0.710291 0.252652
Y -0.627981 -0.701053 -0.337883
Z 0.417118 0.063329 -0.906643

PART 56
OFFSET 12.159462 8.080346 -12.785004
SCALE 1.000000 1.000000 1.000000
X 0.060894 -0.996002 0.065367
Y -0.984617 -0.070685 -0.159791
Z 0.163773 -0.054631 -0.984984

PART 57
OFFSET 10.916554 8.379751 -15.570918
SCALE 1.000000 1.000000 1.000000
X 0.671918 -0.722755 0.161717
Y -0.740156 -0.663065 0.111864
Z 0.026379 -0.194859 -0.980476

PART 58
OFFSET 11.309601 9.037440 -14.521670
SCALE 1.000000 1.000000 1.000000
X 0.580879 -0.793812 0.180118
Y -0.812494 -0.578847 0.069205
Z 0.049325 -0.186545 -0.981207

PART 59
OFFSET 9.503584 7.322003 -10.995639
SCALE 1.000000 1.000000 1.000000
X 0.969620 0.086699 -0.228738
Y 0.227063 0.028842 0.973453
Z 0.090994 -0.995817 0.008279

PART 60
OFFSET 10.123643 -2.851675 -5.809545
SCALE 1.000000 1.000000 1.000000
X 0.940823 -0.182301 0.285690
Y 0.167375 0.982957 0.076041
Z -0.294683 -0.023723 0.955300

PART 61
OFFSET 8.699462 -2.112731 -6.802989
SCALE 1.000000 1.000000 1.000000
X 0.965259 0.196080 0.172705
Y -0.211288 0.974588 0.074406
Z -0.153727 -0.108312 0.982159

PART 62
OFFSET 9.202790 -3.115694 -8.914994
SCALE 1.000000 1.000000 1.000000
X 0.663201 -0.671496 -0.330541
Y 0.748115 0.581710 0.319277
Z -0.022114 -0.459027 0.888147

PART 63
OFFSET 9.333126 -2.986320 -7.833627
SCALE 1.000000 1.000000 1.000000
X 0.823101 -0.555273 -0.119068
Y 0.562398 0.767912 0.306628
Z -0.078828 -0.319349 0.944353

PART 64
OFFSET 7.352736 -1.865680 -5.601327
SCALE 1.000000 1.000000 1.000000
X -0.956755 0.126702 0.261854
Y -0.248975 -0.822193 -0.511869
Z 0.150440 -0.554928 0.818182

PART 65
OFFSET 12.466356 8.061712 -11.238745
SCALE 1.000000 1.000000 1.000000
X 0.470252 0.881945 -0.032181
Y -0.864401 0.452931 -0.218324
Z -0.177974 0.130485 0.975346

PART 66
OFFSET 12.230272 6.951955 -12.717824
SCALE 1.000000 1.000000 1.000000
X 0.571765 0.812315 0.115022
Y -0.778261 0.581391 -0.237265
Z -0.259607 0.046143 0.964611

PART 67
OFFSET 11.512304 7.738918 -15.427533
SCALE 1.000000 1.000000 1.000000
X 0.036714 -0.972289 0.230880
Y -0.998907 -0.029018 0.036641
Z -0.028926 -0.231972 -0.972292

PART 68
OFFSET 12.114655 7.937281 -14.272026
SCALE 1.000000 1.000000 1.000000
X -0.011309 -0.983260 0.181855
Y -0.998930 0.002951 -0.046160
Z 0.044850 -0.182183 -0.982241

PART 69
OFFSET 10.560166 7.370674 -11.226042
SCALE 1.000000 1.000000 1.000000
X 0.704121 0.709590 0.026387
Y -0.696959 0.697743 -0.165538
Z -0.135875 0.098168 0.985850

PART 70
OFFSET 9.060958 -2.645788 -6.132243
SCALE 1.000000 1.000000 1.000000
X -0.540154 -0.834753 0.106873
Y -0.799438 0.469283 -0.375063
Z 0.262931 -0.288030 -0.920818

PART 71
OFFSET 7.607161 -2.333405 -7.005465
SCALE 1.000000 1.000000 1.000000
X -0.595416 -0.765796 -0.242972
Y -0.792240 0.609911 0.019117
Z 0.133551 0.203875 -0.969845

PART 72
OFFSET 8.614737 -2.520343 -8.621941
SCALE 1.000000 1.000000 1.000000
X 0.958298 0.268206 0.098642
Y -0.284931 0.870316 0.401702
Z 0.021889 -0.413057 0.910442

PART 73
OFFSET 8.192382 -2.216756 -7.668625
SCALE 1.000000 1.000000 1.000000
X 0.814662 0.524255 0.247955
Y -0.573799 0.790687 0.213468
Z -0.084143 -0.316180 0.944960

PART 74
OFFSET 8.384718 -1.963321 -5.913199
SCALE 1.000000 1.000000 1.000000
X -0.854194 0.280464 -0.437828
Y 0.512715 0.594365 -0.619559
Z 0.086466 -0.753704 -0.651501

PART 75
OFFSET 11.547179 6.815233 -15.208196
SCALE 1.000000 1.000000 1.000000
X 0.603105 0.795490 -0.058828
Y -0.781420 0.574408 -0.243801
Z -0.160150 0.193007 0.968039

PART 76
OFFSET 12.102397 6.870891 -14.074823
SCALE 1.000000 1.000000 1.000000
X 0.581988 0.794966 -0.171227
Y -0.812978 0.573679 -0.099796
Z 0.018895 0.197284 0.980164

PART 77
OFFSET 7.704311 -2.775141 -8.715669
SCALE 1.000000 1.000000 1.000000
X -0.557282 -0.691921 -0.459002
Y -0.828972 0.432116 0.355077
Z -0.047343 0.578378 -0.814394

PART 78
OFFSET 7.308834 -2.785328 -7.937514
SCALE 1.000000 1.000000 1.000000
X -0.343677 -0.896668 -0.279056
Y -0.932882 0.360090 -0.008141
Z 0.107785 0.257528 -0.960240

FRAME 1
PART 0
OFFSET 0.000000 0.000000 0.000000
SCALE 1.000000 1.000000 1.000000
X 1.000000 0.000000 0.000000
Y 0.000000 1.000000 0.000000
Z 0.000000 0.000000 1.000000

PART 1
OFFSET 0.000000 0.000000 0.000000
SCALE 1.000000 1.000000 1.000000
X 1.000000 0.000000 0.000000
Y 0.000000 1.000000 0.000000
Z 0.000000 0.000000 1.000000

PART 2
OFFSET 1.540442 0.000000 4.135746
SCALE 1.000000 1.000000 1.000000
X 1.000000 0.000000 0.000000
Y 0.000000 1.000000 0.000000
Z 0.000000 0.000000 1.000000

PART 3
OFFSET -4.631834 0.000000 -1.376955
SCALE 1.000000 1.000000 1.000000
X 1.000000 0.000000 0.000000
Y 0.000000 1.000000 0.000000
Z 0.000000 0.000000 1.000000

PART 4
OFFSET -12.509576 10.803286 -11.118988
SCALE 1.000000 1.000000 1.000000
X 0.720343 0.048708 -0.691906
Y 0.194998 -0.971521 0.134622
Z -0.665644 -0.231894 -0.709326

PART 5
OFFSET -16.360020 -9.234297 -7.741082
SCALE 1.000000 1.000000 1.000000
X -0.940398 0.071921 0.332384
Y -0.019425 -0.987145 0.158640
Z 0.339521 0.142728 0.929707

PART 6
OFFSET 10.391208 -3.865207 -6.187719
SCALE 1.000000 1.000000 1.000000
X 0.997867 0.041697 0.050230
Y -0.041756 0.999128 0.000110
Z -0.050182 -0.002208 0.998738

PART 7
OFFSET -3.797818 11.392370 -19.486876
SCALE 1.000000 1.000000 1.000000
X 0.780653 -0.283741 0.556842
Y -0.600973 -0.096314 0.793445
Z -0.171501 -0.954052 -0.245708

PART 8
OFFSET -4.986931 -10.104167 -11.760836
SCALE 1.000000 1.000000 1.000000
X -0.843975 -0.426084 -0.325819
Y 0.513073 -0.464172 -0.722011
Z 0.156401 -0.776529 0.610362

PART 9
OFFSET 10.391208 -3.865207 -6.187719
SCALE 1.000000 1.000000 1.000000
X 0.997867 0.041697 0.050230
Y -0.041756 0.999128 0.000110
Z -0.050182 -0.002208 0.998738

PART 10
OFFSET 4.719344 9.930388 -14.389662
SCALE 1.000000 1.000000 1.000000
X 0.784693 -0.280566 0.552757
Y 0.177951 0.956132 0.232690
Z -0.593794 -0.084226 0.800197

PART 11
OFFSET 4.272758 8.044219 -15.411983
SCALE 1.000000 1.000000 1.000000
X 0.784693 -0.280566 0.552757
Y 0.177951 0.956132 0.232690
Z -0.593794 -0.084226 0.800197

PART 12
OFFSET 3.653525 9.296803 -12.276122
SCALE 1.000000 1.000000 1.000000
X 0.784693 -0.280566 0.552757
Y 0.177951 0.956132 0.232690
Z -0.593794 -0.084226 0.800197

PART 13
OFFSET 3.295487 7.927472 -12.652273
SCALE 1.000000 1.000000 1.000000
X 0.784693 -0.280566 0.552757
Y 0.177951 0.956132 0.232690
Z -0.593794 -0.084226 0.800197

PART 14
OFFSET 3.321748 7.377366 -13.659321
SCALE 1.000000 1.000000 1.000000
X 0.784693 -0.280566 0.552757
Y 0.177951 0.956132 0.232690
Z -0.593794 -0.084226 0.800197

PART 15
OFFSET 5.235217 8.109199 -13.043479
SCALE 1.000000 1.000000 1.000000
X 0.876600 0.384346 0.289571
Y -0.281152 -0.079309 0.956381
Z 0.390547 -0.919776 0.038537

PART 16
OFFSET 2.842009 8.979028 -14.750607
SCALE 1.000000 1.000000 1.000000
X 0.780653 -0.283741 0.556842
Y -0.623895 -0.301686 0.720931
Z -0.036567 -0.910207 -0.412536

PART 17
OFFSET 3.290973 -5.823212 -6.806701
SCALE 1.000000 1.000000 1.000000
X -0.847531 -0.420871 -0.323356
Y -0.161434 0.784803 -0.598351
Z 0.505599 -0.454920 -0.733088

PART 18
OFFSET 2.878508 -4.585929 -7.656775
SCALE 1.000000 1.000000 1.000000
X -0.847531 -0.420871 -0.323356
Y -0.161434 0.784803 -0.598351
Z 0.505599 -0.454920 -0.733088

PART 19
OFFSET 2.887396 -4.560085 -8.888905
SCALE 1.000000 1.000000 1.000000
X -0.847531 -0.420871 -0.323356
Y -0.161434 0.784803 -0.598351
Z 0.505599 -0.454920 -0.733088

PART 20
OFFSET 4.778851 -5.173874 -7.990779
SCALE 1.000000 1.000000 1.000000
X -0.970782 -0.027441 -0.238388
Y 0.236500 0.058743 -0.969854
Z 0.040617 -0.997896 -0.050537

PART 21
OFFSET 2.191500 -6.480146 -8.989652
SCALE 1.000000 1.000000 1.000000
X -0.843975 -0.426084 -0.325819
Y 0.351173 0.020220 -0.936092
Z 0.405442 -0.904458 0.132564

PART 22
OFFSET 6.897591 -3.863994 -3.739781
SCALE 1.000000 1.000000 1.000000
X 0.988132 0.041280 0.147956
Y -0.041756 0.999128 0.000110
Z -0.147822 -0.006287 0.988994

PART 23
OFFSET 14.448796 -4.077743 -4.414036
SCALE 1.000000 1.000000 1.000000
X 0.997867 0.041697 0.050230
Y -0.041756 0.999128 0.000110
Z -0.050182 -0.002208 0.998738

PART 24
OFFSET 6.362491 -4.014933 -3.425097
SCALE 1.000000 1.000000 1.000000
X 0.996637 0.041642 0.070579
Y -0.041763 0.999128 0.000232
Z -0.070508 -0.003179 0.997506

PART 25
OFFSET 13.345499 -3.690164 -3.388860
SCALE 1.000000 1.000000 1.000000
X 0.997865 0.041697 0.050275
Y -0.041755 0.999128 0.000109
Z -0.050227 -0.002208 0.998735

PART 26
OFFSET 11.123735 -3.389592 -3.516202
SCALE 1.000000 1.000000 1.000000
X 0.997867 0.041697 0.050230
Y -0.041756 0.999128 0.000110
Z -0.050182 -0.002208 0.998738

PART 27
OFFSET 11.702024 -4.152870 -2.351267
SCALE 1.000000 1.000000 1.000000
X -0.799847 0.392486 0.454092
Y -0.005200 -0.761067 0.648653
Z 0.600182 0.516461 0.610778

PART 28
OFFSET 21.630759 -3.395836 -2.997755
SCALE 1.000000 1.000000 1.000000
X 0.997867 0.041697 0.050230
Y -0.041756 0.999128 0.000110
Z -0.050182 -0.002208 0.998738

PART 29
OFFSET 5.071529 -4.127325 -3.806236
SCALE 1.000000 1.000000 1.000000
X -0.997322 -0.041673 -0.060103
Y 0.041759 -0.999128 -0.000171
Z -0.060043 -0.002681 0.998192

PART 30
OFFSET 10.028509 -2.223758 -3.082619
SCALE 1.000000 1.000000 1.000000
X 0.997867 0.041697 0.050230
Y -0.041756 0.999128 0.000110
Z -0.050182 -0.002208 0.998738

PART 31
OFFSET 9.139217 -3.154205 -3.186555
SCALE 1.000000 1.000000 1.000000
X 0.997867 0.041697 0.050230
Y -0.041756 0.999128 0.000110
Z -0.050182 -0.002208 0.998738

PART 32
OFFSET 8.293793 9.888803 -11.208189
SCALE 1.000000 1.000000 1.000000
X 0.919537 -0.201485 0.337424
Y -0.141715 -0.970811 -0.193501
Z 0.366563 0.130114 -0.921250

PART 33
OFFSET 8.575367 9.768878 -12.269681
SCALE 1.000000 1.000000 1.000000
X 0.957558 -0.183254 0.222488
Y -0.162321 -0.980684 -0.109140
Z 0.238190 0.068393 -0.968807

PART 34
OFFSET 6.357012 8.333474 -13.814732
SCALE 1.000000 1.000000 1.000000
X 0.896020 0.320884 -0.306889
Y 0.335613 -0.941986 -0.005057
Z -0.290708 -0.098465 -0.951732

PART 35
OFFSET 6.308393 8.493740 -13.120805
SCALE 1.000000 1.000000 1.000000
X 0.922933 0.384544 -0.017915
Y 0.384432 -0.923105 -0.009438
Z -0.020167 0.001823 -0.999795

PART 36
OFFSET 5.518590 7.827897 -11.974451
SCALE 1.000000 1.000000 1.000000
X 0.601782 -0.235777 0.763065
Y -0.767660 0.092849 0.634095
Z -0.220355 -0.967362 -0.125122

PART 37
OFFSET 7.700425 8.675144 -10.611693
SCALE 1.000000 1.000000 1.000000
X 0.987772 0.121182 0.098093
Y -0.129616 0.987938 0.084719
Z -0.086643 -0.096397 0.991565

PART 38
OFFSET 8.358502 7.792343 -12.715085
SCALE 1.000000 1.000000 1.000000
X -0.048470 -0.062387 -0.996874
Y -0.390571 0.919764 -0.038571
Z 0.919296 0.387481 -0.068948

PART 39
OFFSET 8.398289 -5.482135 -6.349168
SCALE 1.000000 1.000000 1.000000
X -0.790341 -0.563697 -0.240014
Y 0.540377 -0.825977 0.160484
Z -0.288710 -0.002861 0.957412

PART 40
OFFSET 8.544022 -5.242307 -7.417716
SCALE 1.000000 1.000000 1.000000
X -0.439931 -0.858677 -0.262935
Y 0.874822 -0.475916 0.090505
Z -0.202850 -0.190205 0.960559

PART 41
OFFSET 5.845355 -4.886083 -8.817359
SCALE 1.000000 1.000000 1.000000
X -0.929237 -0.098992 0.355976
Y 0.102038 -0.994728 -0.010259
Z 0.355115 0.026790 0.934439

PART 42
OFFSET 5.907365 -5.058447 -8.127405
SCALE 1.000000 1.000000 1.000000
X -0.996229 -0.050196 0.070774
Y 0.050115 -0.998739 -0.002922
Z 0.070832 0.000636 0.997488

PART 43
OFFSET 4.970619 -4.808495 -6.926882
SCALE 1.000000 1.000000 1.000000
X -0.319093 -0.843072 -0.432908
Y 0.906799 -0.138818 -0.398050
Z 0.275490 -0.519576 0.808793

PART 44
OFFSET 0.560303 -5.872679 -8.189850
SCALE 1.000000 1.000000 1.000000
X -0.947855 -0.314620 -0.050849
Y -0.311638 0.948378 -0.058826
Z 0.066732 -0.039912 -0.996972

PART 45
OFFSET 9.912750 9.534051 -10.614100
SCALE 1.000000 1.000000 1.000000
X 0.818420 -0.549942 0.166594
Y -0.471013 -0.808108 -0.353706
Z 0.329144 0.211012 -0.920401

PART 46
OFFSET 10.445999 9.410871 -11.835048
SCALE 1.000000 1.000000 1.000000
X 0.537548 -0.841231 0.058075
Y -0.821127 -0.537879 -0.190884
Z 0.191815 0.054922 -0.979893

PART 47
OFFSET 8.453726 8.953288 -14.366274
SCALE 1.000000 1.000000 1.000000
X 0.996826 0.027423 -0.074739
Y 0.032782 -0.996905 0.071455
Z -0.072548 -0.073678 -0.994640

PART 48
OFFSET 8.692285 9.512397 -13.315583
SCALE 1.000000 1.000000 1.000000
X 0.998394 -0.051596 -0.023384
Y -0.050274 -0.997276 0.053977
Z -0.026105 -0.052715 -0.998268

PART 49
OFFSET 6.728284 7.274553 -10.271502
SCALE 1.000000 1.000000 1.000000
X 0.968484 0.133025 0.210578
Y -0.172438 -0.251973 0.952247
Z 0.179733 -0.958548 -0.221093

PART 50
OFFSET 9.789840 -4.489694 -5.926607
SCALE 1.000000 1.000000 1.000000
X -0.014896 -0.999017 0.041756
Y 0.949354 -0.001023 0.314208
Z -0.313856 0.044322 0.948435

PART 51
OFFSET 9.403451 -3.564851 -6.904025
SCALE 1.000000 1.000000 1.000000
X 0.714052 -0.700061 0.006598
Y 0.679074 0.694876 0.236657
Z -0.170259 -0.164505 0.971571

PART 52
OFFSET 7.972426 -4.537771 -9.479823
SCALE 1.000000 1.000000 1.000000
X -0.634435 -0.703225 -0.320884
Y 0.772345 -0.559931 -0.299934
Z 0.031248 -0.438122 0.898372

PART 53
OFFSET 8.483495 -4.950323 -8.459347
SCALE 1.000000 1.000000 1.000000
X -0.303281 -0.903568 -0.302630
Y 0.950941 -0.307350 -0.035324
Z -0.061096 -0.298496 0.952453

PART 54
OFFSET 5.553377 -2.946449 -5.997932
SCALE 1.000000 1.000000 1.000000
X -0.887144 -0.386133 -0.252737
Y 0.461381 -0.730114 -0.504044
Z 0.010101 -0.563768 0.825871

PART 55
OFFSET 10.887708 8.852652 -10.355640
SCALE 1.000000 1.000000 1.000000
X 0.641897 -0.742732 0.190571
Y -0.644904 -0.657372 -0.389823
Z 0.414810 0.127326 -0.900956

PART 56
OFFSET 11.231163 8.182129 -11.750195
SCALE 1.000000 1.000000 1.000000
X 0.049200 -0.997711 -0.046393
Y -0.988925 -0.042149 -0.142304
Z 0.140023 0.052880 -0.988735

PART 57
OFFSET 9.865017 8.992124 -14.472077
SCALE 1.000000 1.000000 1.000000
X 0.625109 -0.780199 0.022962
Y -0.780199 -0.623702 0.047805
Z -0.022976 -0.047798 -0.998593

PART 58
OFFSET 10.392057 9.424552 -13.355380
SCALE 1.000000 1.000000 1.000000
X 0.530265 -0.846926 0.039182
Y -0.847829 -0.529809 0.022087
Z 0.002053 -0.044932 -0.998988

PART 59
OFFSET 8.322179 7.396994 -10.013135
SCALE 1.000000 1.000000 1.000000
X 0.971010 -0.061155 -0.231082
Y 0.217347 -0.176491 0.960006
Z -0.099493 -0.982401 -0.158083

PART 60
OFFSET 9.788879 -3.272493 -5.919760
SCALE 1.000000 1.000000 1.000000
X 0.941828 -0.176532 0.286001
Y 0.161327 0.983964 0.076082
Z -0.294845 -0.025517 0.955204

PART 61
OFFSET 8.360520 -2.542297 -6.913685
SCALE 1.000000 1.000000 1.000000
X 0.963983 0.201993 0.173020
Y -0.217280 0.973276 0.074322
Z -0.153383 -0.109239 0.982110

PART 62
OFFSET 8.870679 -3.542185 -9.025509
SCALE 1.000000 1.000000 1.000000
X 0.667409 -0.667426 -0.330314
Y 0.744433 0.586285 0.319513
Z -0.019593 -0.459143 0.888146

PART 63
OFFSET 8.999865 -3.412000 -7.944099
SCALE 1.000000 1.000000 1.000000
X 0.826525 -0.550223 -0.118791
Y 0.557584 0.771345 0.306801
Z -0.077180 -0.319815 0.944331

PART 64
OFFSET 7.011916 -2.303481 -5.712464
SCALE 1.000000 1.000000 1.000000
X -0.957598 0.120843 0.261538
Y -0.243767 -0.823710 -0.511938
Z 0.153568 -0.553985 0.818241

PART 65
OFFSET 11.612750 8.013707 -10.140393
SCALE 1.000000 1.000000 1.000000
X 0.489799 0.871070 0.036519
Y -0.854880 0.488073 -0.175967
Z -0.171104 0.054969 0.983718

PART 66
OFFSET 11.288563 7.052542 -11.809631
SCALE 1.000000 1.000000 1.000000
X 0.585005 0.788515 0.189771
Y -0.775809 0.612271 -0.152460
Z -0.236408 -0.058036 0.969919

PART 67
OFFSET 10.419263 8.300358 -14.451718
SCALE 1.000000 1.000000 1.000000
X 0.034485 -0.996237 0.079515
Y -0.996161 -0.027858 0.082994
Z -0.080467 -0.082072 -0.993373

PART 68
OFFSET 11.126964 8.250779 -13.301063
SCALE 1.000000 1.000000 1.000000
X -0.015568 -0.999071 0.040174
Y -0.999877 0.015641 0.001506
Z -0.002133 -0.040146 -0.999192

PART 69
OFFSET 9.371381 7.282893 -10.253916
SCALE 1.000000 1.000000 1.000000
X 0.825502 0.549519 0.128747
Y -0.550158 0.834377 -0.033788
Z -0.125991 -0.042939 0.991102

PART 70
OFFSET 8.725059 -3.073122 -6.242809
SCALE 1.000000 1.000000 1.000000
X -0.535067 -0.838044 0.106708
Y -0.802174 0.464374 -0.375331
Z 0.264992 -0.286425 -0.920728

PART 71
OFFSET 7.269658 -2.769661 -7.116517
SCALE 1.000000 1.000000 1.000000
X -0.590633 -0.769433 -0.243159
Y -0.795967 0.605046 0.018846
Z 0.132622 0.204678 -0.969803

PART 72
OFFSET 8.278895 -2.950443 -8.732657
SCALE 1.000000 1.000000 1.000000
X 0.956606 0.274070 0.098953
Y -0.290386 0.868560 0.401597
Z 0.024119 -0.412904 0.910455

PART 73
OFFSET 7.854376 -2.649434 -7.779481
SCALE 1.000000 1.000000 1.000000
X 0.811355 0.529238 0.248215
Y -0.578700 0.787161 0.213269
Z -0.082515 -0.316678 0.944937

PART 74
OFFSET 8.044578 -2.394804 -6.023996
SCALE 1.000000 1.000000 1.000000
X -0.855752 0.275221 -0.438112
Y 0.509268 0.597486 -0.619400
Z 0.091294 -0.753169 -0.651461

PART 75
OFFSET 10.452020 7.353923 -14.376179
SCALE 1.000000 1.000000 1.000000
X 0.610548 0.791376 0.030907
Y -0.784427 0.609641 -0.114070
Z -0.109115 0.045401 0.992992

PART 76
OFFSET 11.110086 7.167245 -13.257519
SCALE 1.000000 1.000000 1.000000
X 0.583697 0.807699 -0.083190
Y -0.809293 0.587025 0.021132
Z 0.065902 0.054990 0.996310

PART 77
OFFSET 7.370077 -3.210812 -8.826679
SCALE 1.000000 1.000000 1.000000
X -0.552884 -0.695325 -0.459177
Y -0.831720 0.427037 0.354798
Z -0.050614 0.578068 -0.814417

PART 78
OFFSET 6.974414 -3.223410 -8.048651
SCALE 1.000000 1.000000 1.000000
X -0.338088 -0.898764 -0.279139
Y -0.935068 0.354368 -0.008448
Z 0.106511 0.258158 -0.960214

FRAME 2
PART 0
OFFSET 0.000000 0.000000 0.000000
SCALE 1.000000 1.000000 1.000000
X 1.000000 0.000000 0.000000
Y 0.000000 1.000000 0.000000
Z 0.000000 0.000000 1.000000

PART 1
OFFSET 0.000000 0.000000 0.000000
SCALE 1.000000 1.000000 1.000000
X 1.000000 0.000000 0.000000
Y 0.000000 1.000000 0.000000
Z 0.000000 0.000000 1.000000

PART 2
OFFSET 1.540442 0.000000 4.135746
SCALE 1.000000 1.000000 1.000000
X 1.000000 0.000000 0.000000
Y 0.000000 1.000000 0.000000
Z 0.000000 0.000000 1.000000

PART 3
OFFSET -4.631834 0.000000 -1.376955
SCALE 1.000000 1.000000 1.000000
X 1.000000 0.000000 0.000000
Y 0.000000 1.000000 0.000000
Z 0.000000 0.000000 1.000000

PART 4
OFFSET -9.381922 9.671558 -11.186450
SCALE 1.000000 1.000000 1.000000
X 0.700123 0.285837 -0.654313
Y 0.276452 -0.953419 -0.120695
Z -0.658333 -0.096385 -0.746530

PART 5
OFFSET -16.569907 -9.228448 -7.438110
SCALE 1.000000 1.000000 1.000000
X -0.922758 0.119800 0.366287
Y -0.054164 -0.981337 0.184512
Z 0.381555 0.150420 0.912025

PART 6
OFFSET 9.925856 -4.295357 -6.252109
SCALE 1.000000 1.000000 1.000000
X 0.994840 0.074372 0.069009
Y -0.074608 0.997213 0.000841
Z -0.068754 -0.005986 0.997616

PART 7
OFFSET -0.914710 13.128478 -19.099687
SCALE 1.000000 1.000000 1.000000
X 0.514065 -0.460864 0.723423
Y -0.852167 -0.178328 0.491945
Z -0.097713 -0.869370 -0.484406

PART 8
OFFSET -5.410158 -10.677365 -11.867882
SCALE 1.000000 1.000000 1.000000
X -0.847948 -0.422978 -0.319490
Y 0.509026 -0.481568 -0.713432
Z 0.147909 -0.767582 0.623652

PART 9
OFFSET 9.925856 -4.295357 -6.252109
SCALE 1.000000 1.000000 1.000000
X 0.994840 0.074372 0.069009
Y -0.074608 0.997213 0.000841
Z -0.068754 -0.005986 0.997616

PART 10
OFFSET 5.135419 9.918494 -11.756917
SCALE 1.000000 1.000000 1.000000
X 0.519410 -0.457426 0.721786
Y 0.108537 0.873137 0.475238
Z -0.847604 -0.168503 0.503164

PART 11
OFFSET 4.998812 8.279535 -13.231955
SCALE 1.000000 1.000000 1.000000
X 0.519410 -0.457426 0.721786
Y 0.108537 0.873137 0.475238
Z -0.847604 -0.168503 0.503164

PART 12
OFFSET 3.303387 8.996136 -10.316542
SCALE 1.000000 1.000000 1.000000
X 0.519410 -0.457426 0.721786
Y 0.108537 0.873137 0.475238
Z -0.847604 -0.168503 0.503164

PART 13
OFFSET 3.124058 7.843244 -11.063618
SCALE 1.000000 1.000000 1.000000
X 0.519410 -0.457426 0.721786
Y 0.108537 0.873137 0.475238
Z -0.847604 -0.168503 0.503164

PART 14
OFFSET 3.528273 7.489343 -12.105195
SCALE 1.000000 1.000000 1.000000
X 0.519410 -0.457426 0.721786
Y 0.108537 0.873137 0.475238
Z -0.847604 -0.168503 0.503164

PART 15
OFFSET 5.033569 7.795772 -10.728754
SCALE 1.000000 1.000000 1.000000
X 0.917053 0.057733 0.394564
Y -0.360000 -0.305692 0.881449
Z 0.171504 -0.950378 -0.259552

PART 16
OFFSET 3.457641 9.208608 -12.946563
SCALE 1.000000 1.000000 1.000000
X 0.514118 -0.460849 0.723396
Y -0.856820 -0.314557 0.408550
Z 0.039270 -0.829863 -0.556584

PART 17
OFFSET 2.916476 -6.422189 -6.972555
SCALE 1.000000 1.000000 1.000000
X -0.851452 -0.417692 -0.317116
Y -0.152875 0.776107 -0.611790
Z 0.501656 -0.472430 -0.724673

PART 18
OFFSET 2.513343 -5.170448 -7.866024
SCALE 1.000000 1.000000 1.000000
X -0.851452 -0.417692 -0.317116
Y -0.152875 0.776107 -0.611790
Z 0.501656 -0.472430 -0.724673

PART 19
OFFSET 2.519646 -5.156156 -9.100072
SCALE 1.000000 1.000000 1.000000
X -0.851452 -0.417692 -0.317116
Y -0.152875 0.776107 -0.611790
Z 0.501656 -0.472430 -0.724673

PART 20
OFFSET 4.401590 -5.783008 -8.171059
SCALE 1.000000 1.000000 1.000000
X -0.964718 -0.058932 -0.256607
Y 0.252547 0.068398 -0.965164
Z 0.074430 -0.995916 -0.051102

PART 21
OFFSET 1.802060 -7.079759 -9.150529
SCALE 1.000000 1.000000 1.000000
X -0.847948 -0.422978 -0.319490
Y 0.337473 0.034024 -0.940720
Z 0.408774 -0.905501 0.113894

PART 22
OFFSET 6.388914 -4.414217 -3.870160
SCALE 1.000000 1.000000 1.000000
X 0.992369 0.074162 0.098509
Y -0.074608 0.997213 0.000841
Z -0.098172 -0.008185 0.995136

PART 23
OFFSET 13.954353 -4.378168 -4.402922
SCALE 1.000000 1.000000 1.000000
X 0.994840 0.074372 0.069009
Y -0.074608 0.997213 0.000841
Z -0.068754 -0.005986 0.997616

PART 24
OFFSET 5.853278 -4.583336 -3.565803
SCALE 1.000000 1.000000 1.000000
X 0.993232 0.074233 0.089332
Y -0.074618 0.997212 0.000963
Z -0.089011 -0.007622 0.996001

PART 25
OFFSET 12.819917 -4.029256 -3.398049
SCALE 1.000000 1.000000 1.000000
X 0.994834 0.074372 0.069100
Y -0.074608 0.997213 0.000838
Z -0.068845 -0.005989 0.997609

PART 26
OFFSET 10.592235 -3.801615 -3.566599
SCALE 1.000000 1.000000 1.000000
X 0.994840 0.074372 0.069009
Y -0.074608 0.997213 0.000841
Z -0.068754 -0.005986 0.997616

PART 27
OFFSET 11.173438 -4.547952 -2.392175
SCALE 1.000000 1.000000 1.000000
X -0.820683 0.365011 0.439597
Y 0.007715 -0.762207 0.647288
Z 0.571331 0.534610 0.622714

PART 28
OFFSET 21.082236 -3.463546 -2.851088
SCALE 1.000000 1.000000 1.000000
X 0.994840 0.074372 0.069009
Y -0.074608 0.997213 0.000841
Z -0.068754 -0.005986 0.997616

PART 29
OFFSET 4.574070 -4.737294 -3.971269
SCALE 1.000000 1.000000 1.000000
X -0.994111 -0.074309 -0.078870
Y 0.074612 -0.997212 -0.000902
Z -0.078583 -0.006782 0.996884

PART 30
OFFSET 9.451317 -2.673344 -3.151878
SCALE 1.000000 1.000000 1.000000
X 0.994840 0.074372 0.069009
Y -0.074608 0.997213 0.000841
Z -0.068754 -0.005986 0.997616

PART 31
OFFSET 8.595227 -3.632299 -3.273892
SCALE 1.000000 1.000000 1.000000
X 0.994840 0.074372 0.069009
Y -0.074608 0.997213 0.000841
Z -0.068754 -0.005986 0.997616

PART 32
OFFSET 8.271705 8.143342 -8.430093
SCALE 1.000000 1.000000 1.000000
X 0.862441 -0.392946 0.319043
Y -0.221781 -0.859964 -0.459647
Z 0.454982 0.325661 -0.828816

PART 33
OFFSET 8.595214 8.298349 -9.474960
SCALE 1.000000 1.000000 1.000000
X 0.916153 -0.344753 0.204472
Y -0.245782 -0.886147 -0.392855
Z 0.316630 0.309660 -0.896580

PART 34
OFFSET 6.229757 7.979880 -11.391168
SCALE 1.000000 1.000000 1.000000
X 0.964789 0.181009 -0.190836
Y 0.116290 -0.944323 -0.307782
Z -0.235922 0.274753 -0.932122

PART 35
OFFSET 6.168222 7.922134 -10.682322
SCALE 1.000000 1.000000 1.000000
X 0.984318 0.143062 0.103207
Y 0.168278 -0.937027 -0.306043
Z 0.052925 0.318611 -0.946407

PART 36
OFFSET 5.169109 7.136511 -9.807203
SCALE 1.000000 1.000000 1.000000
X 0.449839 -0.635967 0.627050
Y -0.781822 0.058995 0.620705
Z -0.431740 -0.769458 -0.470674

PART 37
OFFSET 7.380897 6.979033 -8.252038
SCALE 1.000000 1.000000 1.000000
X 0.980177 -0.150818 0.128482
Y 0.088470 0.913420 0.397286
Z -0.177276 -0.378044 0.908656

PART 38
OFFSET 7.975228 6.668776 -10.529575
SCALE 1.000000 1.000000 1.000000
X 0.010864 0.265229 -0.964124
Y -0.171527 0.950384 0.259517
Z 0.985119 0.162554 0.055819

PART 39
OFFSET 7.997859 -5.975109 -6.462205
SCALE 1.000000 1.000000 1.000000
X -0.766698 -0.588950 -0.255563
Y 0.564214 -0.808044 0.169494
Z -0.306330 -0.014242 0.951819

PART 40
OFFSET 8.155584 -5.728521 -7.527506
SCALE 1.000000 1.000000 1.000000
X -0.406385 -0.872185 -0.272296
Y 0.888188 -0.447021 0.106276
Z -0.214414 -0.198661 0.956326

PART 41
OFFSET 5.473312 -5.458632 -8.977087
SCALE 1.000000 1.000000 1.000000
X -0.931969 -0.130238 0.338337
Y 0.134948 -0.990805 -0.009672
Z 0.336485 0.036644 0.940975

PART 42
OFFSET 5.528045 -5.630209 -8.286322
SCALE 1.000000 1.000000 1.000000
X -0.995183 -0.083117 0.051992
Y 0.083057 -0.996539 -0.003318
Z 0.052088 0.001016 0.998642

PART 43
OFFSET 4.561261 -5.413594 -7.103262
SCALE 1.000000 1.000000 1.000000
X -0.282967 -0.852276 -0.439950
Y 0.918175 -0.108098 -0.381143
Z 0.277281 -0.511802 0.813126

PART 44
OFFSET 0.212837 -6.619979 -8.450225
SCALE 1.000000 1.000000 1.000000
X -0.935850 -0.345566 -0.069056
Y -0.341576 0.937713 -0.063396
Z 0.086662 -0.035742 -0.995596

PART 45
OFFSET 9.790135 7.451496 -7.868371
SCALE 1.000000 1.000000 1.000000
X 0.805805 -0.576972 0.133345
Y -0.414727 -0.710577 -0.568403
Z 0.422705 0.402720 -0.811872

PART 46
OFFSET 10.384960 7.624849 -9.075524
SCALE 1.000000 1.000000 1.000000
X 0.561621 -0.820453 -0.106948
Y -0.781878 -0.483993 -0.392960
Z 0.270643 0.304315 -0.913315

PART 47
OFFSET 8.446111 8.230775 -11.721931
SCALE 1.000000 1.000000 1.000000
X 0.998099 -0.053714 -0.030225
Y -0.059715 -0.964164 -0.258501
Z -0.015257 0.259814 -0.965538

PART 48
OFFSET 8.727050 8.361412 -10.548274
SCALE 1.000000 1.000000 1.000000
X 0.989353 -0.145452 -0.004880
Y -0.141300 -0.952005 -0.271515
Z 0.034847 0.269314 -0.962422

PART 49
OFFSET 6.037749 5.727231 -8.418326
SCALE 1.000000 1.000000 1.000000
X 0.940319 -0.213507 0.264982
Y -0.338657 -0.510833 0.790165
Z -0.033345 -0.832745 -0.552652

PART 50
OFFSET 9.347784 -4.938205 -6.012267
SCALE 1.000000 1.000000 1.000000
X 0.017266 -0.999045 0.040132
Y 0.942823 0.029629 0.331973
Z -0.332845 0.032105 0.942435

PART 51
OFFSET 8.949478 -4.024677 -6.995527
SCALE 1.000000 1.000000 1.000000
X 0.736495 -0.676174 0.019066
Y 0.651247 0.716401 0.250294
Z -0.182901 -0.171924 0.967982

PART 52
OFFSET 7.599773 -5.039160 -9.599037
SCALE 1.000000 1.000000 1.000000
X -0.604791 -0.723109 -0.333679
Y 0.795862 -0.533604 -0.286131
Z 0.028851 -0.438612 0.898213

PART 53
OFFSET 8.104972 -5.436651 -8.569699
SCALE 1.000000 1.000000 1.000000
X -0.267611 -0.912473 -0.309480
Y 0.961050 -0.275795 -0.017877
Z -0.069040 -0.302210 0.950738

PART 54
OFFSET 5.064826 -3.535185 -6.161044
SCALE 1.000000 1.000000 1.000000
X -0.869046 -0.414647 -0.269864
Y 0.494554 -0.713535 -0.496270
Z 0.013220 -0.564744 0.825160

PART 55
OFFSET 10.744072 6.725586 -7.656928
SCALE 1.000000 1.000000 1.000000
X 0.705716 -0.686358 0.175720
Y -0.494513 -0.654794 -0.571578
Z 0.507367 0.316476 -0.801512

PART 56
OFFSET 11.205285 6.426449 -9.231713
SCALE 1.000000 1.000000 1.000000
X 0.221915 -0.940953 -0.255660
Y -0.949937 -0.149489 -0.274360
Z 0.219942 0.303745 -0.927019

PART 57
OFFSET 9.859204 8.154735 -11.764708
SCALE 1.000000 1.000000 1.000000
X 0.660206 -0.727335 -0.187381
Y -0.750198 -0.626453 -0.211565
Z 0.036493 0.280250 -0.959233

PART 58
OFFSET 10.411429 8.113771 -10.556569
SCALE 1.000000 1.000000 1.000000
X 0.567665 -0.800752 -0.191187
Y -0.820809 -0.532596 -0.206431
Z 0.063474 0.274112 -0.959601

PART 59
OFFSET 7.572232 5.319780 -8.099591
SCALE 1.000000 1.000000 1.000000
X 0.948301 -0.245977 -0.200550
Y 0.035549 -0.545608 0.837286
Z -0.315375 -0.801129 -0.508656

PART 60
OFFSET 9.306570 -3.721713 -6.003809
SCALE 1.000000 1.000000 1.000000
X 0.941617 -0.145977 0.303395
Y 0.127350 0.988593 0.080415
Z -0.311672 -0.037083 0.949466

PART 61
OFFSET 7.873766 -3.037013 -7.023399
SCALE 1.000000 1.000000 1.000000
X 0.953392 0.233295 0.191357
Y -0.250602 0.965444 0.071532
Z -0.168056 -0.116152 0.978910

PART 62
OFFSET 8.456057 -4.015423 -9.126607
SCALE 1.000000 1.000000 1.000000
X 0.695115 -0.644435 -0.318620
Y 0.718590 0.609859 0.334216
Z -0.021067 -0.461276 0.887007

PART 63
OFFSET 8.560615 -3.883168 -8.042788
SCALE 1.000000 1.000000 1.000000
X 0.846293 -0.522470 -0.103991
Y 0.526013 0.788688 0.318247
Z -0.084258 -0.324031 0.942287

PART 64
OFFSET 6.495776 -2.845088 -5.847386
SCALE 1.000000 1.000000 1.000000
X -0.965790 0.088727 0.243676
Y -0.206854 -0.830289 -0.517524
Z 0.156404 -0.550225 0.820238

PART 65
OFFSET 11.541200 5.950318 -7.458457
SCALE 1.000000 1.000000 1.000000
X 0.359283 0.903573 0.233392
Y -0.882594 0.410250 -0.229612
Z -0.303220 -0.123494 0.944884

PART 66
OFFSET 11.458837 5.362994 -9.527634
