// Export time: Fri Jun 17 00:19:38 2022

ANIMATION
VERSION 3

NUMPARTS 84
PART 0 "tag_torso"
PART 1 "j_shoulder_le"
PART 2 "j_shoulder_ri"
PART 3 "tag_weapon"
PART 4 "tag_weapon1"
PART 5 "j_elbow_le"
PART 6 "j_elbow_ri"
PART 7 "j_gun"
PART 8 "j_sleave_reshape_bottom_le_1"
PART 9 "j_sleave_reshape_bottom_le_2"
PART 10 "j_sleave_reshape_top_le_1"
PART 11 "j_sleave_reshape_top_le_2"
PART 12 "j_sleave_reshape_top_le_3"
PART 13 "j_wrist_le"
PART 14 "j_wristtwist_le"
PART 15 "j_sleave_reshape_top_ri_1"
PART 16 "j_sleave_reshape_top_ri_2"
PART 17 "j_sleave_reshape_top_ri_3"
PART 18 "j_wrist_ri"
PART 19 "j_wristtwist_ri"
PART 20 "tag_barrel"
PART 21 "tag_bolt_animate"
PART 22 "tag_brass"
PART 23 "tag_flash"
PART 24 "tag_grip"
PART 25 "tag_handguard"
PART 26 "tag_laser"
PART 27 "tag_mag_release_animate"
PART 28 "tag_sights_off"
PART 29 "tag_sights_on"
PART 30 "tag_stock"
PART 31 "tag_ext_mag_animate"
PART 32 "j_index_le_0"
PART 33 "j_mid_le_0"
PART 34 "j_pinkypalm_le"
PART 35 "j_ringpalm_le"
PART 36 "j_thumb_le_0"
PART 37 "j_webbing_le"
PART 38 "tag_knife_attach"
PART 39 "j_index_ri_0"
PART 40 "j_mid_ri_0"
PART 41 "j_pinkypalm_ri"
PART 42 "j_ringpalm_ri"
PART 43 "j_thumb_ri_0"
PART 44 "j_webbing_ri"
PART 45 "tag_ext_mag_bullet_animate"
PART 46 "j_index_le_1"
PART 47 "j_mid_le_1"
PART 48 "j_pinky_le_0"
PART 49 "j_ring_le_0"
PART 50 "j_thumb_le_1"
PART 51 "j_index_ri_1"
PART 52 "j_mid_ri_1"
PART 53 "j_pinky_ri_0"
PART 54 "j_ring_ri_0"
PART 55 "j_thumb_ri_1"
PART 56 "j_index_le_2"
PART 57 "j_mid_le_2"
PART 58 "j_pinky_le_1"
PART 59 "j_ring_le_1"
PART 60 "j_thumb_le_2"
PART 61 "j_index_ri_2"
PART 62 "j_mid_ri_2"
PART 63 "j_pinky_ri_1"
PART 64 "j_ring_ri_1"
PART 65 "j_thumb_ri_2"
PART 66 "j_index_le_3"
PART 67 "j_mid_le_3"
PART 68 "j_pinky_le_2"
PART 69 "j_ring_le_2"
PART 70 "j_thumb_le_3"
PART 71 "j_index_ri_3"
PART 72 "j_mid_ri_3"
PART 73 "j_pinky_ri_2"
PART 74 "j_ring_ri_2"
PART 75 "j_thumb_ri_3"
PART 76 "j_pinky_le_3"
PART 77 "j_ring_le_3"
PART 78 "j_pinky_ri_3"
PART 79 "j_ring_ri_3"
PART 80 "tag_cambone"
PART 81 "tag_camera"
PART 82 "tag_gasmask"
PART 83 "tag_gasmask2"

FRAMERATE 30
NUMFRAMES 74
FRAME 0
PART 0
OFFSET 0.000000 0.000000 0.000000
SCALE 1.000000 1.000000 1.000000
X 1.000000 0.000000 0.000000
Y 0.000000 1.000000 0.000000
Z 0.000000 0.000000 1.000000

PART 1
OFFSET 3.492724 -1.458200 -2.918737
SCALE 1.000000 1.000000 1.000000
X 0.496628 0.673222 -0.547843
Y 0.550230 -0.732341 -0.401153
Z -0.671273 -0.102215 -0.734128

PART 2
OFFSET -4.806000 -7.401901 2.691042
SCALE 1.000000 1.000000 1.000000
X -0.450189 0.493087 0.744443
Y -0.236332 -0.869771 0.433181
Z 0.861090 0.019077 0.508094

PART 3
OFFSET 12.641339 -5.736846 -5.568593
SCALE 1.000000 1.000000 1.000000
X 1.000000 0.000000 -0.000000
Y -0.000000 0.848099 -0.529838
Z 0.000000 0.529838 0.848099

PART 4
OFFSET 13.745596 17.667068 -17.903065
SCALE 1.000000 1.000000 1.000000
X 0.998737 0.041892 -0.027740
Y 0.021387 0.145113 0.989184
Z 0.045465 -0.988528 0.144033

PART 5
OFFSET 9.701282 7.732602 -10.180397
SCALE 1.000000 1.000000 1.000000
X 0.818294 -0.412232 0.400574
Y -0.574792 -0.583254 0.573959
Z -0.002968 -0.699914 -0.714221

PART 6
OFFSET 0.819029 -14.210564 -7.028773
SCALE 1.000000 1.000000 1.000000
X -0.821930 -0.540784 -0.178842
Y 0.449514 -0.423022 -0.786759
Z 0.349812 -0.727052 0.590785

PART 7
OFFSET 12.641339 -5.736846 -5.568593
SCALE 1.000000 1.000000 1.000000
X 1.000000 0.000000 -0.000000
Y -0.000000 0.848099 -0.529838
Z 0.000000 0.529838 0.848099

PART 8
OFFSET 18.413957 4.894219 -6.179496
SCALE 1.000000 1.000000 1.000000
X 0.821719 -0.406835 0.399078
Y 0.008916 0.709360 0.704790
Z -0.569823 -0.575581 0.586522

PART 9
OFFSET 18.210608 4.029487 -7.609374
SCALE 1.000000 1.000000 1.000000
X 0.821719 -0.406835 0.399078
Y 0.008916 0.709360 0.704790
Z -0.569823 -0.575581 0.586522

PART 10
OFFSET 17.383574 3.119421 -4.590603
SCALE 1.000000 1.000000 1.000000
X 0.821719 -0.406835 0.399078
Y 0.008916 0.709360 0.704790
Z -0.569823 -0.575581 0.586522

PART 11
OFFSET 17.174094 2.107357 -5.452775
SCALE 1.000000 1.000000 1.000000
X 0.821719 -0.406835 0.399078
Y 0.008916 0.709360 0.704790
Z -0.569823 -0.575581 0.586522

PART 12
OFFSET 17.409496 2.400938 -6.590352
SCALE 1.000000 1.000000 1.000000
X 0.821719 -0.406835 0.399078
Y 0.008916 0.709360 0.704790
Z -0.569823 -0.575581 0.586522

PART 13
OFFSET 19.187896 2.663758 -5.648653
SCALE 1.000000 1.000000 1.000000
X 0.912478 0.011553 0.408963
Y 0.022082 -0.999535 -0.021033
Z 0.408530 0.028223 -0.912308

PART 14
OFFSET 16.661159 4.226311 -6.772542
SCALE 1.000000 1.000000 1.000000
X 0.818294 -0.412232 0.400574
Y -0.574792 -0.583254 0.573959
Z -0.002968 -0.699914 -0.714221

PART 15
OFFSET 8.997749 -8.515996 -3.532484
SCALE 1.000000 1.000000 1.000000
X -0.825549 -0.536268 -0.175743
Y -0.353916 0.734558 -0.578937
Z 0.439559 -0.415743 -0.796207

PART 16
OFFSET 8.355469 -7.515358 -4.163115
SCALE 1.000000 1.000000 1.000000
X -0.825549 -0.536268 -0.175743
Y -0.353916 0.734558 -0.578937
Z 0.439559 -0.415743 -0.796207

PART 17
OFFSET 8.258993 -7.688111 -5.344878
SCALE 1.000000 1.000000 1.000000
X -0.825549 -0.536268 -0.175743
Y -0.353916 0.734558 -0.578937
Z 0.439559 -0.415743 -0.796207

PART 18
OFFSET 10.323588 -7.847634 -4.919768
SCALE 1.000000 1.000000 1.000000
X -0.969789 -0.242112 0.029866
Y 0.167032 -0.748255 -0.642040
Z 0.177793 -0.617654 0.766089

PART 19
OFFSET 7.811864 -9.608679 -5.507390
SCALE 1.000000 1.000000 1.000000
X -0.821930 -0.540784 -0.178842
Y 0.449514 -0.423022 -0.786759
Z 0.349812 -0.727052 0.590785

PART 20
OFFSET 24.667393 -3.597088 -2.142530
SCALE 1.000000 1.000000 1.000000
X 1.000000 0.000000 -0.000000
Y -0.000000 0.848099 -0.529838
Z 0.000000 0.529838 0.848099

PART 21
OFFSET 16.389756 -3.602286 -2.139285
SCALE 1.000000 1.000000 1.000000
X 1.000000 0.000000 -0.000000
Y -0.000000 0.848099 -0.529838
Z 0.000000 0.529838 0.848099

PART 22
OFFSET 22.817966 -3.912740 -1.965846
SCALE 1.000000 1.000000 1.000000
X 0.000000 -0.469686 0.882833
Y 1.000000 0.000000 0.000000
Z -0.000000 0.882833 0.469686

PART 23
OFFSET 32.024843 -3.597088 -2.142530
SCALE 1.000000 1.000000 1.000000
X 1.000000 0.000000 -0.000000
Y -0.000000 0.848099 -0.529838
Z 0.000000 0.529838 0.848099

PART 24
OFFSET 12.641339 -5.736846 -5.568593
SCALE 1.000000 1.000000 1.000000
X 1.000000 0.000000 -0.000000
Y -0.000000 0.848099 -0.529838
Z 0.000000 0.529838 0.848099

PART 25
OFFSET 25.454527 -3.597088 -2.142530
SCALE 1.000000 1.000000 1.000000
X 1.000000 0.000000 -0.000000
Y -0.000000 0.848099 -0.529838
Z 0.000000 0.529838 0.848099

PART 26
OFFSET 29.780859 -5.225150 -2.102743
SCALE 1.000000 1.000000 1.000000
X 1.000000 0.000000 -0.000000
Y -0.000000 0.848099 -0.529838
Z 0.000000 0.529838 0.848099

PART 27
OFFSET 21.494143 -1.616952 -3.671921
SCALE 1.000000 1.000000 1.000000
X 1.000000 0.000000 -0.000000
Y -0.000000 0.848099 -0.529838
Z 0.000000 0.529838 0.848099

PART 28
OFFSET 12.202893 -3.067801 -1.295314
SCALE 1.000000 1.000000 1.000000
X 1.000000 0.000000 -0.000000
Y -0.000000 0.848099 -0.529838
Z 0.000000 0.529838 0.848099

PART 29
OFFSET 12.202893 -3.067801 -1.295314
SCALE 1.000000 1.000000 1.000000
X 1.000000 0.000000 -0.000000
Y -0.000000 0.848099 -0.529838
Z 0.000000 0.529838 0.848099

PART 30
OFFSET 11.708065 -4.455172 -3.517050
SCALE 1.000000 1.000000 1.000000
X 1.000000 0.000000 -0.000000
Y -0.000000 0.848099 -0.529838
Z 0.000000 0.529838 0.848099

PART 31
OFFSET 22.787439 -0.216786 -4.241393
SCALE 1.000000 1.000000 1.000000
X 1.000000 0.000000 -0.000000
Y -0.000000 0.848099 -0.529838
Z 0.000000 0.529838 0.848099

PART 32
OFFSET 22.667752 1.929136 -3.802128
SCALE 1.000000 1.000000 1.000000
X 0.848804 -0.321134 -0.420005
Y -0.477764 -0.125655 -0.869455
Z 0.226436 0.938661 -0.260083

PART 33
OFFSET 22.620207 3.054303 -3.920210
SCALE 1.000000 1.000000 1.000000
X 0.712424 -0.541311 -0.446581
Y -0.585803 -0.108361 -0.803177
Z 0.386376 0.833811 -0.394301

PART 34
OFFSET 20.051190 4.093940 -5.420745
SCALE 1.000000 1.000000 1.000000
X 0.997213 -0.044367 -0.059985
Y -0.074530 -0.555180 -0.828384
Z 0.003450 0.830546 -0.556939

PART 35
OFFSET 20.100879 3.195724 -5.139710
SCALE 1.000000 1.000000 1.000000
X 0.975576 0.131206 0.176172
Y 0.206047 -0.268630 -0.940948
Z -0.076133 0.954265 -0.289104

PART 36
OFFSET 19.834684 1.663029 -5.829379
SCALE 1.000000 1.000000 1.000000
X 0.790416 -0.609058 0.065505
Y -0.612566 -0.785476 0.088262
Z -0.002304 -0.109890 -0.993941

PART 37
OFFSET 22.254828 1.127474 -4.910345
SCALE 1.000000 1.000000 1.000000
X 0.967872 0.212005 0.135194
Y -0.124576 -0.062728 0.990225
Z 0.218413 -0.975253 -0.034302

PART 38
OFFSET 22.272439 3.276759 -5.918794
SCALE 1.000000 1.000000 1.000000
X -0.344636 0.930312 -0.125479
Y -0.408472 -0.028265 0.912333
Z 0.845208 0.365678 0.389748

PART 39
OFFSET 14.021954 -6.593330 -4.245501
SCALE 1.000000 1.000000 1.000000
X -0.980685 -0.195069 -0.014323
Y 0.113232 -0.625914 0.771629
Z -0.159486 0.755103 0.635912

PART 40
OFFSET 14.153899 -7.258163 -5.150078
SCALE 1.000000 1.000000 1.000000
X 0.009609 -0.901507 0.432658
Y 0.999353 0.023659 0.027103
Z -0.034670 0.432118 0.901151

PART 41
OFFSET 11.261176 -8.364756 -5.816959
SCALE 1.000000 1.000000 1.000000
X -0.895439 -0.260642 0.360908
Y 0.440632 -0.634525 0.634997
Z 0.063498 0.727629 0.683026

PART 42
OFFSET 11.374355 -7.840816 -5.305126
SCALE 1.000000 1.000000 1.000000
X -0.978587 -0.083915 0.187952
Y 0.200331 -0.598025 0.776037
Z 0.047279 0.797073 0.602030

PART 43
OFFSET 10.619437 -6.873961 -4.753572
SCALE 1.000000 1.000000 1.000000
X -0.470530 -0.878267 0.085134
Y 0.770646 -0.456022 -0.445139
Z 0.429774 -0.143843 0.891406

PART 44
OFFSET 6.241535 -8.553602 -3.841926
SCALE 1.000000 1.000000 1.000000
X -0.895339 -0.254846 0.365268
Y -0.445235 0.490889 -0.748862
Z 0.011539 -0.833115 -0.552979

PART 45
OFFSET 22.787439 -3.828542 -1.984997
SCALE 1.000000 1.000000 1.000000
X 1.000000 0.000000 -0.000000
Y -0.000000 0.848099 -0.529838
Z 0.000000 0.529838 0.848099

PART 46
OFFSET 24.173706 1.402336 -4.522060
SCALE 1.000000 1.000000 1.000000
X 0.267400 -0.477256 -0.837093
Y -0.917729 0.138666 -0.372217
Z 0.293719 0.867755 -0.400912

PART 47
OFFSET 24.017935 2.026258 -4.751634
SCALE 1.000000 1.000000 1.000000
X 0.340654 -0.489881 -0.802478
Y -0.940144 -0.185773 -0.285687
Z -0.009126 0.851766 -0.523843

PART 48
OFFSET 22.283902 3.798546 -5.586918
SCALE 1.000000 1.000000 1.000000
X 0.975212 -0.220722 0.015591
Y -0.107740 -0.535209 -0.837821
Z 0.193270 0.815373 -0.545723

PART 49
OFFSET 22.621355 3.670275 -4.712695
SCALE 1.000000 1.000000 1.000000
X 0.853142 -0.485576 -0.190694
Y -0.420689 -0.424212 -0.801914
Z 0.308495 0.764369 -0.566189

PART 50
OFFSET 21.517404 0.240430 -5.697186
SCALE 1.000000 1.000000 1.000000
X 0.992649 -0.082647 0.088421
Y -0.095449 -0.983755 0.152035
Z 0.074419 -0.159357 -0.984412

PART 51
OFFSET 15.668928 -6.027278 -4.329732
SCALE 1.000000 1.000000 1.000000
X 0.047993 -0.945873 0.320968
Y 0.941178 0.150430 0.302579
Z -0.334485 0.287566 0.897455

PART 52
OFFSET 14.105943 -5.482700 -5.995296
SCALE 1.000000 1.000000 1.000000
X 0.895798 -0.421702 0.140404
Y 0.406527 0.649687 -0.642373
Z 0.179671 0.632515 0.753421

PART 53
OFFSET 13.435602 -7.736478 -6.494994
SCALE 1.000000 1.000000 1.000000
X 0.016734 -0.856007 0.516694
Y 0.983058 -0.080254 -0.164794
Z 0.182532 0.510697 0.840161

PART 54
OFFSET 13.907974 -7.723441 -5.900393
SCALE 1.000000 1.000000 1.000000
X -0.094983 -0.873784 0.476949
Y 0.927612 -0.251563 -0.276139
Z 0.361269 0.416195 0.834426

PART 55
OFFSET 11.573687 -4.890867 -4.957720
SCALE 1.000000 1.000000 1.000000
X -0.870646 -0.459968 0.174371
Y 0.414045 -0.876637 -0.245100
Z 0.265599 -0.141198 0.953688

PART 56
OFFSET 24.172882 0.749770 -5.500736
SCALE 1.000000 1.000000 1.000000
X -0.587706 -0.412914 -0.695776
Y -0.764187 0.565756 0.309739
Z 0.265743 0.713738 -0.648042

PART 57
OFFSET 24.389493 1.287875 -5.961009
SCALE 1.000000 1.000000 1.000000
X -0.710114 -0.266463 -0.651717
Y -0.696487 0.401472 0.594749
Z 0.103168 0.876252 -0.470679

PART 58
OFFSET 23.637122 3.499002 -5.561871
SCALE 1.000000 1.000000 1.000000
X 0.597235 -0.648815 -0.471539
Y -0.701832 -0.138159 -0.698816
Z 0.388255 0.748299 -0.537873

PART 59
OFFSET 24.037063 2.901700 -5.020701
SCALE 1.000000 1.000000 1.000000
X 0.164912 -0.744991 -0.646369
Y -0.915376 0.128427 -0.381568
Z 0.367275 0.654596 -0.660767

PART 60
OFFSET 23.111014 0.323670 -5.714292
SCALE 1.000000 1.000000 1.000000
X 0.921551 0.336182 -0.194229
Y 0.384606 -0.858889 0.338214
Z -0.053120 -0.386383 -0.920808

PART 61
OFFSET 15.524758 -4.868108 -4.669835
SCALE 1.000000 1.000000 1.000000
X 0.456669 -0.829576 0.321335
Y 0.839103 0.521652 0.154225
Z -0.295566 0.199204 0.934322

PART 62
OFFSET 12.767604 -4.907925 -6.168658
SCALE 1.000000 1.000000 1.000000
X 0.829131 0.316471 -0.460856
Y -0.539564 0.668764 -0.511494
Z 0.146331 0.672757 0.725249

PART 63
OFFSET 13.418160 -6.558251 -7.211488
SCALE 1.000000 1.000000 1.000000
X 0.611769 -0.780444 0.129019
Y 0.768537 0.547786 -0.330576
Z 0.187322 0.301392 0.934919

PART 64
OFFSET 14.068277 -6.225767 -6.709566
SCALE 1.000000 1.000000 1.000000
X 0.786404 -0.616725 -0.034926
Y 0.509850 0.679967 -0.526970
Z 0.348744 0.396604 0.849166

PART 65
OFFSET 13.011424 -4.493634 -5.328106
SCALE 1.000000 1.000000 1.000000
X -0.916635 0.278126 0.287101
Y -0.319851 -0.941120 -0.109495
Z 0.239743 -0.192196 0.951622

PART 66
OFFSET 23.509110 0.283360 -6.286626
SCALE 1.000000 1.000000 1.000000
X 0.955896 -0.174941 -0.235922
Y 0.291396 0.464344 0.836345
Z -0.036762 -0.868205 0.494841

PART 67
OFFSET 23.586456 0.992006 -6.702880
SCALE 1.000000 1.000000 1.000000
X 0.982042 -0.111784 0.151979
Y -0.068057 0.541421 0.837993
Z -0.175959 -0.833287 0.524091

PART 68
OFFSET 24.170666 2.912594 -5.989181
SCALE 1.000000 1.000000 1.000000
X -0.423756 -0.477277 -0.769830
Y -0.817203 0.568013 0.097678
Z 0.390654 0.670499 -0.630731

PART 69
OFFSET 24.227814 1.893599 -5.975401
SCALE 1.000000 1.000000 1.000000
X -0.613140 -0.215764 -0.759938
Y -0.703670 0.586381 0.401255
Z 0.359037 0.780771 -0.511360

PART 70
OFFSET 24.111704 0.654906 -5.960739
SCALE 1.000000 1.000000 1.000000
X 0.793669 0.319329 0.517802
Y -0.606873 0.356315 0.710454
Z 0.042368 -0.878105 0.476589

PART 71
OFFSET 15.009001 -3.931105 -5.032742
SCALE 1.000000 1.000000 1.000000
X -0.989281 -0.144677 0.019768
Y -0.141205 0.913357 -0.381891
Z 0.037196 -0.380589 -0.923996

PART 72
OFFSET 11.827144 -5.270655 -5.652162
SCALE 1.000000 1.000000 1.000000
X -0.301112 -0.715459 0.630436
Y -0.933460 0.356271 -0.041524
Z -0.194897 -0.600990 -0.775130

PART 73
OFFSET 12.871259 -5.862826 -7.325440
SCALE 1.000000 1.000000 1.000000
X 0.920838 0.038881 -0.388003
Y -0.118224 0.976021 -0.182772
Z 0.371593 0.214174 0.903354

PART 74
OFFSET 12.948397 -5.397478 -6.654711
SCALE 1.000000 1.000000 1.000000
X 0.918522 0.196860 -0.342874
Y -0.323202 0.873364 -0.364383
Z 0.227721 0.445512 0.865830

PART 75
OFFSET 13.997185 -4.769609 -5.680252
SCALE 1.000000 1.000000 1.000000
X -0.896568 0.134791 -0.421898
Y 0.442898 0.266931 -0.855914
Z -0.002752 -0.954243 -0.299020

PART 76
OFFSET 23.768088 2.459167 -6.720538
SCALE 1.000000 1.000000 1.000000
X 0.780061 -0.089166 0.619318
Y -0.295010 0.820462 0.489705
Z -0.551792 -0.564704 0.613706

PART 77
OFFSET 23.562916 1.659596 -6.799541
SCALE 1.000000 1.000000 1.000000
X 0.923404 -0.116098 0.365849
Y -0.239288 0.571133 0.785206
Z -0.300109 -0.812606 0.499606

PART 78
OFFSET 11.996427 -5.899768 -6.956837
SCALE 1.000000 1.000000 1.000000
X -0.684159 -0.673507 0.279848
Y -0.635051 0.738810 0.225544
Z -0.358660 -0.023409 -0.933175

PART 79
OFFSET 11.952222 -5.610921 -6.282853
SCALE 1.000000 1.000000 1.000000
X -0.555588 -0.636020 0.535537
Y -0.800461 0.583379 -0.137593
Z -0.224909 -0.505121 -0.833228

PART 80
OFFSET 0.000000 0.000000 0.000000
SCALE 1.000000 1.000000 1.000000
X 1.000000 0.000000 0.000000
Y 0.000000 1.000000 0.000000
Z 0.000000 0.000000 1.000000

PART 81
OFFSET 0.000000 0.000000 0.000000
SCALE 1.000000 1.000000 1.000000
X 1.000000 0.000000 0.000000
Y 0.000000 1.000000 0.000000
Z 0.000000 0.000000 1.000000

PART 82
OFFSET 1.540551 -0.000001 4.135835
SCALE 1.000000 1.000000 1.000000
X 1.000000 0.000000 0.000000
Y 0.000000 1.000000 0.000000
Z 0.000000 0.000000 1.000000

PART 83
OFFSET -4.631835 0.000000 -1.376957
SCALE 1.000000 1.000000 1.000000
X 1.000000 0.000000 0.000000
Y 0.000000 1.000000 0.000000
Z 0.000000 0.000000 1.000000

FRAME 1
PART 0
OFFSET 0.000000 0.000000 0.000000
SCALE 1.000000 1.000000 1.000000
X 1.000000 0.000000 0.000000
Y 0.000000 1.000000 0.000000
Z 0.000000 0.000000 1.000000

PART 1
OFFSET 3.441880 -1.532221 -2.940430
SCALE 1.000000 1.000000 1.000000
X 0.495185 0.670843 -0.552051
Y 0.558046 -0.732613 -0.389696
Z -0.665865 -0.115098 -0.737141

PART 2
OFFSET -4.590699 -7.418568 1.972992
SCALE 1.000000 1.000000 1.000000
X -0.442844 0.495403 0.747305
Y -0.256453 -0.868655 0.423876
Z 0.859140 -0.003938 0.511726

PART 3
OFFSET 12.697553 -5.811206 -5.869747
SCALE 1.000000 1.000000 1.000000
X 0.999547 -0.005797 0.029542
Y 0.020054 0.860107 -0.509719
Z -0.022454 0.510080 0.859834

PART 4
OFFSET 13.745596 17.667068 -17.903065
SCALE 1.000000 1.000000 1.000000
X 0.998737 0.041892 -0.027740
Y 0.021387 0.145113 0.989184
Z 0.045465 -0.988528 0.144033

PART 5
OFFSET 9.643095 7.647359 -10.276850
SCALE 1.000000 1.000000 1.000000
X 0.810536 -0.412134 0.416146
Y -0.585680 -0.574444 0.571833
Z 0.003380 -0.707219 -0.706986

PART 6
OFFSET 0.962224 -14.300050 -7.839340
SCALE 1.000000 1.000000 1.000000
X -0.813459 -0.541963 -0.211095
Y 0.472118 -0.403308 -0.783867
Z 0.339690 -0.737305 0.583945

PART 7
OFFSET 12.697553 -5.811206 -5.869747
SCALE 1.000000 1.000000 1.000000
X 0.999547 -0.005797 0.029542
Y 0.020054 0.860107 -0.509719
Z -0.022454 0.510080 0.859834

PART 8
OFFSET 18.284748 4.807190 -6.125994
SCALE 1.000000 1.000000 1.000000
X 0.814009 -0.406770 0.414642
Y 0.002746 0.716538 0.697543
Z -0.580846 -0.566667 0.584385

PART 9
OFFSET 18.096869 3.928777 -7.549636
SCALE 1.000000 1.000000 1.000000
X 0.814009 -0.406770 0.414642
Y 0.002746 0.716538 0.697543
Z -0.580846 -0.566667 0.584385

PART 10
OFFSET 17.223345 3.054007 -4.533526
SCALE 1.000000 1.000000 1.000000
X 0.814009 -0.406770 0.414642
Y 0.002746 0.716538 0.697543
Z -0.580846 -0.566667 0.584385

PART 11
OFFSET 17.020698 2.034157 -5.388124
SCALE 1.000000 1.000000 1.000000
X 0.814009 -0.406770 0.414642
Y 0.002746 0.716538 0.697543
Z -0.580846 -0.566667 0.584385

PART 12
OFFSET 17.273376 2.314819 -6.525255
SCALE 1.000000 1.000000 1.000000
X 0.814009 -0.406770 0.414642
Y 0.002746 0.716538 0.697543
Z -0.580846 -0.566667 0.584385

PART 13
OFFSET 19.039484 2.576562 -5.573449
SCALE 1.000000 1.000000 1.000000
X 0.900981 -0.000100 0.433858
Y 0.018937 -0.999038 -0.039556
Z 0.433445 0.043855 -0.900112

PART 14
OFFSET 16.536970 4.141907 -6.736549
SCALE 1.000000 1.000000 1.000000
X 0.810536 -0.412134 0.416146
Y -0.585680 -0.574444 0.571833
Z 0.003380 -0.707219 -0.706986

PART 15
OFFSET 9.011132 -8.630494 -4.016407
SCALE 1.000000 1.000000 1.000000
X -0.817186 -0.537536 -0.207995
Y -0.344143 0.744530 -0.572049
Z 0.462355 -0.395891 -0.793409

PART 16
OFFSET 8.378226 -7.620646 -4.641813
SCALE 1.000000 1.000000 1.000000
X -0.817186 -0.537536 -0.207995
Y -0.344143 0.744530 -0.572049
Z 0.462355 -0.395891 -0.793409

PART 17
OFFSET 8.312829 -7.768719 -5.829042
SCALE 1.000000 1.000000 1.000000
X -0.817186 -0.537536 -0.207995
Y -0.344143 0.744530 -0.572049
Z 0.462355 -0.395891 -0.793409

PART 18
OFFSET 10.364719 -7.920878 -5.356713
SCALE 1.000000 1.000000 1.000000
X -0.971521 -0.236911 -0.004431
Y 0.181946 -0.733880 -0.654458
Z 0.151796 -0.636626 0.756085

PART 19
OFFSET 7.882989 -9.688133 -6.043529
SCALE 1.000000 1.000000 1.000000
X -0.813459 -0.541963 -0.211095
Y 0.472118 -0.403308 -0.783867
Z 0.339690 -0.737305 0.583945

PART 20
OFFSET 24.627444 -3.820985 -2.041018
SCALE 1.000000 1.000000 1.000000
X 0.999547 -0.005797 0.029542
Y 0.020054 0.860107 -0.509719
Z -0.022454 0.510080 0.859834

PART 21
OFFSET 16.353436 -3.778267 -2.282435
SCALE 1.000000 1.000000 1.000000
X 0.999547 -0.005797 0.029542
Y 0.020054 0.860107 -0.509719
Z -0.022454 0.510080 0.859834

PART 22
OFFSET 22.772001 -4.129910 -1.926444
SCALE 1.000000 1.000000 1.000000
X -0.028593 -0.489964 0.871274
Y 0.999547 -0.005797 0.029542
Z -0.009423 0.871724 0.489907

PART 23
OFFSET 31.981560 -3.863639 -1.823664
SCALE 1.000000 1.000000 1.000000
X 0.999547 -0.005797 0.029542
Y 0.020054 0.860107 -0.509719
Z -0.022454 0.510080 0.859834

PART 24
OFFSET 12.697553 -5.811206 -5.869747
SCALE 1.000000 1.000000 1.000000
X 0.999547 -0.005797 0.029542
Y 0.020054 0.860107 -0.509719
Z -0.022454 0.510080 0.859834

PART 25
OFFSET 25.414222 -3.825548 -2.017765
SCALE 1.000000 1.000000 1.000000
X 0.999547 -0.005797 0.029542
Y 0.020054 0.860107 -0.509719
Z -0.022454 0.510080 0.859834

PART 26
OFFSET 29.729093 -5.479149 -1.888100
SCALE 1.000000 1.000000 1.000000
X 0.999547 -0.005797 0.029542
Y 0.020054 0.860107 -0.509719
Z -0.022454 0.510080 0.859834

PART 27
OFFSET 21.511127 -1.787656 -3.616972
SCALE 1.000000 1.000000 1.000000
X 0.999547 -0.005797 0.029542
Y 0.020054 0.860107 -0.509719
Z -0.022454 0.510080 0.859834

PART 28
OFFSET 12.146163 -3.239174 -1.550307
SCALE 1.000000 1.000000 1.000000
X 0.999547 -0.005797 0.029542
Y 0.020054 0.860107 -0.509719
Z -0.022454 0.510080 0.859834

PART 29
OFFSET 12.146163 -3.239174 -1.550307
SCALE 1.000000 1.000000 1.000000
X 0.999547 -0.005797 0.029542
Y 0.020054 0.860107 -0.509719
Z -0.022454 0.510080 0.859834

PART 30
OFFSET 11.710385 -4.571917 -3.817388
SCALE 1.000000 1.000000 1.000000
X 0.999547 -0.005797 0.029542
Y 0.020054 0.860107 -0.509719
Z -0.022454 0.510080 0.859834

PART 31
OFFSET 22.827921 -0.382210 -4.115220
SCALE 1.000000 1.000000 1.000000
X 0.999547 -0.005797 0.029542
Y 0.020054 0.860107 -0.509719
Z -0.022454 0.510080 0.859834

PART 32
OFFSET 22.445964 1.807223 -3.617663
SCALE 1.000000 1.000000 1.000000
X 0.969687 -0.141742 -0.199039
Y -0.213800 -0.097772 -0.971972
Z 0.118309 0.985063 -0.125112

PART 33
OFFSET 22.399507 2.916625 -3.740274
SCALE 1.000000 1.000000 1.000000
X 0.880885 -0.369348 -0.296013
Y -0.362563 -0.124478 -0.923609
Z 0.304286 0.920916 -0.243563

PART 34
OFFSET 19.888436 3.925927 -5.287517
SCALE 1.000000 1.000000 1.000000
X 0.998608 0.045940 -0.025932
Y -0.001820 -0.461280 -0.887253
Z -0.052723 0.886064 -0.460554

PART 35
OFFSET 19.956108 3.063785 -5.060220
SCALE 1.000000 1.000000 1.000000
X 0.962444 0.153930 0.223621
Y 0.248393 -0.166898 -0.954173
Z -0.109554 0.973884 -0.198865

PART 36
OFFSET 19.662708 1.549895 -5.754088
SCALE 1.000000 1.000000 1.000000
X 0.785892 -0.614520 0.068836
Y -0.617360 -0.773403 0.143923
Z -0.035206 -0.155605 -0.987192

PART 37
OFFSET 22.079337 1.013525 -4.781268
SCALE 1.000000 1.000000 1.000000
X 0.964591 0.205291 0.165591
Y -0.151860 -0.081039 0.985074
Z 0.215646 -0.975340 -0.046995

PART 38
OFFSET 22.132520 3.181523 -5.747526
SCALE 1.000000 1.000000 1.000000
X -0.337616 0.933984 -0.117003
Y -0.433388 -0.043898 0.900138
Z 0.835578 0.354608 0.419598

PART 39
OFFSET 14.050342 -6.703382 -4.546025
SCALE 1.000000 1.000000 1.000000
X -0.978761 -0.203769 -0.022483
Y 0.115163 -0.637238 0.762014
Z -0.169601 0.743240 0.647170

PART 40
OFFSET 14.203242 -7.349187 -5.460199
SCALE 1.000000 1.000000 1.000000
X -0.007971 -0.911511 0.411198
Y 0.998227 0.017000 0.057036
Z -0.058979 0.410923 0.909760

PART 41
OFFSET 11.325641 -8.422306 -6.237984
SCALE 1.000000 1.000000 1.000000
X -0.907084 -0.263698 0.328120
Y 0.418300 -0.651978 0.632415
Z 0.047160 0.710906 0.701704

PART 42
OFFSET 11.426433 -7.911286 -5.710732
SCALE 1.000000 1.000000 1.000000
X -0.984145 -0.082441 0.157044
Y 0.174135 -0.617373 0.767155
Z 0.033710 0.782339 0.621940

PART 43
OFFSET 10.660702 -6.953198 -5.158786
SCALE 1.000000 1.000000 1.000000
X -0.477503 -0.877186 0.050355
Y 0.781025 -0.450013 -0.432999
Z 0.402481 -0.167430 0.899987

PART 44
OFFSET 6.248910 -8.627526 -4.416474
SCALE 1.000000 1.000000 1.000000
X -0.907082 -0.258008 0.332617
Y -0.420301 0.511101 -0.749749
Z 0.023440 -0.819883 -0.572051

PART 45
OFFSET 22.742520 -4.045107 -1.944506
SCALE 1.000000 1.000000 1.000000
X 0.999547 -0.005797 0.029542
Y 0.020054 0.860107 -0.509719
Z -0.022454 0.510080 0.859834

PART 46
OFFSET 24.152730 1.597774 -3.931410
SCALE 1.000000 1.000000 1.000000
X 0.573871 -0.341015 -0.744567
Y -0.785570 0.027683 -0.618153
Z 0.231412 0.939650 -0.252005

PART 47
OFFSET 24.110012 2.222332 -4.273078
SCALE 1.000000 1.000000 1.000000
X 0.617887 -0.336751 -0.710503
Y -0.784711 -0.320941 -0.530308
Z -0.049447 0.885210 -0.462557

PART 48
OFFSET 22.148379 3.823346 -5.414292
SCALE 1.000000 1.000000 1.000000
X 0.991660 -0.082151 0.099301
Y 0.049607 -0.467834 -0.882423
Z 0.118948 0.879990 -0.459858

PART 49
OFFSET 22.435365 3.604911 -4.492352
SCALE 1.000000 1.000000 1.000000
X 0.940701 -0.331835 -0.070481
Y -0.222955 -0.448174 -0.865697
Z 0.255681 0.830076 -0.495582

PART 50
OFFSET 21.306389 0.125874 -5.621576
SCALE 1.000000 1.000000 1.000000
X 0.972176 -0.205339 0.112737
Y -0.221853 -0.961578 0.161706
Z 0.075201 -0.182218 -0.980378

PART 51
OFFSET 15.727889 -6.174769 -4.590014
SCALE 1.000000 1.000000 1.000000
X -0.108108 -0.951544 0.287883
Y 0.932376 0.003431 0.361473
Z -0.344945 0.307494 0.886826

PART 52
OFFSET 14.189719 -5.554008 -6.264011
SCALE 1.000000 1.000000 1.000000
X 0.889004 -0.430280 0.156622
Y 0.428776 0.662214 -0.614512
Z 0.160695 0.613459 0.773204

PART 53
OFFSET 13.522459 -7.791288 -6.836650
SCALE 1.000000 1.000000 1.000000
X -0.003090 -0.868052 0.496464
Y 0.987056 -0.082253 -0.137674
Z 0.160344 0.489613 0.857070

PART 54
OFFSET 13.977121 -7.795134 -6.228272
SCALE 1.000000 1.000000 1.000000
X -0.113677 -0.884213 0.453040
Y 0.934014 -0.250549 -0.254643
Z 0.338667 0.394199 0.854349

PART 55
OFFSET 11.631097 -4.971613 -5.287576
SCALE 1.000000 1.000000 1.000000
X -0.877851 -0.458710 0.137706
Y 0.416438 -0.873082 -0.253591
Z 0.236553 -0.165268 0.957460

PART 56
OFFSET 24.661508 1.060968 -4.881282
SCALE 1.000000 1.000000 1.000000
X -0.061210 -0.453909 -0.888943
Y -0.948723 0.303180 -0.089482
Z 0.310126 0.837884 -0.449191

PART 57
OFFSET 24.981536 1.702052 -5.326672
SCALE 1.000000 1.000000 1.000000
X -0.271159 -0.417153 -0.867442
Y -0.962527 0.113997 0.246061
Z -0.003759 0.901658 -0.432433

PART 58
OFFSET 23.511327 3.718037 -5.273192
SCALE 1.000000 1.000000 1.000000
X 0.771117 -0.493300 -0.402535
Y -0.552235 -0.203534 -0.808462
Z 0.316885 0.845712 -0.429366

PART 59
OFFSET 23.954492 3.098314 -4.593336
SCALE 1.000000 1.000000 1.000000
X 0.503485 -0.633280 -0.587758
Y -0.801486 -0.088270 -0.591462
Z 0.322680 0.768872 -0.552008

PART 60
OFFSET 22.906614 -0.093718 -5.573172
SCALE 1.000000 1.000000 1.000000
X 0.993428 -0.008703 -0.114126
Y 0.036527 -0.920862 0.388174
Z -0.108472 -0.389791 -0.914492

PART 61
OFFSET 15.832855 -4.999931 -4.887056
SCALE 1.000000 1.000000 1.000000
X 0.198978 -0.928180 0.314469
Y 0.922114 0.285976 0.260621
Z -0.331834 0.238118 0.912790

PART 62
OFFSET 12.860160 -4.967261 -6.462943
SCALE 1.000000 1.000000 1.000000
X 0.844055 0.322269 -0.428619
Y -0.520654 0.683887 -0.511095
Z 0.128417 0.654555 0.745028

PART 63
OFFSET 13.532456 -6.596390 -7.525131
SCALE 1.000000 1.000000 1.000000
X 0.603532 -0.786939 0.128362
Y 0.780870 0.550805 -0.294715
Z 0.161220 0.278104 0.946925

PART 64
OFFSET 14.169220 -6.279766 -6.996544
SCALE 1.000000 1.000000 1.000000
X 0.783802 -0.620448 -0.026437
Y 0.528804 0.689139 -0.495433
Z 0.325609 0.374341 0.868244

PART 65
OFFSET 13.081241 -4.574403 -5.605972
SCALE 1.000000 1.000000 1.000000
X -0.923224 0.276780 0.266551
Y -0.321476 -0.936331 -0.141198
Z 0.210499 -0.216047 0.953422

PART 66
OFFSET 24.592418 0.548268 -5.885333
SCALE 1.000000 1.000000 1.000000
X 0.963641 0.110396 0.243330
Y -0.267186 0.408023 0.873000
Z -0.002908 -0.906273 0.422684

PART 67
OFFSET 24.675080 1.235898 -6.312352
SCALE 1.000000 1.000000 1.000000
X 0.822676 0.185551 0.537378
Y -0.560734 0.420639 0.713190
Z -0.093709 -0.888050 0.450094

PART 68
OFFSET 24.192248 3.281735 -5.626007
SCALE 1.000000 1.000000 1.000000
X -0.100415 -0.522884 -0.846468
Y -0.926972 0.358232 -0.111324
Z 0.361442 0.773474 -0.520671

PART 69
OFFSET 24.654713 2.237636 -5.441920
SCALE 1.000000 1.000000 1.000000
X -0.232882 -0.380004 -0.895189
Y -0.941202 0.319735 0.109126
Z 0.244754 0.867967 -0.432121

PART 70
OFFSET 23.976572 -0.136655 -5.731855
SCALE 1.000000 1.000000 1.000000
X 0.810540 0.054156 0.583174
Y -0.502202 0.576605 0.644453
Z -0.301360 -0.815226 0.494558

PART 71
OFFSET 15.608153 -3.951570 -5.242203
SCALE 1.000000 1.000000 1.000000
X -0.990577 0.111089 -0.080097
Y 0.131942 0.930862 -0.340716
Z 0.036709 -0.348074 -0.936748

PART 72
OFFSET 11.902936 -5.336418 -5.983097
SCALE 1.000000 1.000000 1.000000
X -0.323405 -0.728319 0.604120
Y -0.929918 0.362761 -0.060476
Z -0.175106 -0.581340 -0.794596

PART 73
OFFSET 12.992866 -5.895192 -7.638552
SCALE 1.000000 1.000000 1.000000
X 0.932092 0.042490 -0.359720
Y -0.107581 0.980758 -0.162913
Z 0.345876 0.190549 0.918728

PART 74
OFFSET 13.052628 -5.446281 -6.954970
SCALE 1.000000 1.000000 1.000000
X 0.929285 0.199371 -0.310936
Y -0.307648 0.883652 -0.352863
Z 0.204409 0.423569 0.882500

PART 75
OFFSET 14.075494 -4.847912 -5.935437
SCALE 1.000000 1.000000 1.000000
X -0.882983 0.150104 -0.444758
Y 0.469404 0.284394 -0.835931
Z 0.001010 -0.946884 -0.321575

PART 76
OFFSET 24.096851 2.784980 -6.430172
SCALE 1.000000 1.000000 1.000000
X 0.605929 0.062375 0.793070
Y -0.589651 0.704415 0.395109
Z -0.534005 -0.707042 0.463605

PART 77
OFFSET 24.402197 1.825532 -6.412723
SCALE 1.000000 1.000000 1.000000
X 0.741410 0.175400 0.647724
Y -0.646899 0.443449 0.620382
Z -0.178417 -0.878970 0.442244

PART 78
OFFSET 12.107342 -5.935562 -7.296818
SCALE 1.000000 1.000000 1.000000
X -0.695699 -0.675798 0.243514
Y -0.637500 0.737086 0.224272
Z -0.331054 0.000786 -0.943611

PART 79
OFFSET 12.044782 -5.662447 -6.617749
SCALE 1.000000 1.000000 1.000000
X -0.574541 -0.645132 0.503693
Y -0.792933 0.591269 -0.147165
Z -0.202877 -0.483947 -0.851255

PART 80
OFFSET 0.000000 0.000000 0.000000
SCALE 1.000000 1.000000 1.000000
X 1.000000 0.000000 0.000000
Y 0.000000 1.000000 0.000000
Z 0.000000 0.000000 1.000000

PART 81
OFFSET 0.000000 0.000000 0.000000
SCALE 1.000000 1.000000 1.000000
X 0.999999 0.000337 -0.001419
Y -0.000334 0.999998 0.001892
Z 0.001419 -0.001892 0.999997

PART 82
OFFSET 1.546419 -0.007306 4.133637
SCALE 1.000000 1.000000 1.000000
X 0.999999 0.000337 -0.001419
Y -0.000334 0.999998 0.001892
Z 0.001419 -0.001892 0.999997

PART 83
OFFSET -4.633784 0.001044 -1.370382
SCALE 1.000000 1.000000 1.000000
X 0.999999 0.000337 -0.001419
Y -0.000334 0.999998 0.001892
Z 0.001419 -0.001892 0.999997

FRAME 2
PART 0
OFFSET 0.000000 0.000000 0.000000
SCALE 1.000000 1.000000 1.000000
X 1.000000 0.000000 0.000000
Y 0.000000 1.000000 0.000000
Z 0.000000 0.000000 1.000000

PART 1
OFFSET 3.270259 -1.733008 -3.014303
SCALE 1.000000 1.000000 1.000000
X 0.502298 0.660747 -0.557773
Y 0.570891 -0.737889 -0.360004
Z -0.649446 -0.137598 -0.747854

PART 2
OFFSET -4.042682 -7.480481 0.054416
SCALE 1.000000 1.000000 1.000000
X -0.430806 0.494886 0.754648
Y -0.308223 -0.866630 0.392366
Z 0.848177 -0.063566 0.525885

PART 3
OFFSET 12.922410 -6.009499 -6.706287
SCALE 1.000000 1.000000 1.000000
X 0.993763 -0.021372 0.109443
Y 0.068810 0.889848 -0.451038
Z -0.087748 0.455756 0.885769

PART 4
OFFSET 13.745596 17.667068 -17.903065
SCALE 1.000000 1.000000 1.000000
X 0.998737 0.041892 -0.027740
Y 0.021387 0.145113 0.989184
Z 0.045465 -0.988528 0.144033

PART 5
OFFSET 9.583470 7.339866 -10.459646
SCALE 1.000000 1.000000 1.000000
X 0.793001 -0.409674 0.450906
Y -0.608936 -0.555592 0.566140
Z 0.018587 -0.723523 -0.690050

PART 6
OFFSET 1.412962 -14.447937 -9.989690
SCALE 1.000000 1.000000 1.000000
X -0.788977 -0.537958 -0.296844
Y 0.530983 -0.353893 -0.769946
Z 0.309147 -0.765089 0.564860

PART 7
OFFSET 12.922410 -6.009499 -6.706287
SCALE 1.000000 1.000000 1.000000
X 0.993763 -0.021372 0.109443
Y 0.068810 0.889848 -0.451038
Z -0.087748 0.455756 0.885769

PART 8
OFFSET 18.062419 4.518773 -5.973757
SCALE 1.000000 1.000000 1.000000
X 0.796572 -0.404377 0.449390
Y -0.012077 0.732562 0.680593
Z -0.604423 -0.547569 0.578655

PART 9
OFFSET 17.910632 3.609132 -7.382010
SCALE 1.000000 1.000000 1.000000
X 0.796572 -0.404377 0.449390
Y -0.012077 0.732562 0.680593
Z -0.604423 -0.547569 0.578655

PART 10
OFFSET 16.934433 2.812955 -4.375629
SCALE 1.000000 1.000000 1.000000
X 0.796572 -0.404377 0.449390
Y -0.012077 0.732562 0.680593
Z -0.604423 -0.547569 0.578655

PART 11
OFFSET 16.748658 1.775331 -5.212481
SCALE 1.000000 1.000000 1.000000
X 0.796572 -0.404377 0.449390
Y -0.012077 0.732562 0.680593
Z -0.604423 -0.547569 0.578655

PART 12
OFFSET 17.039604 2.027075 -6.347233
SCALE 1.000000 1.000000 1.000000
X 0.796572 -0.404377 0.449390
Y -0.012077 0.732562 0.680593
Z -0.604423 -0.547569 0.578655

PART 13
OFFSET 18.775585 2.296145 -5.381622
SCALE 1.000000 1.000000 1.000000
X 0.863691 -0.037879 0.502596
Y 0.007177 -0.996147 -0.087408
Z 0.503970 0.079101 -0.860091

PART 14
OFFSET 16.328182 3.855362 -6.623693
SCALE 1.000000 1.000000 1.000000
X 0.793001 -0.409674 0.450906
Y -0.608936 -0.555592 0.566140
Z 0.018587 -0.723523 -0.690050

PART 15
OFFSET 9.095273 -8.915284 -5.308297
SCALE 1.000000 1.000000 1.000000
X -0.792974 -0.533751 -0.293773
Y -0.314516 0.771591 -0.552925
Z 0.521797 -0.346059 -0.779725

PART 16
OFFSET 8.492561 -7.878896 -5.919962
SCALE 1.000000 1.000000 1.000000
X -0.792974 -0.533751 -0.293773
Y -0.314516 0.771591 -0.552925
Z 0.521797 -0.346059 -0.779725

PART 17
OFFSET 8.511563 -7.961173 -7.115196
SCALE 1.000000 1.000000 1.000000
X -0.792974 -0.533751 -0.293773
Y -0.314516 0.771591 -0.552925
Z 0.521797 -0.346059 -0.779725

PART 18
OFFSET 10.522532 -8.111004 -6.514610
SCALE 1.000000 1.000000 1.000000
X -0.969907 -0.223146 -0.097393
Y 0.228255 -0.694159 -0.682673
Z 0.084729 -0.684360 0.724205

PART 19
OFFSET 8.125439 -9.870089 -7.464290
SCALE 1.000000 1.000000 1.000000
X -0.788977 -0.537958 -0.296844
Y 0.530983 -0.353893 -0.769946
Z 0.309147 -0.765089 0.564860

PART 20
OFFSET 24.518978 -4.426029 -1.811935
SCALE 1.000000 1.000000 1.000000
X 0.993763 -0.021372 0.109443
Y 0.068810 0.889848 -0.451038
Z -0.087748 0.455756 0.885769

PART 21
OFFSET 16.292544 -4.254574 -2.715101
SCALE 1.000000 1.000000 1.000000
X 0.993763 -0.021372 0.109443
Y 0.068810 0.889848 -0.451038
Z -0.087748 0.455756 0.885769

PART 22
OFFSET 22.657750 -4.715951 -1.866784
SCALE 1.000000 1.000000 1.000000
X -0.103459 -0.542877 0.833415
Y 0.993763 -0.021372 0.109443
Z -0.041602 0.839540 0.541703

PART 23
OFFSET 31.830542 -4.583271 -1.006714
SCALE 1.000000 1.000000 1.000000
X 0.993763 -0.021372 0.109443
Y 0.068810 0.889848 -0.451038
Z -0.087748 0.455756 0.885769

PART 24
OFFSET 12.922410 -6.009499 -6.706287
SCALE 1.000000 1.000000 1.000000
X 0.993763 -0.021372 0.109443
Y 0.068810 0.889848 -0.451038
Z -0.087748 0.455756 0.885769

PART 25
OFFSET 25.301203 -4.442851 -1.725788
SCALE 1.000000 1.000000 1.000000
X 0.993763 -0.021372 0.109443
Y 0.068810 0.889848 -0.451038
Z -0.087748 0.455756 0.885769

PART 26
OFFSET 29.576825 -6.160497 -1.354204
SCALE 1.000000 1.000000 1.000000
X 0.993763 -0.021372 0.109443
Y 0.068810 0.889848 -0.451038
Z -0.087748 0.455756 0.885769

PART 27
OFFSET 21.558588 -2.255765 -3.501768
SCALE 1.000000 1.000000 1.000000
X 0.993763 -0.021372 0.109443
Y 0.068810 0.889848 -0.451038
Z -0.087748 0.455756 0.885769

PART 28
OFFSET 12.044559 -3.704358 -2.291239
SCALE 1.000000 1.000000 1.000000
X 0.993763 -0.021372 0.109443
Y 0.068810 0.889848 -0.451038
Z -0.087748 0.455756 0.885769

PART 29
OFFSET 12.044559 -3.704358 -2.291239
SCALE 1.000000 1.000000 1.000000
X 0.993763 -0.021372 0.109443
Y 0.068810 0.889848 -0.451038
Z -0.087748 0.455756 0.885769

PART 30
OFFSET 11.782695 -4.887084 -4.665760
SCALE 1.000000 1.000000 1.000000
X 0.993763 -0.021372 0.109443
Y 0.068810 0.889848 -0.451038
Z -0.087748 0.455756 0.885769

PART 31
OFFSET 22.923637 -0.840229 -3.802555
SCALE 1.000000 1.000000 1.000000
X 0.993763 -0.021372 0.109443
Y 0.068810 0.889848 -0.451038
Z -0.087748 0.455756 0.885769

PART 32
OFFSET 21.943916 1.373778 -3.165587
SCALE 1.000000 1.000000 1.000000
X 0.929400 0.068894 0.362587
Y 0.355087 0.100988 -0.929363
Z -0.100644 0.992499 0.069395

PART 33
OFFSET 21.937024 2.466093 -3.288829
SCALE 1.000000 1.000000 1.000000
X 0.978863 -0.107423 0.174031
Y 0.176875 0.017474 -0.984078
Z 0.102671 0.994060 0.036105

PART 34
OFFSET 19.618537 3.479128 -4.968301
SCALE 1.000000 1.000000 1.000000
X 0.976896 0.198460 0.079299
Y 0.129894 -0.256709 -0.957720
Z -0.169713 0.945893 -0.276556

PART 35
OFFSET 19.695078 2.692746 -4.833262
SCALE 1.000000 1.000000 1.000000
X 0.922806 0.178044 0.341656
Y 0.341176 0.034280 -0.939374
Z -0.178962 0.983425 -0.029111

PART 36
OFFSET 19.347725 1.216345 -5.556938
SCALE 1.000000 1.000000 1.000000
X 0.760178 -0.642981 0.093304
Y -0.645633 -0.731499 0.219244
Z -0.072718 -0.226904 -0.971199

PART 37
OFFSET 21.719614 0.640130 -4.432071
SCALE 1.000000 1.000000 1.000000
X 0.951388 0.178986 0.250647
Y -0.230581 -0.125600 0.964913
Z 0.204188 -0.975801 -0.078224

PART 38
OFFSET 21.881331 2.850834 -5.282564
SCALE 1.000000 1.000000 1.000000
X -0.313387 0.944692 -0.096675
Y -0.503916 -0.079146 0.860119
Z 0.804896 0.318266 0.500849

PART 39
OFFSET 14.145312 -6.991712 -5.338944
SCALE 1.000000 1.000000 1.000000
X -0.972592 -0.224783 -0.059470
Y 0.109991 -0.670117 0.734061
Z -0.204857 0.707401 0.676474

PART 40
OFFSET 14.361447 -7.585444 -6.273132
SCALE 1.000000 1.000000 1.000000
X -0.048853 -0.935116 0.350959
Y 0.990431 0.000053 0.138008
Z -0.129072 0.354343 0.926165

PART 41
OFFSET 11.547488 -8.569517 -7.345675
SCALE 1.000000 1.000000 1.000000
X -0.932851 -0.271409 0.236908
Y 0.360240 -0.695564 0.621625
Z -0.003930 0.665228 0.746630

PART 42
OFFSET 11.609482 -8.093648 -6.780874
SCALE 1.000000 1.000000 1.000000
X -0.994286 -0.078854 0.071960
Y 0.106257 -0.666133 0.738225
Z -0.010277 0.741653 0.670705

PART 43
OFFSET 10.809555 -7.161545 -6.232949
SCALE 1.000000 1.000000 1.000000
X -0.487303 -0.872146 -0.043557
Y 0.809765 -0.432653 -0.396349
Z 0.326829 -0.228413 0.917066

PART 44
OFFSET 6.338331 -8.819537 -5.954493
SCALE 1.000000 1.000000 1.000000
X -0.933167 -0.266010 0.241741
Y -0.353901 0.562290 -0.747385
Z 0.062883 -0.782987 -0.618852

PART 45
OFFSET 22.630601 -4.629782 -1.881742
SCALE 1.000000 1.000000 1.000000
X 0.993763 -0.021372 0.109443
Y 0.068810 0.889848 -0.451038
Z -0.087748 0.455756 0.885769

PART 46
OFFSET 23.536070 1.524931 -2.473956
SCALE 1.000000 1.000000 1.000000
X 0.960929 -0.068331 -0.268226
Y -0.266283 0.036292 -0.963212
Z 0.075552 0.997002 0.016679

PART 47
OFFSET 23.805202 2.270552 -2.910414
SCALE 1.000000 1.000000 1.000000
X 0.965343 -0.017481 -0.260398
Y -0.250086 -0.347279 -0.903800
Z -0.074632 0.937599 -0.339615

PART 48
OFFSET 21.890723 3.723545 -4.926473
SCALE 1.000000 1.000000 1.000000
X 0.938348 0.127866 0.321175
Y 0.344559 -0.270759 -0.898871
Z -0.027973 0.954117 -0.298124

PART 49
OFFSET 22.051375 3.303156 -3.926403
SCALE 1.000000 1.000000 1.000000
X 0.967437 -0.064748 0.244691
Y 0.203451 -0.376189 -0.903930
Z 0.150578 0.924278 -0.350766

PART 50
OFFSET 20.881073 -0.234814 -5.393955
SCALE 1.000000 1.000000 1.000000
X 0.870328 -0.456770 0.184094
Y -0.483072 -0.864514 0.138771
Z 0.095766 -0.209707 -0.973063

PART 51
OFFSET 15.854077 -6.559143 -5.264677
SCALE 1.000000 1.000000 1.000000
X -0.436179 -0.884553 0.165270
Y 0.823902 -0.318714 0.468622
Z -0.361846 0.340570 0.867802

PART 52
OFFSET 14.428048 -5.743760 -6.960686
SCALE 1.000000 1.000000 1.000000
X 0.869777 -0.451049 0.200109
Y 0.482656 0.693322 -0.535115
Z 0.102623 0.562014 0.820737

PART 53
OFFSET 13.790768 -7.931991 -7.724946
SCALE 1.000000 1.000000 1.000000
X -0.050534 -0.897108 0.438911
Y 0.994246 -0.086749 -0.062837
Z 0.094447 0.433211 0.896330

PART 54
OFFSET 14.194595 -7.979727 -7.083462
SCALE 1.000000 1.000000 1.000000
X -0.157370 -0.909057 0.385811
Y 0.949456 -0.246726 -0.194063
Z 0.271604 0.335770 0.901937

PART 55
OFFSET 11.803665 -5.188961 -6.158212
SCALE 1.000000 1.000000 1.000000
