// Export time: Fri Jun 17 04:00:09 2022

ANIMATION
VERSION 3

NUMPARTS 84
PART 0 "tag_torso"
PART 1 "j_shoulder_le"
PART 2 "j_shoulder_ri"
PART 3 "tag_weapon"
PART 4 "tag_weapon1"
PART 5 "j_elbow_le"
PART 6 "j_elbow_ri"
PART 7 "j_gun"
PART 8 "j_sleave_reshape_bottom_le_1"
PART 9 "j_sleave_reshape_bottom_le_2"
PART 10 "j_sleave_reshape_top_le_1"
PART 11 "j_sleave_reshape_top_le_2"
PART 12 "j_sleave_reshape_top_le_3"
PART 13 "j_wrist_le"
PART 14 "j_wristtwist_le"
PART 15 "j_sleave_reshape_top_ri_1"
PART 16 "j_sleave_reshape_top_ri_2"
PART 17 "j_sleave_reshape_top_ri_3"
PART 18 "j_wrist_ri"
PART 19 "j_wristtwist_ri"
PART 20 "tag_barrel"
PART 21 "tag_bolt_animate"
PART 22 "tag_brass"
PART 23 "tag_flash"
PART 24 "tag_grip"
PART 25 "tag_handguard"
PART 26 "tag_laser"
PART 27 "tag_mag_release_animate"
PART 28 "tag_sights_off"
PART 29 "tag_sights_on"
PART 30 "tag_stock"
PART 31 "tag_ext_mag_animate"
PART 32 "j_index_le_0"
PART 33 "j_mid_le_0"
PART 34 "j_pinkypalm_le"
PART 35 "j_ringpalm_le"
PART 36 "j_thumb_le_0"
PART 37 "j_webbing_le"
PART 38 "tag_knife_attach"
PART 39 "j_index_ri_0"
PART 40 "j_mid_ri_0"
PART 41 "j_pinkypalm_ri"
PART 42 "j_ringpalm_ri"
PART 43 "j_thumb_ri_0"
PART 44 "j_webbing_ri"
PART 45 "tag_ext_mag_bullet_animate"
PART 46 "j_index_le_1"
PART 47 "j_mid_le_1"
PART 48 "j_pinky_le_0"
PART 49 "j_ring_le_0"
PART 50 "j_thumb_le_1"
PART 51 "j_index_ri_1"
PART 52 "j_mid_ri_1"
PART 53 "j_pinky_ri_0"
PART 54 "j_ring_ri_0"
PART 55 "j_thumb_ri_1"
PART 56 "j_index_le_2"
PART 57 "j_mid_le_2"
PART 58 "j_pinky_le_1"
PART 59 "j_ring_le_1"
PART 60 "j_thumb_le_2"
PART 61 "j_index_ri_2"
PART 62 "j_mid_ri_2"
PART 63 "j_pinky_ri_1"
PART 64 "j_ring_ri_1"
PART 65 "j_thumb_ri_2"
PART 66 "j_index_le_3"
PART 67 "j_mid_le_3"
PART 68 "j_pinky_le_2"
PART 69 "j_ring_le_2"
PART 70 "j_thumb_le_3"
PART 71 "j_index_ri_3"
PART 72 "j_mid_ri_3"
PART 73 "j_pinky_ri_2"
PART 74 "j_ring_ri_2"
PART 75 "j_thumb_ri_3"
PART 76 "j_pinky_le_3"
PART 77 "j_ring_le_3"
PART 78 "j_pinky_ri_3"
PART 79 "j_ring_ri_3"
PART 80 "tag_cambone"
PART 81 "tag_camera"
PART 82 "tag_gasmask"
PART 83 "tag_gasmask2"

FRAMERATE 30
NUMFRAMES 34
FRAME 0
PART 0
OFFSET 0.000000 0.000000 0.000000
SCALE 1.000000 1.000000 1.000000
X 1.000000 0.000000 0.000000
Y 0.000000 1.000000 0.000000
Z 0.000000 0.000000 1.000000

PART 1
OFFSET 4.818640 3.010927 -6.099451
SCALE 1.000000 1.000000 1.000000
X 0.232007 0.752468 -0.616413
Y 0.342457 -0.656318 -0.672287
Z -0.910437 -0.055119 -0.409958

PART 2
OFFSET 0.063710 -8.610122 -4.980129
SCALE 1.000000 1.000000 1.000000
X -0.544453 0.379029 0.748270
Y -0.770626 -0.578294 -0.267790
Z 0.331219 -0.722435 0.606944

PART 3
OFFSET 18.791609 -16.344173 -10.285420
SCALE 1.000000 1.000000 1.000000
X 0.583338 -0.238631 -0.776384
Y 0.318779 0.946435 -0.051383
Z 0.747059 -0.217522 0.628162

PART 4
OFFSET 13.745596 17.667068 -17.903065
SCALE 1.000000 1.000000 1.000000
X 0.998737 0.041892 -0.027740
Y 0.021387 0.145113 0.989184
Z 0.045465 -0.988528 0.144033

PART 5
OFFSET 7.681842 13.558222 -14.298656
SCALE 1.000000 1.000000 1.000000
X 0.826081 -0.556386 0.089585
Y -0.454996 -0.564677 0.688563
Z -0.332520 -0.609569 -0.719622

PART 6
OFFSET 6.685341 -13.415278 -14.608825
SCALE 1.000000 1.000000 1.000000
X -0.804356 0.350312 -0.479889
Y 0.404848 -0.268014 -0.874223
Z -0.434868 -0.897469 0.073755

PART 7
OFFSET 18.791609 -16.344173 -10.285420
SCALE 1.000000 1.000000 1.000000
X 0.583338 -0.238631 -0.776384
Y 0.318779 0.946435 -0.051383
Z 0.747059 -0.217522 0.628162

PART 8
OFFSET 16.640633 9.191756 -13.493437
SCALE 1.000000 1.000000 1.000000
X 0.829686 -0.551342 0.087426
Y 0.336692 0.619163 0.709419
Z -0.445263 -0.559160 0.699343

PART 9
OFFSET 15.874200 8.525485 -14.835944
SCALE 1.000000 1.000000 1.000000
X 0.829686 -0.551342 0.087426
Y 0.336692 0.619163 0.709419
Z -0.445263 -0.559160 0.699343

PART 10
OFFSET 15.882148 7.398437 -11.777369
SCALE 1.000000 1.000000 1.000000
X 0.829686 -0.551342 0.087426
Y 0.336692 0.619163 0.709419
Z -0.445263 -0.559160 0.699343

PART 11
OFFSET 15.261173 6.524422 -12.590993
SCALE 1.000000 1.000000 1.000000
X 0.829686 -0.551342 0.087426
Y 0.336692 0.619163 0.709419
Z -0.445263 -0.559160 0.699343

PART 12
OFFSET 15.178837 6.910322 -13.722358
SCALE 1.000000 1.000000 1.000000
X 0.829686 -0.551342 0.087426
Y 0.336692 0.619163 0.709419
Z -0.445263 -0.559160 0.699343

PART 13
OFFSET 17.420081 7.087698 -13.126075
SCALE 1.000000 1.000000 1.000000
X 0.692947 -0.564631 -0.448348
Y -0.317677 -0.797343 0.513153
Z -0.647229 -0.213158 -0.731887

PART 14
OFFSET 14.708157 8.825741 -13.535921
SCALE 1.000000 1.000000 1.000000
X 0.826081 -0.556386 0.089585
Y -0.454996 -0.564677 0.688563
Z -0.332520 -0.609569 -0.719622

PART 15
OFFSET 14.130050 -17.376211 -8.250294
SCALE 1.000000 1.000000 1.000000
X -0.805575 0.354346 -0.474856
Y 0.431271 0.900234 -0.059864
Z 0.406268 -0.253017 -0.878025

PART 16
OFFSET 14.538675 -16.094550 -8.207079
SCALE 1.000000 1.000000 1.000000
X -0.805575 0.354346 -0.474856
Y 0.431271 0.900234 -0.059864
Z 0.406268 -0.253017 -0.878025

PART 17
OFFSET 14.881857 -15.673009 -9.274901
SCALE 1.000000 1.000000 1.000000
X -0.805575 0.354346 -0.474856
Y 0.431271 0.900234 -0.059864
Z 0.406268 -0.253017 -0.878025

PART 18
OFFSET 16.339573 -17.688375 -8.742143
SCALE 1.000000 1.000000 1.000000
X -0.712649 0.044614 0.700101
Y -0.699877 -0.113501 -0.705188
Z 0.048001 -0.992536 0.112111

PART 19
OFFSET 13.529324 -16.395023 -10.525621
SCALE 1.000000 1.000000 1.000000
X -0.804356 0.350312 -0.479889
Y 0.404848 -0.268014 -0.874223
Z -0.434868 -0.897469 0.073755

PART 20
OFFSET 28.824332 -20.093116 -17.084856
SCALE 1.000000 1.000000 1.000000
X 0.583338 -0.238631 -0.776384
Y 0.318779 0.946435 -0.051383
Z 0.747059 -0.217522 0.628162

PART 21
OFFSET 23.993790 -18.123597 -10.657882
SCALE 1.000000 1.000000 1.000000
X 0.583338 -0.238631 -0.776384
Y 0.318779 0.946435 -0.051383
Z 0.747059 -0.217522 0.628162

PART 22
OFFSET 27.617314 -19.989964 -15.641354
SCALE 1.000000 1.000000 1.000000
X 0.097339 -0.928440 0.358503
Y 0.583338 -0.238631 -0.776384
Z 0.806376 0.284701 0.518366

PART 23
OFFSET 33.116210 -21.848831 -22.797065
SCALE 1.000000 1.000000 1.000000
X 0.583338 -0.238631 -0.776384
Y 0.318779 0.946435 -0.051383
Z 0.747059 -0.217522 0.628162

PART 24
OFFSET 18.791609 -16.344173 -10.285420
SCALE 1.000000 1.000000 1.000000
X 0.583338 -0.238631 -0.776384
Y 0.318779 0.946435 -0.051383
Z 0.747059 -0.217522 0.628162

PART 25
OFFSET 29.283497 -20.280950 -17.695975
SCALE 1.000000 1.000000 1.000000
X 0.583338 -0.238631 -0.776384
Y 0.318779 0.946435 -0.051383
Z 0.747059 -0.217522 0.628162

PART 26
OFFSET 30.741121 -22.459800 -21.503503
SCALE 1.000000 1.000000 1.000000
X 0.583338 -0.238631 -0.776384
Y 0.318779 0.946435 -0.051383
Z 0.747059 -0.217522 0.628162

PART 27
OFFSET 27.581701 -16.925630 -14.904858
SCALE 1.000000 1.000000 1.000000
X 0.583338 -0.238631 -0.776384
Y 0.318779 0.946435 -0.051383
Z 0.747059 -0.217522 0.628162

PART 28
OFFSET 22.299602 -17.335994 -6.780107
SCALE 1.000000 1.000000 1.000000
X 0.583338 -0.238631 -0.776384
Y 0.318779 0.946435 -0.051383
Z 0.747059 -0.217522 0.628162

PART 29
OFFSET 22.299602 -17.335994 -6.780107
SCALE 1.000000 1.000000 1.000000
X 0.583338 -0.238631 -0.776384
Y 0.318779 0.946435 -0.051383
Z 0.747059 -0.217522 0.628162

PART 30
OFFSET 20.054323 -16.647647 -8.041323
SCALE 1.000000 1.000000 1.000000
X 0.583338 -0.238631 -0.776384
Y 0.318779 0.946435 -0.051383
Z 0.747059 -0.217522 0.628162

PART 31
OFFSET 29.004296 -15.881508 -15.822994
SCALE 1.000000 1.000000 1.000000
X 0.583338 -0.238631 -0.776384
Y 0.318779 0.946435 -0.051383
Z 0.747059 -0.217522 0.628162

PART 32
OFFSET 20.117144 4.343649 -14.219598
SCALE 1.000000 1.000000 1.000000
X 0.368312 -0.802915 -0.468693
Y -0.856132 -0.096363 -0.507693
Z 0.362470 0.588252 -0.722893

PART 33
OFFSET 20.276667 5.260588 -14.858930
SCALE 1.000000 1.000000 1.000000
X 0.218856 -0.864294 -0.452877
Y -0.901259 -0.001184 -0.433280
Z 0.373945 0.502985 -0.779212

PART 34
OFFSET 18.271547 7.509570 -14.241358
SCALE 1.000000 1.000000 1.000000
X 0.462109 -0.401644 -0.790656
Y -0.884651 -0.271138 -0.379311
Z -0.062029 0.874738 -0.480610

PART 35
OFFSET 18.234503 6.819622 -13.861290
SCALE 1.000000 1.000000 1.000000
X 0.650781 -0.409175 -0.639579
Y -0.731373 -0.111604 -0.672784
Z 0.203907 0.905605 -0.371889

PART 36
OFFSET 17.198445 5.886067 -13.122259
SCALE 1.000000 1.000000 1.000000
X 0.207553 -0.960472 -0.185513
Y -0.372566 -0.252964 0.892863
Z -0.904498 -0.116201 -0.410343

PART 37
OFFSET 18.704913 3.966864 -14.085731
SCALE 1.000000 1.000000 1.000000
X 0.533464 -0.436342 -0.724584
Y 0.807707 0.008535 0.589522
Z -0.251049 -0.899740 0.356989

PART 38
OFFSET 18.483689 5.661759 -15.733485
SCALE 1.000000 1.000000 1.000000
X 0.050996 0.945877 -0.320493
Y 0.647259 0.213089 0.731881
Z 0.760563 -0.244765 -0.601360

PART 39
OFFSET 19.652031 -18.159331 -10.888269
SCALE 1.000000 1.000000 1.000000
X -0.675221 -0.057295 0.735387
Y 0.131476 -0.990362 0.043558
Z 0.725803 0.126097 0.676246

PART 40
OFFSET 18.857565 -18.039526 -11.676122
SCALE 1.000000 1.000000 1.000000
X -0.394210 -0.918657 -0.025824
Y 0.610743 -0.240875 -0.754302
Z 0.686725 -0.313126 0.656019

PART 41
OFFSET 16.124144 -17.651896 -10.121992
SCALE 1.000000 1.000000 1.000000
X -0.527793 -0.213016 0.822228
Y 0.128988 -0.976915 -0.170292
Z 0.839522 0.016179 0.543085

PART 42
OFFSET 16.777199 -17.670048 -9.772133
SCALE 1.000000 1.000000 1.000000
X -0.538932 0.047010 0.841036
Y 0.078801 -0.991249 0.105901
Z 0.838655 0.123349 0.530512

PART 43
OFFSET 17.238262 -17.203954 -8.597659
SCALE 1.000000 1.000000 1.000000
X -0.820063 -0.549624 0.159406
Y -0.061797 -0.191871 -0.979473
Z 0.568927 -0.813080 0.123382

PART 44
OFFSET 13.991190 -17.938727 -5.172029
SCALE 1.000000 1.000000 1.000000
X -0.521845 -0.212049 0.826265
Y -0.280344 0.957441 0.068656
Z -0.805658 -0.195811 -0.559082

PART 45
OFFSET 27.646727 -19.912045 -15.604172
SCALE 1.000000 1.000000 1.000000
X 0.583338 -0.238631 -0.776384
Y 0.318779 0.946435 -0.051383
Z 0.747059 -0.217522 0.628162

PART 46
OFFSET 20.860592 2.999574 -15.008681
SCALE 1.000000 1.000000 1.000000
X -0.159331 -0.833099 -0.529679
Y -0.934992 0.299550 -0.189892
Z 0.316864 0.464990 -0.826669

PART 47
OFFSET 20.741431 3.611935 -15.714283
SCALE 1.000000 1.000000 1.000000
X -0.141106 -0.744157 -0.652931
Y -0.989901 0.097002 0.103375
Z -0.013592 0.660924 -0.750330

PART 48
OFFSET 19.247152 6.453001 -15.974112
SCALE 1.000000 1.000000 1.000000
X 0.335385 -0.618198 -0.710879
Y -0.904930 -0.421219 -0.060634
Z -0.261951 0.663631 -0.700696

PART 49
OFFSET 19.969539 5.893582 -15.560741
SCALE 1.000000 1.000000 1.000000
X 0.321461 -0.776359 -0.542152
Y -0.946523 -0.280085 -0.160147
Z -0.027517 0.564641 -0.824878

PART 50
OFFSET 17.531870 3.799646 -13.481149
SCALE 1.000000 1.000000 1.000000
X 0.363803 -0.796920 -0.482251
Y -0.461463 -0.603926 0.649866
Z -0.809135 -0.013882 -0.587459

PART 51
OFFSET 20.760497 -18.174790 -12.195216
SCALE 1.000000 1.000000 1.000000
X -0.743054 -0.448082 0.497085
Y 0.246157 -0.873694 -0.419602
Z 0.622316 -0.189426 0.759500

PART 52
OFFSET 19.620213 -16.228079 -11.598860
SCALE 1.000000 1.000000 1.000000
X 0.306210 -0.599947 -0.739121
Y 0.371396 0.790179 -0.487526
Z 0.876528 -0.125221 0.464778

PART 53
OFFSET 17.494910 -17.273934 -12.008981
SCALE 1.000000 1.000000 1.000000
X -0.320666 -0.946754 0.028809
Y 0.442780 -0.176718 -0.879043
Z 0.837329 -0.269123 0.475871

PART 54
OFFSET 18.055458 -17.785842 -12.039288
SCALE 1.000000 1.000000 1.000000
X -0.416131 -0.905015 0.088218
Y 0.244618 -0.204858 -0.947732
Z 0.875784 -0.372801 0.306631

PART 55
OFFSET 19.021353 -15.928925 -8.880220
SCALE 1.000000 1.000000 1.000000
X -0.732935 -0.227890 0.640994
Y -0.457003 -0.533029 -0.712059
Z 0.503940 -0.814829 0.286529

PART 56
OFFSET 20.709484 1.939829 -15.576572
SCALE 1.000000 1.000000 1.000000
X -0.333398 -0.813283 -0.476882
Y -0.894687 0.432431 -0.111980
Z 0.297290 0.389326 -0.871805

PART 57
OFFSET 20.708209 2.555374 -16.649189
SCALE 1.000000 1.000000 1.000000
X -0.557896 -0.656023 -0.508317
Y -0.823407 0.361018 0.437798
Z -0.103694 0.662798 -0.741584

PART 58
OFFSET 19.700728 5.631347 -16.932434
SCALE 1.000000 1.000000 1.000000
X -0.082366 -0.839129 -0.537660
Y -0.981482 -0.025321 0.189876
Z -0.172944 0.543343 -0.821504

PART 59
OFFSET 20.495519 4.671254 -16.414184
SCALE 1.000000 1.000000 1.000000
X -0.350123 -0.823831 -0.445777
Y -0.936487 0.318098 0.147667
Z 0.020148 0.469166 -0.882880

PART 60
OFFSET 17.954916 2.456454 -14.188692
SCALE 1.000000 1.000000 1.000000
X 0.020006 -0.967954 -0.250331
Y -0.348317 -0.241443 0.905749
Z -0.937163 0.069074 -0.341985

PART 61
OFFSET 21.660074 -17.902153 -12.868694
SCALE 1.000000 1.000000 1.000000
X -0.740719 -0.220496 0.634600
Y 0.057105 -0.961851 -0.267547
Z 0.669384 -0.161938 0.725053

PART 62
OFFSET 19.142816 -15.394701 -10.490195
SCALE 1.000000 1.000000 1.000000
X 0.479925 0.335781 -0.810508
Y -0.106413 0.939315 0.326134
Z 0.870832 -0.070271 0.486532

PART 63
OFFSET 17.937071 -15.968497 -12.055943
SCALE 1.000000 1.000000 1.000000
X -0.103770 -0.770839 -0.628521
Y 0.659353 0.419800 -0.623716
Z 0.744638 -0.479140 0.464692

PART 64
OFFSET 18.771121 -16.239751 -12.183895
SCALE 1.000000 1.000000 1.000000
X 0.031029 -0.587584 -0.808568
Y 0.505481 0.707109 -0.494456
Z 0.862280 -0.393373 0.318954

PART 65
OFFSET 19.951846 -15.745017 -10.089531
SCALE 1.000000 1.000000 1.000000
X -0.215353 0.212944 0.953036
Y -0.864609 -0.495253 -0.084713
Z 0.453954 -0.842247 0.290768

PART 66
OFFSET 20.332957 1.021211 -16.115203
SCALE 1.000000 1.000000 1.000000
X 0.999821 -0.015830 0.010353
Y 0.007874 0.845966 0.533178
Z -0.017198 -0.533002 0.845939

PART 67
OFFSET 20.076196 1.816817 -17.230456
SCALE 1.000000 1.000000 1.000000
X 0.960484 0.227242 0.160720
Y -0.277749 0.745097 0.606371
Z 0.018041 -0.627050 0.778770

PART 68
OFFSET 19.642020 4.944281 -17.376068
SCALE 1.000000 1.000000 1.000000
X -0.631945 -0.744232 -0.216250
Y -0.743299 0.503011 0.441005
Z -0.219434 0.439430 -0.871063

PART 69
OFFSET 20.116829 3.530095 -17.063112
SCALE 1.000000 1.000000 1.000000
X -0.791461 -0.559044 -0.247101
Y -0.587279 0.583508 0.560912
Z -0.169389 0.589057 -0.790139

PART 70
OFFSET 17.927709 1.408752 -14.459641
SCALE 1.000000 1.000000 1.000000
X 0.544954 -0.808663 0.221562
Y 0.804544 0.578722 0.133378
Z -0.236081 0.105572 0.965982

PART 71
OFFSET 22.496705 -17.653160 -13.585446
SCALE 1.000000 1.000000 1.000000
X 0.378290 0.894176 0.239469
Y 0.627867 -0.057758 -0.776174
Z -0.680205 0.443974 -0.583273

PART 72
OFFSET 18.593040 -15.773874 -9.575438
SCALE 1.000000 1.000000 1.000000
X -0.359344 -0.852350 0.379962
Y -0.325809 0.496125 0.804803
Z -0.874483 0.165406 -0.455983

PART 73
OFFSET 18.028971 -15.281900 -11.493945
SCALE 1.000000 1.000000 1.000000
X 0.382171 0.073160 -0.921191
Y 0.496754 0.824315 0.271553
Z 0.779218 -0.561385 0.278687

PART 74
OFFSET 18.696013 -15.440847 -11.044020
SCALE 1.000000 1.000000 1.000000
X 0.507220 0.151240 -0.848442
Y 0.224433 0.927332 0.299474
Z 0.832080 -0.342317 0.436418

PART 75
OFFSET 20.178683 -15.928355 -11.132040
SCALE 1.000000 1.000000 1.000000
X -0.628767 0.596125 0.499287
Y 0.038177 0.664984 -0.745881
Z -0.776656 -0.449924 -0.440878

PART 76
OFFSET 19.041657 4.237241 -17.581510
SCALE 1.000000 1.000000 1.000000
X 0.981768 0.189450 0.015488
Y -0.182104 0.914078 0.362353
Z 0.054490 -0.358567 0.931912

PART 77
OFFSET 19.258540 2.923818 -17.331109
SCALE 1.000000 1.000000 1.000000
X 0.974576 0.156424 -0.160414
Y -0.019886 0.773516 0.633465
Z 0.223172 -0.614170 0.756961

PART 78
OFFSET 17.665884 -15.351398 -10.618787
SCALE 1.000000 1.000000 1.000000
X -0.717558 -0.491529 0.493467
Y 0.227253 0.504498 0.832969
Z -0.658381 0.709846 -0.250305

PART 79
OFFSET 18.145951 -15.604829 -10.123834
SCALE 1.000000 1.000000 1.000000
X -0.498877 -0.671862 0.547470
Y -0.141626 0.686398 0.713302
Z -0.855023 0.278314 -0.437581

PART 80
OFFSET 0.000000 0.000000 0.000000
SCALE 1.000000 1.000000 1.000000
X 1.000000 0.000000 0.000000
Y 0.000000 1.000000 0.000000
Z 0.000000 0.000000 1.000000

PART 81
OFFSET 0.000000 0.000000 0.000000
SCALE 1.000000 1.000000 1.000000
X 1.000000 0.000000 0.000000
Y 0.000000 1.000000 0.000000
Z 0.000000 0.000000 1.000000

PART 82
OFFSET 1.540550 0.000000 4.135824
SCALE 1.000000 1.000000 1.000000
X 1.000000 0.000000 0.000000
Y 0.000000 1.000000 0.000000
Z 0.000000 0.000000 1.000000

PART 83
OFFSET -4.631835 0.000000 -1.376957
SCALE 1.000000 1.000000 1.000000
X 1.000000 0.000000 0.000000
Y 0.000000 1.000000 0.000000
Z 0.000000 0.000000 1.000000

FRAME 1
PART 0
OFFSET 0.000000 0.000000 0.000000
SCALE 1.000000 1.000000 1.000000
X 1.000000 0.000000 0.000000
Y 0.000000 1.000000 0.000000
Z 0.000000 0.000000 1.000000

PART 1
OFFSET 4.811475 2.888263 -6.032427
SCALE 1.000000 1.000000 1.000000
X 0.283231 0.744423 -0.604660
Y 0.347655 -0.667289 -0.658681
Z -0.893821 -0.023654 -0.447800

PART 2
OFFSET 0.286579 -8.631093 -4.878407
SCALE 1.000000 1.000000 1.000000
X -0.489955 0.359448 0.794192
Y -0.764864 -0.614345 -0.193812
Z 0.418242 -0.702408 0.575930

PART 3
OFFSET 18.661054 -14.996548 -10.026987
SCALE 1.000000 1.000000 1.000000
X 0.759319 -0.296940 -0.579017
Y 0.292391 0.950619 -0.104071
Z 0.581328 -0.090276 0.808646

PART 4
OFFSET 13.745596 17.667068 -17.903065
SCALE 1.000000 1.000000 1.000000
X 0.998737 0.041892 -0.027740
Y 0.021387 0.145113 0.989184
Z 0.045465 -0.988528 0.144033

PART 5
OFFSET 8.432255 13.422640 -14.144282
SCALE 1.000000 1.000000 1.000000
X 0.768560 -0.621486 0.151890
Y -0.545065 -0.511752 0.664088
Z -0.334992 -0.593182 -0.732063

PART 6
OFFSET 6.267452 -13.332995 -15.334916
SCALE 1.000000 1.000000 1.000000
X -0.813936 0.243307 -0.527551
Y 0.460769 -0.282711 -0.841288
Z -0.353836 -0.927834 0.118000

PART 7
OFFSET 18.661054 -14.996548 -10.026987
SCALE 1.000000 1.000000 1.000000
X 0.759319 -0.296940 -0.579017
Y 0.292391 0.950619 -0.104071
Z 0.581328 -0.090276 0.808646

PART 8
OFFSET 16.918799 8.340938 -12.685100
SCALE 1.000000 1.000000 1.000000
X 0.772711 -0.616802 0.149909
Y 0.340617 0.602200 0.722035
Z -0.535628 -0.506863 0.675420

PART 9
OFFSET 16.188322 7.715690 -14.066813
SCALE 1.000000 1.000000 1.000000
X 0.772711 -0.616802 0.149909
Y 0.340617 0.602200 0.722035
Z -0.535628 -0.506863 0.675420

PART 10
OFFSET 15.901125 6.649651 -10.999850
SCALE 1.000000 1.000000 1.000000
X 0.772711 -0.616802 0.149909
Y 0.340617 0.602200 0.722035
Z -0.535628 -0.506863 0.675420

PART 11
OFFSET 15.263162 5.815252 -11.841442
SCALE 1.000000 1.000000 1.000000
X 0.772711 -0.616802 0.149909
Y 0.340617 0.602200 0.722035
Z -0.535628 -0.506863 0.675420

PART 12
OFFSET 15.287838 6.185312 -12.980798
SCALE 1.000000 1.000000 1.000000
X 0.772711 -0.616802 0.149909
Y 0.340617 0.602200 0.722035
Z -0.535628 -0.506863 0.675420

PART 13
OFFSET 17.459508 6.190356 -12.255827
SCALE 1.000000 1.000000 1.000000
X 0.745886 -0.583043 -0.322047
Y -0.374238 -0.766809 0.521488
Z -0.550999 -0.268449 -0.790149

PART 14
OFFSET 14.969262 8.136453 -12.851609
SCALE 1.000000 1.000000 1.000000
X 0.768560 -0.621486 0.151890
Y -0.545065 -0.511752 0.664088
Z -0.334992 -0.593182 -0.732063

PART 15
OFFSET 13.792831 -16.180255 -8.493471
SCALE 1.000000 1.000000 1.000000
X -0.815710 0.247515 -0.522833
Y 0.349473 0.931107 -0.104443
Z 0.460962 -0.267911 -0.846013

PART 16
OFFSET 14.081084 -14.865848 -8.520724
SCALE 1.000000 1.000000 1.000000
X -0.815710 0.247515 -0.522833
Y 0.349473 0.931107 -0.104443
Z 0.460962 -0.267911 -0.846013

PART 17
OFFSET 14.425110 -14.481095 -9.602078
SCALE 1.000000 1.000000 1.000000
X -0.815710 0.247515 -0.522833
Y 0.349473 0.931107 -0.104443
Z 0.460962 -0.267911 -0.846013

PART 18
OFFSET 15.946465 -16.284367 -8.915833
SCALE 1.000000 1.000000 1.000000
X -0.861103 0.087071 0.500920
Y -0.505918 -0.244576 -0.827182
Z 0.050490 -0.965713 0.254656

PART 19
OFFSET 13.192866 -15.402283 -10.846238
SCALE 1.000000 1.000000 1.000000
X -0.813936 0.243307 -0.527551
Y 0.460769 -0.282711 -0.841288
Z -0.353836 -0.927834 0.118000

PART 20
OFFSET 30.140707 -18.932730 -13.723809
SCALE 1.000000 1.000000 1.000000
X 0.759319 -0.296940 -0.579017
Y 0.292391 0.950619 -0.104071
Z 0.581328 -0.090276 0.808646

PART 21
OFFSET 23.853603 -16.480572 -8.930231
SCALE 1.000000 1.000000 1.000000
X 0.759319 -0.296940 -0.579017
Y 0.292391 0.950619 -0.104071
Z 0.581328 -0.090276 0.808646

PART 22
OFFSET 28.620641 -18.725467 -12.629425
SCALE 1.000000 1.000000 1.000000
X 0.037350 -0.868457 0.494355
Y 0.759319 -0.296940 -0.579017
Z 0.649646 0.396999 0.648346

PART 23
OFFSET 35.727360 -21.117451 -17.983900
SCALE 1.000000 1.000000 1.000000
X 0.759319 -0.296940 -0.579017
Y 0.292391 0.950619 -0.104071
Z 0.581328 -0.090276 0.808646

PART 24
OFFSET 18.661054 -14.996548 -10.026987
SCALE 1.000000 1.000000 1.000000
X 0.759319 -0.296940 -0.579017
Y 0.292391 0.950619 -0.104071
Z 0.581328 -0.090276 0.808646

PART 25
OFFSET 30.738393 -19.166462 -14.179573
SCALE 1.000000 1.000000 1.000000
X 0.759319 -0.296940 -0.579017
Y 0.292391 0.950619 -0.104071
Z 0.581328 -0.090276 0.808646

PART 26
OFFSET 33.131732 -21.708910 -17.208964
SCALE 1.000000 1.000000 1.000000
X 0.759319 -0.296940 -0.579017
Y 0.292391 0.950619 -0.104071
Z 0.581328 -0.090276 0.808646

PART 27
OFFSET 28.315033 -15.601346 -12.346028
SCALE 1.000000 1.000000 1.000000
X 0.759319 -0.296940 -0.579017
Y 0.292391 0.950619 -0.104071
Z 0.581328 -0.090276 0.808646

PART 28
OFFSET 21.256896 -15.321704 -5.698843
SCALE 1.000000 1.000000 1.000000
X 0.759319 -0.296940 -0.579017
Y 0.292391 0.950619 -0.104071
Z 0.581328 -0.090276 0.808646

PART 29
OFFSET 21.256896 -15.321704 -5.698843
SCALE 1.000000 1.000000 1.000000
X 0.759319 -0.296940 -0.579017
Y 0.292391 0.950619 -0.104071
Z 0.581328 -0.090276 0.808646

PART 30
OFFSET 19.358628 -14.937799 -7.530498
SCALE 1.000000 1.000000 1.000000
X 0.759319 -0.296940 -0.579017
Y 0.292391 0.950619 -0.104071
Z 0.581328 -0.090276 0.808646

PART 31
OFFSET 29.883066 -14.593475 -13.040582
SCALE 1.000000 1.000000 1.000000
X 0.759319 -0.296940 -0.579017
Y 0.292391 0.950619 -0.104071
Z 0.581328 -0.090276 0.808646

PART 32
OFFSET 20.285261 3.417794 -12.828260
SCALE 1.000000 1.000000 1.000000
X 0.427668 -0.826417 -0.366243
Y -0.786442 -0.140419 -0.601491
Z 0.445655 0.545268 -0.709982

PART 33
OFFSET 20.517440 4.293707 -13.501939
SCALE 1.000000 1.000000 1.000000
X 0.277810 -0.888602 -0.364977
Y -0.840928 -0.041287 -0.539569
Z 0.464393 0.456817 -0.758720

PART 34
OFFSET 18.439622 6.550846 -13.283557
SCALE 1.000000 1.000000 1.000000
X 0.558129 -0.445503 -0.700014
Y -0.829725 -0.306782 -0.466307
Z -0.007011 0.841078 -0.540869

PART 35
OFFSET 18.359707 5.886370 -12.866503
SCALE 1.000000 1.000000 1.000000
X 0.726777 -0.440794 -0.526779
Y -0.642319 -0.164432 -0.748591
Z 0.243355 0.882419 -0.402635

PART 36
OFFSET 17.245458 4.988606 -12.200439
SCALE 1.000000 1.000000 1.000000
X 0.233925 -0.967572 -0.095302
Y -0.478326 -0.199870 0.855135
Z -0.846453 -0.154452 -0.509570

PART 37
OFFSET 18.869309 3.031606 -12.844131
SCALE 1.000000 1.000000 1.000000
X 0.620968 -0.474944 -0.623559
Y 0.728875 0.057240 0.682249
Z -0.288338 -0.878152 0.381719

PART 38
OFFSET 18.843768 4.613786 -14.614090
SCALE 1.000000 1.000000 1.000000
X 0.085070 0.923873 -0.373124
Y 0.551029 0.268379 0.790151
Z 0.830138 -0.272821 -0.486250

PART 39
OFFSET 19.690788 -16.811338 -10.141693
SCALE 1.000000 1.000000 1.000000
X -0.829936 -0.007716 0.557805
Y 0.148492 -0.966886 0.207561
Z 0.537732 0.255092 0.803600

PART 40
OFFSET 19.105683 -16.841241 -11.102397
SCALE 1.000000 1.000000 1.000000
X -0.347664 -0.937583 0.008247
Y 0.781374 -0.294579 -0.550162
Z 0.518252 -0.184827 0.835018

PART 41
OFFSET 16.068087 -16.434477 -10.299452
SCALE 1.000000 1.000000 1.000000
X -0.703110 -0.141132 0.696935
Y 0.196474 -0.980509 -0.000342
Z 0.683399 0.136689 0.717135

PART 42
OFFSET 16.618109 -16.367671 -9.807287
SCALE 1.000000 1.000000 1.000000
X -0.726526 0.117986 0.676934
Y 0.081826 -0.963283 0.255715
Z 0.682250 0.241174 0.690196

PART 43
OFFSET 16.768537 -15.730226 -8.632447
SCALE 1.000000 1.000000 1.000000
X -0.816827 -0.575730 0.036441
Y 0.181511 -0.316455 -0.931080
Z 0.547583 -0.753917 0.362990

PART 44
OFFSET 12.817562 -16.232803 -5.995115
SCALE 1.000000 1.000000 1.000000
X -0.698340 -0.139296 0.702081
Y -0.318272 0.939006 -0.130273
Z -0.641112 -0.314428 -0.700079

PART 45
OFFSET 28.637875 -18.641830 -12.597381
SCALE 1.000000 1.000000 1.000000
X 0.759319 -0.296940 -0.579017
Y 0.292391 0.950619 -0.104071
Z 0.581328 -0.090276 0.808646

PART 46
OFFSET 21.127660 2.035804 -13.430222
SCALE 1.000000 1.000000 1.000000
X -0.088230 -0.867586 -0.489397
Y -0.906051 0.274035 -0.322453
Z 0.413868 0.414969 -0.810256

PART 47
OFFSET 21.093251 2.599881 -14.183899
SCALE 1.000000 1.000000 1.000000
X -0.055346 -0.786489 -0.615120
Y -0.995618 0.089982 -0.025469
Z 0.075381 0.611014 -0.788022

PART 48
OFFSET 19.626888 5.398053 -14.810658
SCALE 1.000000 1.000000 1.000000
X 0.423704 -0.658168 -0.622327
Y -0.888288 -0.436365 -0.143283
Z -0.177258 0.613515 -0.769532

PART 49
OFFSET 20.295783 4.876053 -14.276075
SCALE 1.000000 1.000000 1.000000
X 0.390146 -0.805243 -0.446508
Y -0.917992 -0.302656 -0.256300
Z 0.071246 0.509885 -0.857287

PART 50
OFFSET 17.631628 2.888045 -12.378192
SCALE 1.000000 1.000000 1.000000
X 0.424636 -0.821422 -0.380724
Y -0.534802 -0.566891 0.626595
Z -0.730528 -0.062463 -0.680021

PART 51
OFFSET 21.079531 -16.921298 -11.138295
SCALE 1.000000 1.000000 1.000000
X -0.827374 -0.424331 0.367962
Y 0.363349 -0.903965 -0.225444
Z 0.428288 -0.052827 0.902097

PART 52
OFFSET 19.770653 -14.990099 -11.096742
SCALE 1.000000 1.000000 1.000000
X 0.493445 -0.667328 -0.557840
Y 0.452951 0.744686 -0.490182
Z 0.742528 -0.010796 0.669728

PART 53
OFFSET 17.839893 -16.210383 -11.846406
SCALE 1.000000 1.000000 1.000000
X -0.288575 -0.953949 0.081893
Y 0.646417 -0.257210 -0.718323
Z 0.706307 -0.154353 0.690873

PART 54
OFFSET 18.406925 -16.685854 -11.674436
SCALE 1.000000 1.000000 1.000000
X -0.396773 -0.911178 0.111024
Y 0.471555 -0.306107 -0.827004
Z 0.787532 -0.275779 0.551125

PART 55
OFFSET 18.526706 -14.391205 -8.660955
SCALE 1.000000 1.000000 1.000000
X -0.858095 -0.191420 0.476478
Y -0.255587 -0.645588 -0.719647
Z 0.445364 -0.739307 0.505051

PART 56
OFFSET 21.053713 0.939708 -13.941545
SCALE 1.000000 1.000000 1.000000
X -0.267267 -0.846863 -0.459773
Y -0.876475 0.411920 -0.249225
Z 0.400449 0.336370 -0.852347

PART 57
OFFSET 21.181522 1.485002 -15.044525
SCALE 1.000000 1.000000 1.000000
X -0.487190 -0.694950 -0.528858
Y -0.873165 0.377137 0.308790
Z -0.015142 0.612219 -0.790543

PART 58
OFFSET 20.199446 4.522515 -15.650192
SCALE 1.000000 1.000000 1.000000
X -0.010952 -0.873060 -0.487490
Y -0.997242 -0.026251 0.069418
Z -0.073403 0.486906 -0.870365

PART 59
OFFSET 20.929727 3.608537 -14.976490
SCALE 1.000000 1.000000 1.000000
X -0.287876 -0.855536 -0.430332
Y -0.949311 0.314165 0.010468
Z 0.126239 0.411533 -0.902610

PART 60
OFFSET 18.145656 1.507801 -12.938897
SCALE 1.000000 1.000000 1.000000
X 0.055723 -0.981740 -0.181884
Y -0.455962 -0.187083 0.870114
Z -0.888253 0.034447 -0.458061

PART 61
OFFSET 22.105346 -16.685596 -11.615572
SCALE 1.000000 1.000000 1.000000
X -0.864320 -0.177979 0.470399
Y 0.143168 -0.983665 -0.109117
Z 0.482135 -0.026966 0.875682

PART 62
OFFSET 19.015016 -14.056131 -10.255146
SCALE 1.000000 1.000000 1.000000
X 0.650033 0.261150 -0.713623
Y -0.210871 0.964203 0.160770
Z 0.730062 0.045977 0.681832

PART 63
OFFSET 18.239545 -14.895931 -11.966290
SCALE 1.000000 1.000000 1.000000
X 0.074422 -0.848427 -0.524054
Y 0.776584 0.378983 -0.503278
Z 0.625603 -0.369517 0.687080

PART 64
OFFSET 19.087909 -15.128174 -11.857118
SCALE 1.000000 1.000000 1.000000
X 0.242785 -0.681050 -0.690815
Y 0.587285 0.669983 -0.454113
Z 0.772109 -0.295454 0.562632

PART 65
OFFSET 19.714475 -14.302066 -9.632209
SCALE 1.000000 1.000000 1.000000
X -0.444691 0.316615 0.837857
Y -0.803042 -0.555245 -0.216394
Z 0.396703 -0.769063 0.501168

PART 66
OFFSET 20.751881 -0.016838 -14.460845
SCALE 1.000000 1.000000 1.000000
X 0.990961 -0.001328 0.134142
Y -0.062901 0.878612 0.473375
Z -0.118487 -0.477534 0.870587

PART 67
OFFSET 20.630252 0.701987 -15.649312
SCALE 1.000000 1.000000 1.000000
X 0.932011 0.250241 0.262173
Y -0.354659 0.778702 0.517533
Z -0.074646 -0.575329 0.814509

PART 68
OFFSET 20.199564 3.807572 -16.051639
SCALE 1.000000 1.000000 1.000000
X -0.596402 -0.765087 -0.242788
Y -0.794712 0.520292 0.312615
Z -0.112857 0.379391 -0.918328

PART 69
OFFSET 20.640360 2.422887 -15.590676
SCALE 1.000000 1.000000 1.000000
X -0.751754 -0.584610 -0.305119
Y -0.655279 0.610320 0.445105
Z -0.073993 0.534548 -0.841893

PART 70
OFFSET 18.157479 0.444530 -13.141749
SCALE 1.000000 1.000000 1.000000
X 0.517716 -0.785394 0.339304
Y 0.778968 0.596724 0.192687
Z -0.353807 0.164550 0.920730

PART 71
OFFSET 23.081579 -16.484622 -12.146854
SCALE 1.000000 1.000000 1.000000
X 0.288022 0.938097 0.192398
Y 0.795325 -0.122425 -0.593692
Z -0.533387 0.324015 -0.781353

PART 72
OFFSET 18.273502 -14.351582 -9.451610
SCALE 1.000000 1.000000 1.000000
X -0.413463 -0.818951 0.397954
Y -0.525022 0.571520 0.630648
Z -0.743908 0.051815 -0.666270

PART 73
OFFSET 18.172223 -14.139987 -11.497547
SCALE 1.000000 1.000000 1.000000
X 0.589978 -0.018873 -0.807199
Y 0.391002 0.881363 0.265174
Z 0.706431 -0.472063 0.527364

PART 74
OFFSET 18.716131 -14.199184 -10.886569
SCALE 1.000000 1.000000 1.000000
X 0.691373 0.075393 -0.718554
Y 0.116888 0.969767 0.214217
Z 0.712981 -0.232094 0.661658

PART 75
OFFSET 20.190899 -14.599843 -10.557542
SCALE 1.000000 1.000000 1.000000
X -0.748597 0.613279 0.251975
Y 0.195685 0.567472 -0.799802
Z -0.633490 -0.549422 -0.544818

PART 76
OFFSET 19.632968 3.080719 -16.282293
SCALE 1.000000 1.000000 1.000000
X 0.971328 0.203300 0.123250
Y -0.230364 0.932981 0.276549
Z -0.058767 -0.297012 0.953064

PART 77
OFFSET 19.825136 1.788883 -15.921587
SCALE 1.000000 1.000000 1.000000
X 0.986015 0.159123 -0.049542
Y -0.102255 0.812374 0.574101
Z 0.131599 -0.561006 0.817284

PART 78
OFFSET 17.611714 -14.122052 -10.730688
SCALE 1.000000 1.000000 1.000000
X -0.799506 -0.469961 0.374067
Y 0.004508 0.618050 0.786126
Z -0.600641 0.630199 -0.492016

PART 79
OFFSET 17.966341 -14.280904 -10.107251
SCALE 1.000000 1.000000 1.000000
X -0.594720 -0.628034 0.501878
Y -0.330251 0.760026 0.559728
Z -0.732968 0.167136 -0.659412

PART 80
OFFSET 0.000000 0.000000 0.000000
SCALE 1.000000 1.000000 1.000000
X 1.000000 0.000000 0.000000
Y 0.000000 1.000000 0.000000
Z 0.000000 0.000000 1.000000

PART 81
OFFSET 0.000000 0.000000 0.000000
SCALE 1.000000 1.000000 1.000000
X 0.999957 0.002291 -0.009036
Y -0.002317 0.999993 -0.002965
Z 0.009030 0.002986 0.999955

PART 82
OFFSET 1.577828 0.015878 4.121716
SCALE 1.000000 1.000000 1.000000
X 0.999957 0.002291 -0.009036
Y -0.002317 0.999993 -0.002965
Z 0.009030 0.002986 0.999955

PART 83
OFFSET -4.644067 -0.014721 -1.335040
SCALE 1.000000 1.000000 1.000000
X 0.999957 0.002291 -0.009036
Y -0.002317 0.999993 -0.002965
Z 0.009030 0.002986 0.999955

FRAME 2
PART 0
OFFSET 0.000000 0.000000 0.000000
SCALE 1.000000 1.000000 1.000000
X 1.000000 0.000000 0.000000
Y 0.000000 1.000000 0.000000
Z 0.000000 0.000000 1.000000

PART 1
OFFSET 4.744001 2.780100 -5.960180
SCALE 1.000000 1.000000 1.000000
X 0.351663 0.728920 -0.587375
Y 0.358892 -0.684488 -0.634565
Z -0.864598 0.012349 -0.502312

PART 2
OFFSET 0.402676 -8.594797 -4.791574
SCALE 1.000000 1.000000 1.000000
X -0.458807 0.349073 0.817095
Y -0.734874 -0.665992 -0.128119
Z 0.499456 -0.659243 0.562087

PART 3
OFFSET 18.723013 -13.726454 -9.872056
SCALE 1.000000 1.000000 1.000000
X 0.883648 -0.328562 -0.333486
Y 0.285297 0.942725 -0.172843
Z 0.371175 0.057590 0.926775

PART 4
OFFSET 13.745596 17.667068 -17.903065
SCALE 1.000000 1.000000 1.000000
X 0.998737 0.041892 -0.027740
Y 0.021387 0.145113 0.989184
Z 0.045465 -0.988528 0.144033

PART 5
OFFSET 9.363323 13.178553 -13.898397
SCALE 1.000000 1.000000 1.000000
X 0.698829 -0.679981 0.221953
Y -0.637805 -0.451905 0.623688
Z -0.323794 -0.577415 -0.749500

PART 6
OFFSET 6.009796 -13.250979 -15.633830
SCALE 1.000000 1.000000 1.000000
X -0.836003 0.147486 -0.528533
Y 0.477225 -0.280001 -0.832980
Z -0.270843 -0.948603 0.163697

PART 7
OFFSET 18.723013 -13.726454 -9.872056
SCALE 1.000000 1.000000 1.000000
X 0.883648 -0.328562 -0.333486
Y 0.285297 0.942725 -0.172843
Z 0.371175 0.057590 0.926775

PART 8
OFFSET 17.247281 7.440277 -11.687124
SCALE 1.000000 1.000000 1.000000
X 0.703506 -0.675696 0.220260
Y 0.330946 0.585741 0.739853
Z -0.628931 -0.447597 0.635691

PART 9
OFFSET 16.580206 6.851133 -13.115964
SCALE 1.000000 1.000000 1.000000
X 0.703506 -0.675696 0.220260
Y 0.330946 0.585741 0.739853
Z -0.628931 -0.447597 0.635691

PART 10
OFFSET 15.958740 5.871999 -10.069611
SCALE 1.000000 1.000000 1.000000
X 0.703506 -0.675696 0.220260
Y 0.330946 0.585741 0.739853
Z -0.628931 -0.447597 0.635691

PART 11
OFFSET 15.322537 5.077230 -10.950001
SCALE 1.000000 1.000000 1.000000
X 0.703506 -0.675696 0.220260
Y 0.330946 0.585741 0.739853
Z -0.628931 -0.447597 0.635691

PART 12
OFFSET 15.469764 5.421895 -12.088076
SCALE 1.000000 1.000000 1.000000
X 0.703506 -0.675696 0.220260
Y 0.330946 0.585741 0.739853
Z -0.628931 -0.447597 0.635691

PART 13
OFFSET 17.518630 5.258042 -11.223605
SCALE 1.000000 1.000000 1.000000
X 0.802003 -0.581605 -0.136117
Y -0.449259 -0.737512 0.504224
Z -0.393647 -0.343238 -0.852778

PART 14
OFFSET 15.307164 7.394854 -12.009798
SCALE 1.000000 1.000000 1.000000
X 0.698829 -0.679981 0.221953
Y -0.637805 -0.451905 0.623688
Z -0.323794 -0.577415 -0.749500

PART 15
OFFSET 13.806123 -15.119447 -8.758534
SCALE 1.000000 1.000000 1.000000
X -0.838100 0.151736 -0.523989
Y 0.266315 0.952103 -0.150252
Z 0.476093 -0.265472 -0.838367

PART 16
OFFSET 13.978680 -13.787652 -8.848216
SCALE 1.000000 1.000000 1.000000
X -0.838100 0.151736 -0.523989
Y 0.266315 0.952103 -0.150252
Z 0.476093 -0.265472 -0.838367

PART 17
OFFSET 14.279700 -13.424508 -9.949683
SCALE 1.000000 1.000000 1.000000
X -0.838100 0.151736 -0.523989
Y 0.266315 0.952103 -0.150252
Z 0.476093 -0.265472 -0.838367

PART 18
OFFSET 15.854654 -15.012502 -9.251344
SCALE 1.000000 1.000000 1.000000
X -0.958343 0.104288 0.265900
Y -0.285397 -0.386444 -0.877046
Z 0.011290 -0.916398 0.400110

PART 19
OFFSET 13.122889 -14.504971 -11.136836
SCALE 1.000000 1.000000 1.000000
X -0.836003 0.147486 -0.528533
Y 0.477225 -0.280001 -0.832980
Z -0.270843 -0.948603 0.163697

PART 20
OFFSET 30.848976 -17.445631 -10.138899
SCALE 1.000000 1.000000 1.000000
X 0.883648 -0.328562 -0.333486
Y 0.285297 0.942725 -0.172843
Z 0.371175 0.057590 0.926775

PART 21
OFFSET 23.532749 -14.731665 -7.377311
SCALE 1.000000 1.000000 1.000000
X 0.883648 -0.328562 -0.333486
Y 0.285297 0.942725 -0.172843
Z 0.371175 0.057590 0.926775

PART 22
OFFSET 29.105192 -17.179605 -9.475815
SCALE 1.000000 1.000000 1.000000
X -0.061556 -0.787706 0.612968
Y 0.883648 -0.328562 -0.333486
Z 0.464087 0.521121 0.716280

PART 23
OFFSET 37.350374 -19.863008 -12.592505
SCALE 1.000000 1.000000 1.000000
X 0.883648 -0.328562 -0.333486
Y 0.285297 0.942725 -0.172843
Z 0.371175 0.057590 0.926775

PART 24
OFFSET 18.723013 -13.726454 -9.872056
SCALE 1.000000 1.000000 1.000000
X 0.883648 -0.328562 -0.333486
Y 0.285297 0.942725 -0.172843
Z 0.371175 0.057590 0.926775

PART 25
OFFSET 31.544526 -17.704253 -10.401397
SCALE 1.000000 1.000000 1.000000
X 0.883648 -0.328562 -0.333486
Y 0.285297 0.942725 -0.172843
Z 0.371175 0.057590 0.926775

PART 26
OFFSET 34.659886 -20.495003 -12.370042
SCALE 1.000000 1.000000 1.000000
X 0.883648 -0.328562 -0.333486
Y 0.285297 0.942725 -0.172843
Z 0.371175 0.057590 0.926775

PART 27
OFFSET 28.663215 -14.070216 -9.740759
SCALE 1.000000 1.000000 1.000000
X 0.883648 -0.328562 -0.333486
Y 0.285297 0.942725 -0.172843
Z 0.371175 0.057590 0.926775

PART 28
OFFSET 20.205530 -13.292742 -5.056354
SCALE 1.000000 1.000000 1.000000
X 0.883648 -0.328562 -0.333486
Y 0.285297 0.942725 -0.172843
Z 0.371175 0.057590 0.926775

PART 29
OFFSET 20.205530 -13.292742 -5.056354
SCALE 1.000000 1.000000 1.000000
X 0.883648 -0.328562 -0.333486
Y 0.285297 0.942725 -0.172843
Z 0.371175 0.057590 0.926775

PART 30
OFFSET 18.796197 -13.280505 -7.318961
SCALE 1.000000 1.000000 1.000000
X 0.883648 -0.328562 -0.333486
Y 0.285297 0.942725 -0.172843
Z 0.371175 0.057590 0.926775

PART 31
OFFSET 30.327100 -13.076718 -10.189523
SCALE 1.000000 1.000000 1.000000
X 0.883648 -0.328562 -0.333486
Y 0.285297 0.942725 -0.172843
Z 0.371175 0.057590 0.926775

PART 32
OFFSET 20.449244 2.540635 -11.060019
SCALE 1.000000 1.000000 1.000000
X 0.501530 -0.837380 -0.217401
Y -0.661498 -0.209219 -0.720172
Z 0.557573 0.504998 -0.658855

PART 33
OFFSET 20.784533 3.371197 -11.747568
SCALE 1.000000 1.000000 1.000000
X 0.355135 -0.903933 -0.238294
Y -0.728070 -0.107570 -0.677010
Z 0.586339 0.413925 -0.696328

PART 34
OFFSET 18.662577 5.572103 -12.083566
SCALE 1.000000 1.000000 1.000000
X 0.683623 -0.478299 -0.551262
Y -0.725804 -0.366259 -0.582291
Z 0.076605 0.798176 -0.597534

PART 35
OFFSET 18.519887 4.938091 -11.636895
SCALE 1.000000 1.000000 1.000000
X 0.817902 -0.455539 -0.351456
Y -0.492790 -0.239347 -0.836583
Z 0.296976 0.857436 -0.420248

PART 36
OFFSET 17.319052 4.057550 -11.113561
SCALE 1.000000 1.000000 1.000000
X 0.264175 -0.964166 0.024405
Y -0.622012 -0.150979 0.768314
Z -0.737098 -0.218149 -0.639608

PART 37
OFFSET 19.066648 2.110155 -11.299720
SCALE 1.000000 1.000000 1.000000
X 0.732028 -0.500051 -0.462693
Y 0.591809 0.130306 0.795476
Z -0.337487 -0.856136 0.391323

PART 38
OFFSET 19.335249 3.555614 -13.163911
SCALE 1.000000 1.000000 1.000000
X 0.135270 0.895979 -0.422994
Y 0.393677 0.343170 0.852791
Z 0.909241 -0.281881 -0.306306

PART 39
OFFSET 19.795895 -15.480674 -9.470806
SCALE 1.000000 1.000000 1.000000
X -0.939372 0.019721 0.342331
Y 0.118426 -0.918256 0.377865
Z 0.321799 0.395497 0.860249

PART 40
OFFSET 19.460548 -15.678148 -10.526598
SCALE 1.000000 1.000000 1.000000
X -0.316275 -0.946391 0.065690
Y 0.897956 -0.320986 -0.301069
Z 0.306014 -0.036233 0.951337

PART 41
OFFSET 16.309929 -15.345345 -10.529493
SCALE 1.000000 1.000000 1.000000
X -0.846718 -0.084761 0.525246
Y 0.214766 -0.957674 0.191668
Z 0.486768 0.275094 0.829084

PART 42
OFFSET 16.723254 -15.178430 -9.937448
SCALE 1.000000 1.000000 1.000000
X -0.870972 0.167231 0.461996
Y 0.041379 -0.911987 0.408127
Z 0.489586 0.374584 0.787396

PART 43
OFFSET 16.570293 -14.376573 -8.868411
SCALE 1.000000 1.000000 1.000000
X -0.787131 -0.612653 -0.071277
Y 0.408354 -0.431036 -0.804646
Z 0.462247 -0.662468 0.589461

PART 44
OFFSET 12.113568 -14.742885 -7.188610
SCALE 1.000000 1.000000 1.000000
X -0.843376 -0.081950 0.531037
Y -0.300423 0.891311 -0.339575
Z -0.445491 -0.445925 -0.776330

PART 45
OFFSET 29.112118 -17.091454 -9.453443
SCALE 1.000000 1.000000 1.000000
X 0.883648 -0.328562 -0.333486
Y 0.285297 0.942725 -0.172843
Z 0.371175 0.057590 0.926775

PART 46
OFFSET 21.411121 1.145098 -11.390402
SCALE 1.000000 1.000000 1.000000
X 0.017412 -0.903770 -0.427665
Y -0.837067 0.220751 -0.500588
Z 0.546824 0.366700 -0.752672

PART 47
OFFSET 21.504465 1.650629 -12.179997
SCALE 1.000000 1.000000 1.000000
X 0.071251 -0.831157 -0.551453
Y -0.975858 0.056345 -0.211010
Z 0.206455 0.553175 -0.807077

PART 48
OFFSET 20.127285 4.347405 -13.277430
SCALE 1.000000 1.000000 1.000000
X 0.541063 -0.688771 -0.482540
Y -0.839757 -0.473454 -0.265802
Z -0.045384 0.549031 -0.834569

PART 49
OFFSET 20.696996 3.887512 -12.592139
SCALE 1.000000 1.000000 1.000000
X 0.478905 -0.823352 -0.304533
Y -0.850694 -0.349622 -0.392535
Z 0.216724 0.447052 -0.867857

PART 50
OFFSET 17.767635 1.962736 -11.053865
SCALE 1.000000 1.000000 1.000000
X 0.500918 -0.833633 -0.232674
Y -0.629709 -0.535465 0.562801
Z -0.593758 -0.135400 -0.793170

PART 51
OFFSET 21.384967 -15.645649 -10.085941
SCALE 1.000000 1.000000 1.000000
X -0.882526 -0.413693 0.223620
Y 0.425307 -0.905040 0.004184
Z 0.200654 0.098799 0.974667

PART 52
OFFSET 20.058894 -13.807852 -10.640261
SCALE 1.000000 1.000000 1.000000
X 0.629611 -0.707652 -0.320652
Y 0.539353 0.695192 -0.475191
Z 0.559185 0.126241 0.819375

PART 53
OFFSET 18.396390 -15.232805 -11.632487
SCALE 1.000000 1.000000 1.000000
