// Export time: Fri Jun 17 00:26:35 2022

ANIMATION
VERSION 3

NUMPARTS 84
PART 0 "tag_torso"
PART 1 "j_shoulder_le"
PART 2 "j_shoulder_ri"
PART 3 "tag_weapon"
PART 4 "tag_weapon1"
PART 5 "j_elbow_le"
PART 6 "j_elbow_ri"
PART 7 "j_gun"
PART 8 "j_sleave_reshape_bottom_le_1"
PART 9 "j_sleave_reshape_bottom_le_2"
PART 10 "j_sleave_reshape_top_le_1"
PART 11 "j_sleave_reshape_top_le_2"
PART 12 "j_sleave_reshape_top_le_3"
PART 13 "j_wrist_le"
PART 14 "j_wristtwist_le"
PART 15 "j_sleave_reshape_top_ri_1"
PART 16 "j_sleave_reshape_top_ri_2"
PART 17 "j_sleave_reshape_top_ri_3"
PART 18 "j_wrist_ri"
PART 19 "j_wristtwist_ri"
PART 20 "tag_barrel"
PART 21 "tag_bolt_animate"
PART 22 "tag_brass"
PART 23 "tag_flash"
PART 24 "tag_grip"
PART 25 "tag_handguard"
PART 26 "tag_laser"
PART 27 "tag_mag_release_animate"
PART 28 "tag_sights_off"
PART 29 "tag_sights_on"
PART 30 "tag_stock"
PART 31 "tag_ext_mag_animate"
PART 32 "j_index_le_0"
PART 33 "j_mid_le_0"
PART 34 "j_pinkypalm_le"
PART 35 "j_ringpalm_le"
PART 36 "j_thumb_le_0"
PART 37 "j_webbing_le"
PART 38 "tag_knife_attach"
PART 39 "j_index_ri_0"
PART 40 "j_mid_ri_0"
PART 41 "j_pinkypalm_ri"
PART 42 "j_ringpalm_ri"
PART 43 "j_thumb_ri_0"
PART 44 "j_webbing_ri"
PART 45 "tag_ext_mag_bullet_animate"
PART 46 "j_index_le_1"
PART 47 "j_mid_le_1"
PART 48 "j_pinky_le_0"
PART 49 "j_ring_le_0"
PART 50 "j_thumb_le_1"
PART 51 "j_index_ri_1"
PART 52 "j_mid_ri_1"
PART 53 "j_pinky_ri_0"
PART 54 "j_ring_ri_0"
PART 55 "j_thumb_ri_1"
PART 56 "j_index_le_2"
PART 57 "j_mid_le_2"
PART 58 "j_pinky_le_1"
PART 59 "j_ring_le_1"
PART 60 "j_thumb_le_2"
PART 61 "j_index_ri_2"
PART 62 "j_mid_ri_2"
PART 63 "j_pinky_ri_1"
PART 64 "j_ring_ri_1"
PART 65 "j_thumb_ri_2"
PART 66 "j_index_le_3"
PART 67 "j_mid_le_3"
PART 68 "j_pinky_le_2"
PART 69 "j_ring_le_2"
PART 70 "j_thumb_le_3"
PART 71 "j_index_ri_3"
PART 72 "j_mid_ri_3"
PART 73 "j_pinky_ri_2"
PART 74 "j_ring_ri_2"
PART 75 "j_thumb_ri_3"
PART 76 "j_pinky_le_3"
PART 77 "j_ring_le_3"
PART 78 "j_pinky_ri_3"
PART 79 "j_ring_ri_3"
PART 80 "tag_cambone"
PART 81 "tag_camera"
PART 82 "tag_gasmask"
PART 83 "tag_gasmask2"

FRAMERATE 30
NUMFRAMES 17
FRAME 0
PART 0
OFFSET 0.000000 0.000000 0.000000
SCALE 1.000000 1.000000 1.000000
X 1.000000 0.000000 0.000000
Y 0.000000 1.000000 0.000000
Z 0.000000 0.000000 1.000000

PART 1
OFFSET 3.492755 -1.458195 -2.918761
SCALE 1.000000 1.000000 1.000000
X 0.496628 0.673222 -0.547843
Y 0.550230 -0.732341 -0.401153
Z -0.671273 -0.102215 -0.734128

PART 2
OFFSET -4.806000 -7.401901 2.691043
SCALE 1.000000 1.000000 1.000000
X -0.450189 0.493087 0.744443
Y -0.236332 -0.869771 0.433181
Z 0.861090 0.019077 0.508094

PART 3
OFFSET 12.632691 -5.736846 -5.568621
SCALE 1.000000 1.000000 1.000000
X 1.000000 0.000000 -0.000000
Y -0.000000 0.848099 -0.529838
Z 0.000000 0.529838 0.848099

PART 4
OFFSET 13.745596 17.667068 -17.903065
SCALE 1.000000 1.000000 1.000000
X 0.998737 0.041892 -0.027740
Y 0.021387 0.145113 0.989184
Z 0.045465 -0.988528 0.144033

PART 5
OFFSET 9.701331 7.732604 -10.180420
SCALE 1.000000 1.000000 1.000000
X 0.818294 -0.412232 0.400574
Y -0.574792 -0.583254 0.573959
Z -0.002968 -0.699914 -0.714221

PART 6
OFFSET 0.819073 -14.210599 -7.028815
SCALE 1.000000 1.000000 1.000000
X -0.821930 -0.540784 -0.178842
Y 0.449514 -0.423022 -0.786759
Z 0.349812 -0.727052 0.590785

PART 7
OFFSET 12.632691 -5.736846 -5.568621
SCALE 1.000000 1.000000 1.000000
X 1.000000 0.000000 -0.000000
Y -0.000000 0.848099 -0.529838
Z 0.000000 0.529838 0.848099

PART 8
OFFSET 18.414006 4.894222 -6.179519
SCALE 1.000000 1.000000 1.000000
X 0.821719 -0.406835 0.399078
Y 0.008916 0.709360 0.704790
Z -0.569823 -0.575581 0.586522

PART 9
OFFSET 18.210657 4.029490 -7.609396
SCALE 1.000000 1.000000 1.000000
X 0.821719 -0.406835 0.399078
Y 0.008916 0.709360 0.704790
Z -0.569823 -0.575581 0.586522

PART 10
OFFSET 17.383623 3.119424 -4.590625
SCALE 1.000000 1.000000 1.000000
X 0.821719 -0.406835 0.399078
Y 0.008916 0.709360 0.704790
Z -0.569823 -0.575581 0.586522

PART 11
OFFSET 17.174143 2.107359 -5.452798
SCALE 1.000000 1.000000 1.000000
X 0.821719 -0.406835 0.399078
Y 0.008916 0.709360 0.704790
Z -0.569823 -0.575581 0.586522

PART 12
OFFSET 17.409545 2.400940 -6.590375
SCALE 1.000000 1.000000 1.000000
X 0.821719 -0.406835 0.399078
Y 0.008916 0.709360 0.704790
Z -0.569823 -0.575581 0.586522

PART 13
OFFSET 19.187896 2.663780 -5.648664
SCALE 1.000000 1.000000 1.000000
X 0.912478 0.011553 0.408963
Y 0.022082 -0.999535 -0.021033
Z 0.408530 0.028223 -0.912308

PART 14
OFFSET 16.661162 4.226330 -6.772555
SCALE 1.000000 1.000000 1.000000
X 0.818294 -0.412232 0.400574
Y -0.574792 -0.583254 0.573959
Z -0.002968 -0.699914 -0.714221

PART 15
OFFSET 8.997793 -8.516032 -3.532526
SCALE 1.000000 1.000000 1.000000
X -0.825549 -0.536268 -0.175743
Y -0.353916 0.734558 -0.578937
Z 0.439559 -0.415743 -0.796207

PART 16
OFFSET 8.355513 -7.515393 -4.163157
SCALE 1.000000 1.000000 1.000000
X -0.825549 -0.536268 -0.175743
Y -0.353916 0.734558 -0.578937
Z 0.439559 -0.415743 -0.796207

PART 17
OFFSET 8.259037 -7.688146 -5.344921
SCALE 1.000000 1.000000 1.000000
X -0.825549 -0.536268 -0.175743
Y -0.353916 0.734558 -0.578937
Z 0.439559 -0.415743 -0.796207

PART 18
OFFSET 10.323601 -7.847669 -4.919840
SCALE 1.000000 1.000000 1.000000
X -0.969789 -0.242112 0.029866
Y 0.167032 -0.748255 -0.642040
Z 0.177793 -0.617654 0.766089

PART 19
OFFSET 7.811880 -9.608714 -5.507458
SCALE 1.000000 1.000000 1.000000
X -0.821930 -0.540784 -0.178842
Y 0.449514 -0.423022 -0.786759
Z 0.349812 -0.727052 0.590785

PART 20
OFFSET 24.658745 -3.597088 -2.142557
SCALE 1.000000 1.000000 1.000000
X 1.000000 0.000000 -0.000000
Y -0.000000 0.848099 -0.529838
Z 0.000000 0.529838 0.848099

PART 21
OFFSET 16.381108 -3.602286 -2.139313
SCALE 1.000000 1.000000 1.000000
X 1.000000 0.000000 -0.000000
Y -0.000000 0.848099 -0.529838
Z 0.000000 0.529838 0.848099

PART 22
OFFSET 22.809318 -3.912740 -1.965873
SCALE 1.000000 1.000000 1.000000
X 0.000000 -0.469686 0.882833
Y 1.000000 0.000000 0.000000
Z -0.000000 0.882833 0.469686

PART 23
OFFSET 32.016195 -3.597088 -2.142557
SCALE 1.000000 1.000000 1.000000
X 1.000000 0.000000 -0.000000
Y -0.000000 0.848099 -0.529838
Z 0.000000 0.529838 0.848099

PART 24
OFFSET 12.632691 -5.736846 -5.568621
SCALE 1.000000 1.000000 1.000000
X 1.000000 0.000000 -0.000000
Y -0.000000 0.848099 -0.529838
Z 0.000000 0.529838 0.848099

PART 25
OFFSET 25.445880 -3.597088 -2.142557
SCALE 1.000000 1.000000 1.000000
X 1.000000 0.000000 -0.000000
Y -0.000000 0.848099 -0.529838
Z 0.000000 0.529838 0.848099

PART 26
OFFSET 29.772212 -5.225150 -2.102770
SCALE 1.000000 1.000000 1.000000
X 1.000000 0.000000 -0.000000
Y -0.000000 0.848099 -0.529838
Z 0.000000 0.529838 0.848099

PART 27
OFFSET 21.485495 -1.616952 -3.671949
SCALE 1.000000 1.000000 1.000000
X 1.000000 0.000000 -0.000000
Y -0.000000 0.848099 -0.529838
Z 0.000000 0.529838 0.848099

PART 28
OFFSET 12.194245 -3.067801 -1.295342
SCALE 1.000000 1.000000 1.000000
X 1.000000 0.000000 -0.000000
Y -0.000000 0.848099 -0.529838
Z 0.000000 0.529838 0.848099

PART 29
OFFSET 12.194245 -3.067801 -1.295342
SCALE 1.000000 1.000000 1.000000
X 1.000000 0.000000 -0.000000
Y -0.000000 0.848099 -0.529838
Z 0.000000 0.529838 0.848099

PART 30
OFFSET 11.699417 -4.455172 -3.517078
SCALE 1.000000 1.000000 1.000000
X 1.000000 0.000000 -0.000000
Y -0.000000 0.848099 -0.529838
Z 0.000000 0.529838 0.848099

PART 31
OFFSET 22.779015 -0.217072 -4.241229
SCALE 1.000000 1.000000 1.000000
X 1.000000 0.000000 -0.000000
Y -0.000000 0.848099 -0.529838
Z 0.000000 0.529838 0.848099

PART 32
OFFSET 22.667847 1.929127 -3.802236
SCALE 1.000000 1.000000 1.000000
X 0.848804 -0.321134 -0.420005
Y -0.477764 -0.125655 -0.869455
Z 0.226436 0.938661 -0.260083

PART 33
OFFSET 22.620208 3.054316 -3.920221
SCALE 1.000000 1.000000 1.000000
X 0.712424 -0.541311 -0.446581
Y -0.585803 -0.108361 -0.803177
Z 0.386376 0.833811 -0.394301

PART 34
OFFSET 20.051248 4.093951 -5.420869
SCALE 1.000000 1.000000 1.000000
X 0.997213 -0.044367 -0.059985
Y -0.074530 -0.555180 -0.828384
Z 0.003450 0.830546 -0.556939

PART 35
OFFSET 20.100942 3.195731 -5.139842
SCALE 1.000000 1.000000 1.000000
X 0.975576 0.131206 0.176172
Y 0.206047 -0.268630 -0.940948
Z -0.076133 0.954265 -0.289104

PART 36
OFFSET 19.834679 1.663051 -5.829389
SCALE 1.000000 1.000000 1.000000
X 0.790416 -0.609058 0.065505
Y -0.612566 -0.785476 0.088262
Z -0.002304 -0.109890 -0.993941

PART 37
OFFSET 22.254828 1.127496 -4.910355
SCALE 1.000000 1.000000 1.000000
X 0.967872 0.212005 0.135194
Y -0.124576 -0.062728 0.990225
Z 0.218413 -0.975253 -0.034302

PART 38
OFFSET 22.272439 3.276780 -5.918804
SCALE 1.000000 1.000000 1.000000
X -0.344636 0.930312 -0.125479
Y -0.408472 -0.028265 0.912333
Z 0.845208 0.365678 0.389748

PART 39
OFFSET 14.022045 -6.593365 -4.245620
SCALE 1.000000 1.000000 1.000000
X -0.980685 -0.195069 -0.014323
Y 0.113232 -0.625914 0.771629
Z -0.159486 0.755103 0.635912

PART 40
OFFSET 14.153922 -7.258196 -5.150150
SCALE 1.000000 1.000000 1.000000
X 0.009609 -0.901507 0.432658
Y 0.999353 0.023659 0.027103
Z -0.034670 0.432118 0.901151

PART 41
OFFSET 11.261278 -8.364790 -5.817125
SCALE 1.000000 1.000000 1.000000
X -0.895439 -0.260642 0.360908
Y 0.440632 -0.634525 0.634997
Z 0.063498 0.727629 0.683026

PART 42
OFFSET 11.374455 -7.840852 -5.305285
SCALE 1.000000 1.000000 1.000000
X -0.978587 -0.083915 0.187952
Y 0.200331 -0.598025 0.776037
Z 0.047279 0.797073 0.602030

PART 43
OFFSET 10.619449 -6.874000 -4.753642
SCALE 1.000000 1.000000 1.000000
X -0.470530 -0.878267 0.085134
Y 0.770646 -0.456022 -0.445139
Z 0.429774 -0.143843 0.891406

PART 44
OFFSET 6.241548 -8.553637 -3.841998
SCALE 1.000000 1.000000 1.000000
X -0.895339 -0.254846 0.365268
Y -0.445235 0.490889 -0.748862
Z 0.011539 -0.833115 -0.552979

PART 45
OFFSET 22.779015 -3.828828 -1.984832
SCALE 1.000000 1.000000 1.000000
X 1.000000 0.000000 -0.000000
Y -0.000000 0.848099 -0.529838
Z 0.000000 0.529838 0.848099

PART 46
OFFSET 24.173806 1.402331 -4.522169
SCALE 1.000000 1.000000 1.000000
X 0.267400 -0.477256 -0.837093
Y -0.917729 0.138666 -0.372217
Z 0.293719 0.867755 -0.400912

PART 47
OFFSET 24.017939 2.026272 -4.751640
SCALE 1.000000 1.000000 1.000000
X 0.340654 -0.489881 -0.802478
Y -0.940144 -0.185773 -0.285687
Z -0.009126 0.851766 -0.523843

PART 48
OFFSET 22.283961 3.798560 -5.587042
SCALE 1.000000 1.000000 1.000000
X 0.975212 -0.220722 0.015591
Y -0.107740 -0.535209 -0.837821
Z 0.193270 0.815373 -0.545723

PART 49
OFFSET 22.621416 3.670280 -4.712829
SCALE 1.000000 1.000000 1.000000
X 0.853142 -0.485576 -0.190694
Y -0.420689 -0.424212 -0.801914
Z 0.308495 0.764369 -0.566189

PART 50
OFFSET 21.517399 0.240456 -5.697194
SCALE 1.000000 1.000000 1.000000
X 0.992649 -0.082647 0.088421
Y -0.095449 -0.983755 0.152035
Z 0.074419 -0.159357 -0.984412

PART 51
OFFSET 15.669015 -6.027310 -4.329845
SCALE 1.000000 1.000000 1.000000
X 0.047993 -0.945873 0.320968
Y 0.941178 0.150430 0.302579
Z -0.334485 0.287566 0.897455

PART 52
OFFSET 14.105962 -5.482730 -5.995369
SCALE 1.000000 1.000000 1.000000
X 0.895798 -0.421702 0.140404
Y 0.406527 0.649687 -0.642373
Z 0.179671 0.632515 0.753421

PART 53
OFFSET 13.435704 -7.736512 -6.495154
SCALE 1.000000 1.000000 1.000000
X 0.016734 -0.856007 0.516694
Y 0.983058 -0.080254 -0.164794
Z 0.182532 0.510697 0.840161

PART 54
OFFSET 13.908076 -7.723476 -5.900543
SCALE 1.000000 1.000000 1.000000
X -0.094983 -0.873784 0.476949
Y 0.927612 -0.251563 -0.276139
Z 0.361269 0.416195 0.834426

PART 55
OFFSET 11.573694 -4.890902 -4.957779
SCALE 1.000000 1.000000 1.000000
X -0.870646 -0.459968 0.174371
Y 0.414045 -0.876637 -0.245100
Z 0.265599 -0.141198 0.953688

PART 56
OFFSET 24.172980 0.749761 -5.500846
SCALE 1.000000 1.000000 1.000000
X -0.587706 -0.412914 -0.695776
Y -0.764187 0.565756 0.309739
Z 0.265743 0.713738 -0.648042

PART 57
OFFSET 24.389497 1.287897 -5.961015
SCALE 1.000000 1.000000 1.000000
X -0.710114 -0.266463 -0.651717
Y -0.696487 0.401472 0.594749
Z 0.103168 0.876252 -0.470679

PART 58
OFFSET 23.637174 3.499012 -5.561995
SCALE 1.000000 1.000000 1.000000
X 0.597235 -0.648815 -0.471539
Y -0.701832 -0.138159 -0.698816
Z 0.388255 0.748299 -0.537873

PART 59
OFFSET 24.037121 2.901704 -5.020829
SCALE 1.000000 1.000000 1.000000
X 0.164912 -0.744991 -0.646369
Y -0.915376 0.128427 -0.381568
Z 0.367275 0.654596 -0.660767

PART 60
OFFSET 23.111012 0.323701 -5.714299
SCALE 1.000000 1.000000 1.000000
X 0.921551 0.336182 -0.194229
Y 0.384606 -0.858889 0.338214
Z -0.053120 -0.386383 -0.920808

PART 61
OFFSET 15.524845 -4.868137 -4.669942
SCALE 1.000000 1.000000 1.000000
X 0.456669 -0.829576 0.321335
Y 0.839103 0.521652 0.154225
Z -0.295566 0.199204 0.934322

PART 62
OFFSET 12.767623 -4.907958 -6.168739
SCALE 1.000000 1.000000 1.000000
X 0.829131 0.316471 -0.460856
Y -0.539564 0.668764 -0.511494
Z 0.146331 0.672757 0.725249

PART 63
OFFSET 13.418261 -6.558288 -7.211647
SCALE 1.000000 1.000000 1.000000
X 0.611769 -0.780444 0.129019
Y 0.768537 0.547786 -0.330576
Z 0.187322 0.301392 0.934919

PART 64
OFFSET 14.068379 -6.225805 -6.709718
SCALE 1.000000 1.000000 1.000000
X 0.786404 -0.616725 -0.034926
Y 0.509850 0.679967 -0.526970
Z 0.348744 0.396604 0.849166

PART 65
OFFSET 13.011430 -4.493669 -5.328165
SCALE 1.000000 1.000000 1.000000
X -0.916635 0.278126 0.287101
Y -0.319851 -0.941120 -0.109495
Z 0.239743 -0.192196 0.951622

PART 66
OFFSET 23.509208 0.283350 -6.286736
SCALE 1.000000 1.000000 1.000000
X 0.955896 -0.174941 -0.235922
Y 0.291396 0.464344 0.836345
Z -0.036762 -0.868205 0.494841

PART 67
OFFSET 23.586461 0.992029 -6.702887
SCALE 1.000000 1.000000 1.000000
X 0.982042 -0.111784 0.151979
Y -0.068057 0.541421 0.837993
Z -0.175959 -0.833287 0.524091

PART 68
OFFSET 24.170718 2.912604 -5.989307
SCALE 1.000000 1.000000 1.000000
X -0.423756 -0.477277 -0.769830
Y -0.817203 0.568013 0.097678
Z 0.390654 0.670499 -0.630731

PART 69
OFFSET 24.227873 1.893602 -5.975528
SCALE 1.000000 1.000000 1.000000
X -0.613140 -0.215764 -0.759938
Y -0.703670 0.586381 0.401255
Z 0.359037 0.780771 -0.511360

PART 70
OFFSET 24.111702 0.654937 -5.960746
SCALE 1.000000 1.000000 1.000000
X 0.793669 0.319329 0.517802
Y -0.606873 0.356315 0.710454
Z 0.042368 -0.878105 0.476589

PART 71
OFFSET 15.009088 -3.931134 -5.032849
SCALE 1.000000 1.000000 1.000000
X -0.989281 -0.144677 0.019768
Y -0.141205 0.913357 -0.381891
Z 0.037196 -0.380589 -0.923996

PART 72
OFFSET 11.827163 -5.270688 -5.652242
SCALE 1.000000 1.000000 1.000000
X -0.301112 -0.715459 0.630436
Y -0.933460 0.356271 -0.041524
Z -0.194897 -0.600990 -0.775130

PART 73
OFFSET 12.871363 -5.862861 -7.325601
SCALE 1.000000 1.000000 1.000000
X 0.920838 0.038881 -0.388003
Y -0.118224 0.976021 -0.182772
Z 0.371593 0.214174 0.903354

PART 74
OFFSET 12.948500 -5.397515 -6.654860
SCALE 1.000000 1.000000 1.000000
X 0.918522 0.196860 -0.342874
Y -0.323202 0.873364 -0.364383
Z 0.227721 0.445512 0.865830

PART 75
OFFSET 13.997191 -4.769644 -5.680310
SCALE 1.000000 1.000000 1.000000
X -0.896568 0.134791 -0.421898
Y 0.442898 0.266931 -0.855914
Z -0.002752 -0.954243 -0.299020

PART 76
OFFSET 23.768139 2.459178 -6.720664
SCALE 1.000000 1.000000 1.000000
X 0.780061 -0.089166 0.619318
Y -0.295010 0.820462 0.489705
Z -0.551792 -0.564704 0.613706

PART 77
OFFSET 23.562974 1.659599 -6.799668
SCALE 1.000000 1.000000 1.000000
X 0.923404 -0.116098 0.365849
Y -0.239288 0.571133 0.785206
Z -0.300109 -0.812606 0.499606

PART 78
OFFSET 11.996531 -5.899803 -6.956997
SCALE 1.000000 1.000000 1.000000
X -0.684159 -0.673507 0.279848
Y -0.635051 0.738810 0.225544
Z -0.358660 -0.023409 -0.933175

PART 79
OFFSET 11.952326 -5.610958 -6.283002
SCALE 1.000000 1.000000 1.000000
X -0.555588 -0.636020 0.535537
Y -0.800461 0.583379 -0.137593
Z -0.224909 -0.505121 -0.833228

PART 80
OFFSET 0.000000 0.000000 0.000000
SCALE 1.000000 1.000000 1.000000
X 1.000000 0.000000 0.000000
Y 0.000000 1.000000 0.000000
Z 0.000000 0.000000 1.000000

PART 81
OFFSET 0.000000 0.000000 0.000000
SCALE 1.000000 1.000000 1.000000
X 1.000000 0.000000 0.000000
Y 0.000000 1.000000 0.000000
Z 0.000000 0.000000 1.000000

PART 82
OFFSET 1.540551 0.000000 4.135827
SCALE 1.000000 1.000000 1.000000
X 1.000000 0.000000 0.000000
Y 0.000000 1.000000 0.000000
Z 0.000000 0.000000 1.000000

PART 83
OFFSET -4.631835 0.000000 -1.376957
SCALE 1.000000 1.000000 1.000000
X 1.000000 0.000000 0.000000
Y 0.000000 1.000000 0.000000
Z 0.000000 0.000000 1.000000

FRAME 1
PART 0
OFFSET 0.000000 0.000000 0.000000
SCALE 1.000000 1.000000 1.000000
X 1.000000 0.000000 0.000000
Y 0.000000 1.000000 0.000000
Z 0.000000 0.000000 1.000000

PART 1
OFFSET 3.759549 -1.224486 -2.685592
SCALE 1.000000 1.000000 1.000000
X 0.420555 0.651990 -0.630907
Y 0.618358 -0.714845 -0.326543
Z -0.663903 -0.252797 -0.703794

PART 2
OFFSET -4.772867 -7.386695 2.665019
SCALE 1.000000 1.000000 1.000000
X -0.443750 0.493064 0.748314
Y -0.232889 -0.869791 0.435002
Z 0.865360 0.018758 0.500799

PART 3
OFFSET 12.579859 -5.676799 -5.474988
SCALE 1.000000 1.000000 1.000000
X 0.999929 -0.011321 -0.003781
Y 0.008484 0.897001 -0.441948
Z 0.008395 0.441884 0.897033

PART 4
OFFSET 13.745596 17.667068 -17.903065
SCALE 1.000000 1.000000 1.000000
X 0.998737 0.041892 -0.027740
Y 0.021387 0.145113 0.989184
Z 0.045465 -0.988528 0.144033

PART 5
OFFSET 9.013268 7.786914 -11.173416
SCALE 1.000000 1.000000 1.000000
X 0.811292 -0.343767 0.472894
Y -0.583184 -0.532911 0.613109
Z 0.041243 -0.773195 -0.632826

PART 6
OFFSET 0.774464 -14.205031 -7.113822
SCALE 1.000000 1.000000 1.000000
X -0.819695 -0.544782 -0.176953
Y 0.448577 -0.418421 -0.789748
Z 0.356200 -0.726730 0.587354

PART 7
OFFSET 12.579859 -5.676799 -5.474988
SCALE 1.000000 1.000000 1.000000
X 0.999929 -0.011321 -0.003781
Y 0.008484 0.897001 -0.441948
Z 0.008395 0.441884 0.897033

PART 8
OFFSET 17.625826 5.639032 -6.570722
SCALE 1.000000 1.000000 1.000000
X 0.814648 -0.338473 0.470941
Y -0.035151 0.781719 0.622640
Z -0.578890 -0.523786 0.624928

PART 9
OFFSET 17.498766 4.618824 -7.903649
SCALE 1.000000 1.000000 1.000000
X 0.814648 -0.338473 0.470941
Y -0.035151 0.781719 0.622640
Z -0.578890 -0.523786 0.624928

PART 10
OFFSET 16.575340 4.019920 -4.835460
SCALE 1.000000 1.000000 1.000000
X 0.814648 -0.338473 0.470941
Y -0.035151 0.781719 0.622640
Z -0.578890 -0.523786 0.624928

PART 11
OFFSET 16.423316 2.914825 -5.588556
SCALE 1.000000 1.000000 1.000000
X 0.814648 -0.338473 0.470941
Y -0.035151 0.781719 0.622640
Z -0.578890 -0.523786 0.624928

PART 12
OFFSET 16.696264 3.089379 -6.742122
SCALE 1.000000 1.000000 1.000000
X 0.814648 -0.338473 0.470941
Y -0.035151 0.781719 0.622640
Z -0.578890 -0.523786 0.624928

PART 13
OFFSET 18.452354 3.454929 -5.833380
SCALE 1.000000 1.000000 1.000000
X 0.839495 0.122550 0.529368
Y 0.148142 -0.988948 -0.005986
Z 0.522783 0.083447 -0.848371

PART 14
OFFSET 15.913516 4.863045 -7.150441
SCALE 1.000000 1.000000 1.000000
X 0.811292 -0.343767 0.472894
Y -0.583184 -0.532911 0.613109
Z 0.041243 -0.773195 -0.632826

PART 15
OFFSET 8.936298 -8.475345 -3.635495
SCALE 1.000000 1.000000 1.000000
X -0.823327 -0.540294 -0.173827
Y -0.360296 0.734181 -0.575469
Z 0.438543 -0.411170 -0.799137

PART 16
OFFSET 8.285980 -7.476525 -4.260748
SCALE 1.000000 1.000000 1.000000
X -0.823327 -0.540294 -0.173827
Y -0.360296 0.734181 -0.575469
Z 0.438543 -0.411170 -0.799137

PART 17
OFFSET 8.185590 -7.646594 -5.442575
SCALE 1.000000 1.000000 1.000000
X -0.823327 -0.540294 -0.173827
Y -0.360296 0.734181 -0.575469
Z 0.438543 -0.411170 -0.799137

PART 18
OFFSET 10.250833 -7.819854 -5.036440
SCALE 1.000000 1.000000 1.000000
X -0.972560 -0.232465 0.009373
Y 0.156116 -0.681950 -0.714544
Z 0.172498 -0.693473 0.699528

PART 19
OFFSET 7.748254 -9.569129 -5.608536
SCALE 1.000000 1.000000 1.000000
X -0.819695 -0.544782 -0.176953
Y 0.448577 -0.418421 -0.789748
Z 0.356200 -0.726730 0.587354

PART 20
OFFSET 24.638961 -4.028489 -1.896778
SCALE 1.000000 1.000000 1.000000
X 0.999929 -0.011321 -0.003781
Y 0.008484 0.897001 -0.441948
Z 0.008395 0.441884 0.897033

PART 21
OFFSET 16.361861 -3.940278 -1.862775
SCALE 1.000000 1.000000 1.000000
X 0.999929 -0.011321 -0.003781
Y 0.008484 0.897001 -0.441948
Z 0.008395 0.441884 0.897033

PART 22
OFFSET 22.786454 -4.339343 -1.745709
SCALE 1.000000 1.000000 1.000000
X -0.003152 -0.556006 0.831172
Y 0.999929 -0.011321 -0.003781
Z 0.011512 0.831101 0.556002

PART 23
OFFSET 31.995887 -4.111779 -1.924596
SCALE 1.000000 1.000000 1.000000
X 0.999929 -0.011321 -0.003781
Y 0.008484 0.897001 -0.441948
Z 0.008395 0.441884 0.897033

PART 24
OFFSET 12.579859 -5.676799 -5.474988
SCALE 1.000000 1.000000 1.000000
X 0.999929 -0.011321 -0.003781
Y 0.008484 0.897001 -0.441948
Z 0.008395 0.441884 0.897033

PART 25
OFFSET 25.426039 -4.037400 -1.899754
SCALE 1.000000 1.000000 1.000000
X 0.999929 -0.011321 -0.003781
Y 0.008484 0.897001 -0.441948
Z 0.008395 0.441884 0.897033

PART 26
OFFSET 29.733212 -5.710089 -2.040093
SCALE 1.000000 1.000000 1.000000
X 0.999929 -0.011321 -0.003781
Y 0.008484 0.897001 -0.441948
Z 0.008395 0.441884 0.897033

PART 27
OFFSET 21.484979 -1.868874 -3.207484
SCALE 1.000000 1.000000 1.000000
X 0.999929 -0.011321 -0.003781
Y 0.008484 0.897001 -0.441948
Z 0.008395 0.441884 0.897033

PART 28
OFFSET 12.183735 -3.445959 -0.953552
SCALE 1.000000 1.000000 1.000000
X 0.999929 -0.011321 -0.003781
Y 0.008484 0.897001 -0.441948
Z 0.008395 0.441884 0.897033

PART 29
OFFSET 12.183735 -3.445959 -0.953552
SCALE 1.000000 1.000000 1.000000
X 0.999929 -0.011321 -0.003781
Y 0.008484 0.897001 -0.441948
Z 0.008395 0.441884 0.897033

PART 30
OFFSET 11.666958 -4.597321 -3.301545
SCALE 1.000000 1.000000 1.000000
X 0.999929 -0.011321 -0.003781
Y 0.008484 0.897001 -0.441948
Z 0.008395 0.441884 0.897033

PART 31
OFFSET 22.793211 -0.433600 -3.638128
SCALE 1.000000 1.000000 1.000000
X 0.999929 -0.011321 -0.003781
Y 0.008484 0.897001 -0.441948
Z 0.008395 0.441884 0.897033

PART 32
OFFSET 21.677946 3.165404 -3.487967
SCALE 1.000000 1.000000 1.000000
X 0.997545 0.063294 -0.029968
Y -0.022577 -0.114405 -0.993178
Z -0.066291 0.991416 -0.112695

PART 33
OFFSET 21.510729 4.253889 -3.657179
SCALE 1.000000 1.000000 1.000000
X 0.962962 -0.232601 -0.136389
Y -0.185214 -0.202988 -0.961505
Z 0.195962 0.951153 -0.238550

PART 34
OFFSET 19.093514 4.912078 -5.494456
SCALE 1.000000 1.000000 1.000000
X 0.985971 0.150323 0.072551
Y 0.135755 -0.469300 -0.872541
Z -0.097115 0.870150 -0.483124

PART 35
OFFSET 19.232928 4.068523 -5.241220
SCALE 1.000000 1.000000 1.000000
X 0.907036 0.268214 0.324571
Y 0.372074 -0.149741 -0.916045
Z -0.197095 0.951651 -0.235616

PART 36
OFFSET 19.196812 2.523132 -5.926027
SCALE 1.000000 1.000000 1.000000
X 0.780488 -0.612651 0.124488
Y -0.620464 -0.783488 0.034217
Z 0.076572 -0.103946 -0.991631

PART 37
OFFSET 21.555696 2.307228 -4.665738
SCALE 1.000000 1.000000 1.000000
X 0.906593 0.329750 0.263350
Y -0.250084 -0.082858 0.964672
Z 0.339922 -0.940425 0.007346

PART 38
OFFSET 21.445198 4.447313 -5.687760
SCALE 1.000000 1.000000 1.000000
X -0.436579 0.881003 -0.182299
Y -0.522725 -0.083481 0.848404
Z 0.732228 0.465688 0.496968

PART 39
OFFSET 13.966114 -6.683137 -4.254842
SCALE 1.000000 1.000000 1.000000
X -0.983013 -0.181098 -0.029831
Y 0.107855 -0.701487 0.704473
Z -0.148505 0.689289 0.709103

PART 40
OFFSET 14.087335 -7.255331 -5.222037
SCALE 1.000000 1.000000 1.000000
X -0.000068 -0.940429 0.339989
Y 0.999640 0.009064 0.025272
Z -0.026849 0.339868 0.940090

PART 41
OFFSET 11.179597 -8.255299 -5.984888
SCALE 1.000000 1.000000 1.000000
X -0.897492 -0.285003 0.336573
Y 0.434734 -0.700191 0.566338
Z 0.074258 0.654604 0.752316

PART 42
OFFSET 11.300579 -7.786746 -5.423534
SCALE 1.000000 1.000000 1.000000
X -0.978989 -0.090844 0.182560
Y 0.195297 -0.675208 0.711304
Z 0.058648 0.732012 0.678763

PART 43
OFFSET 10.558926 -6.871329 -4.774603
SCALE 1.000000 1.000000 1.000000
X -0.480885 -0.876782 -0.001493
Y 0.763787 -0.418074 -0.491776
Z 0.430556 -0.237628 0.870721

PART 44
OFFSET 6.163640 -8.582378 -4.018257
SCALE 1.000000 1.000000 1.000000
X -0.897308 -0.279672 0.341499
Y -0.441405 0.568773 -0.694017
Z -0.000138 -0.773486 -0.633813

PART 45
OFFSET 22.757080 -4.253612 -1.756027
SCALE 1.000000 1.000000 1.000000
X 0.999929 -0.011321 -0.003781
Y 0.008484 0.897001 -0.441948
Z 0.008395 0.441884 0.897033

PART 46
OFFSET 23.417074 3.318021 -3.497077
SCALE 1.000000 1.000000 1.000000
X 0.762147 -0.190844 -0.618636
Y -0.643615 -0.120125 -0.755864
Z 0.069938 0.974243 -0.214383

PART 47
OFFSET 23.368961 3.826841 -3.880173
SCALE 1.000000 1.000000 1.000000
X 0.779189 -0.246611 -0.576235
Y -0.617491 -0.459790 -0.638200
Z -0.107560 0.853098 -0.510543

PART 48
OFFSET 21.357170 5.038823 -5.396092
SCALE 1.000000 1.000000 1.000000
X 0.974710 0.053156 0.217057
Y 0.215641 -0.478596 -0.851143
Z 0.058639 0.876425 -0.477955

PART 49
OFFSET 21.553796 4.904435 -4.416896
SCALE 1.000000 1.000000 1.000000
X 0.975646 -0.212971 0.052526
Y -0.066447 -0.515157 -0.854516
Z 0.209046 0.830215 -0.516762

PART 50
OFFSET 20.828445 1.104830 -5.684155
SCALE 1.000000 1.000000 1.000000
X 0.955805 -0.215301 0.200205
Y -0.236042 -0.967931 0.085984
Z 0.175272 -0.129440 -0.975974

PART 51
OFFSET 15.619571 -6.130898 -4.288552
SCALE 1.000000 1.000000 1.000000
X 0.037454 -0.973810 0.224256
Y 0.943795 0.108221 0.312313
Z -0.328402 0.199954 0.923131

PART 52
OFFSET 14.058455 -5.403558 -5.884665
SCALE 1.000000 1.000000 1.000000
X 0.891025 -0.444171 0.093741
Y 0.412520 0.706053 -0.575601
Z 0.189479 0.551544 0.812340

PART 53
OFFSET 13.359521 -7.587752 -6.605292
SCALE 1.000000 1.000000 1.000000
X 0.007848 -0.903681 0.428134
Y 0.981538 -0.074862 -0.176007
Z 0.191105 0.421611 0.886410

PART 54
OFFSET 13.833720 -7.640016 -6.014302
SCALE 1.000000 1.000000 1.000000
X -0.104188 -0.916064 0.387261
Y 0.923704 -0.233466 -0.303751
Z 0.368668 0.326067 0.870496

PART 55
OFFSET 11.536527 -4.889117 -4.782638
SCALE 1.000000 1.000000 1.000000
X -0.875649 -0.464874 0.130887
Y 0.402693 -0.852419 -0.333496
Z 0.266604 -0.239318 0.933622

PART 56
OFFSET 24.213152 2.932995 -4.318457
SCALE 1.000000 1.000000 1.000000
X 0.240169 -0.425741 -0.872390
Y -0.949269 0.084929 -0.302781
Z 0.202997 0.900851 -0.383745

PART 57
OFFSET 24.483104 3.432511 -4.742777
SCALE 1.000000 1.000000 1.000000
X -0.048578 -0.476743 -0.877700
Y -0.996272 -0.039594 0.076647
Z -0.071292 0.878151 -0.473042

PART 58
OFFSET 22.690916 5.119656 -5.094403
SCALE 1.000000 1.000000 1.000000
X 0.882969 -0.383587 -0.270605
Y -0.397606 -0.304661 -0.865501
Z 0.249552 0.871804 -0.421522

PART 59
OFFSET 23.118056 4.591680 -4.321486
SCALE 1.000000 1.000000 1.000000
X 0.656916 -0.585604 -0.474899
Y -0.697098 -0.231768 -0.678482
Z 0.287255 0.776757 -0.560475

PART 60
OFFSET 22.416159 0.868538 -5.496416
SCALE 1.000000 1.000000 1.000000
X 0.999006 -0.022551 -0.038461
Y -0.008536 -0.943433 0.331454
Z -0.043760 -0.330796 -0.942687

PART 61
OFFSET 15.488476 -4.941828 -4.510049
SCALE 1.000000 1.000000 1.000000
X 0.447508 -0.862953 0.234625
Y 0.845798 0.493633 0.202367
Z -0.290452 0.107885 0.950788

PART 62
OFFSET 12.726683 -4.798587 -5.994048
SCALE 1.000000 1.000000 1.000000
X 0.831577 0.351355 -0.430150
Y -0.532891 0.723023 -0.439619
Z 0.156546 0.594800 0.788483

PART 63
OFFSET 13.354293 -6.343441 -7.199886
SCALE 1.000000 1.000000 1.000000
X 0.602643 -0.796591 0.047583
Y 0.774163 0.569125 -0.277072
Z 0.193633 0.203813 0.959670

PART 64
OFFSET 14.009826 -6.070682 -6.669783
SCALE 1.000000 1.000000 1.000000
X 0.778777 -0.619309 -0.099818
Y 0.516534 0.723383 -0.458159
Z 0.355949 0.305244 0.883248

PART 65
OFFSET 12.977899 -4.473651 -5.117150
SCALE 1.000000 1.000000 1.000000
X -0.912372 0.258668 0.317283
Y -0.331537 -0.921551 -0.202058
Z 0.240127 -0.289543 0.926555

PART 66
OFFSET 24.484467 2.452120 -5.303801
SCALE 1.000000 1.000000 1.000000
X 0.835849 0.315968 0.448911
Y -0.537860 0.307752 0.784854
Z 0.109836 -0.897470 0.427181

PART 67
OFFSET 24.428284 2.898809 -5.740241
SCALE 1.000000 1.000000 1.000000
X 0.678189 0.330899 0.656175
Y -0.734328 0.339970 0.587523
Z -0.028669 -0.880299 0.473552

PART 68
OFFSET 23.465756 4.783065 -5.327401
SCALE 1.000000 1.000000 1.000000
X 0.131239 -0.555024 -0.821416
Y -0.939782 0.194106 -0.281306
Z 0.315573 0.808870 -0.496128

PART 69
OFFSET 24.040993 3.799713 -5.006084
SCALE 1.000000 1.000000 1.000000
X -0.025952 -0.461277 -0.886877
Y -0.983864 0.168890 -0.059052
Z 0.177024 0.871034 -0.458217

PART 70
OFFSET 23.494344 0.812943 -5.575531
SCALE 1.000000 1.000000 1.000000
X 0.763802 0.001387 0.645449
Y -0.541100 0.546539 0.639144
Z -0.351877 -0.837432 0.418198

PART 71
OFFSET 14.983065 -3.967132 -4.775018
SCALE 1.000000 1.000000 1.000000
X -0.990900 -0.134285 0.009178
Y -0.131227 0.948671 -0.287753
Z 0.029934 -0.286339 -0.957661

PART 72
OFFSET 11.783384 -5.200239 -5.512727
SCALE 1.000000 1.000000 1.000000
X -0.307944 -0.771531 0.556696
Y -0.929192 0.369593 -0.001774
Z -0.204383 -0.517824 -0.830714

PART 73
OFFSET 12.815530 -5.633707 -7.241274
SCALE 1.000000 1.000000 1.000000
X 0.920127 0.066798 -0.385882
Y -0.106923 0.990759 -0.083450
Z 0.376742 0.118044 0.918766

PART 74
OFFSET 12.900219 -5.238971 -6.527552
SCALE 1.000000 1.000000 1.000000
X 0.919853 0.219466 -0.325122
Y -0.313646 0.909267 -0.273606
Z 0.235575 0.353651 0.905227

PART 75
OFFSET 13.959231 -4.724464 -5.499214
SCALE 1.000000 1.000000 1.000000
X -0.896076 0.186990 -0.402594
Y 0.443641 0.346261 -0.826611
Z -0.015165 -0.919314 -0.393233

PART 76
OFFSET 23.590437 4.255777 -6.107767
SCALE 1.000000 1.000000 1.000000
X 0.443489 0.184808 0.877019
Y -0.754186 0.605652 0.253751
Z -0.484273 -0.773971 0.407980

PART 77
OFFSET 24.012886 3.299477 -5.967868
SCALE 1.000000 1.000000 1.000000
X 0.592621 0.328280 0.735550
Y -0.797617 0.366466 0.479072
Z -0.112284 -0.870595 0.479017

PART 78
OFFSET 11.941373 -5.697170 -6.874685
SCALE 1.000000 1.000000 1.000000
X -0.691458 -0.690103 0.213644
Y -0.625413 0.719857 0.301105
Z -0.361586 0.074586 -0.929350

PART 79
OFFSET 11.902601 -5.476931 -6.174942
SCALE 1.000000 1.000000 1.000000
X -0.561713 -0.679983 0.471276
Y -0.793730 0.603614 -0.075117
Z -0.233391 -0.416260 -0.878781

PART 80
OFFSET 0.000000 0.000000 0.000000
SCALE 1.000000 1.000000 1.000000
X 1.000000 0.000000 0.000000
Y 0.000000 1.000000 0.000000
Z 0.000000 0.000000 1.000000

PART 81
OFFSET 0.000000 0.000000 0.000000
SCALE 1.000000 1.000000 1.000000
X 1.000000 0.000000 0.000000
Y 0.000000 1.000000 0.000000
Z 0.000000 0.000000 1.000000

PART 82
OFFSET 1.540551 0.000000 4.135827
SCALE 1.000000 1.000000 1.000000
X 1.000000 0.000000 0.000000
Y 0.000000 1.000000 0.000000
Z 0.000000 0.000000 1.000000

PART 83
OFFSET -4.631835 0.000000 -1.376957
SCALE 1.000000 1.000000 1.000000
X 1.000000 0.000000 0.000000
Y 0.000000 1.000000 0.000000
Z 0.000000 0.000000 1.000000

FRAME 2
PART 0
OFFSET 0.000000 0.000000 0.000000
SCALE 1.000000 1.000000 1.000000
X 1.000000 0.000000 0.000000
Y 0.000000 1.000000 0.000000
Z 0.000000 0.000000 1.000000

PART 1
OFFSET 4.163854 -0.719005 -2.412365
SCALE 1.000000 1.000000 1.000000
X 0.307876 0.583460 -0.751523
Y 0.725930 -0.654648 -0.210858
Z -0.615011 -0.480635 -0.625102

PART 2
OFFSET -4.681426 -7.350165 2.591680
SCALE 1.000000 1.000000 1.000000
X -0.426804 0.490763 0.759598
Y -0.225708 -0.871170 0.436026
Z 0.875725 0.014650 0.482589

PART 3
OFFSET 12.432748 -5.587007 -5.291124
SCALE 1.000000 1.000000 1.000000
X 0.999109 -0.040044 -0.013366
Y 0.035610 0.969465 -0.242632
Z 0.022674 0.241940 0.970026

PART 4
OFFSET 13.745596 17.667068 -17.903065
SCALE 1.000000 1.000000 1.000000
X 0.998737 0.041892 -0.027740
Y 0.021387 0.145113 0.989184
Z 0.045465 -0.988528 0.144033

PART 5
OFFSET 7.965497 7.470894 -12.714761
SCALE 1.000000 1.000000 1.000000
X 0.796456 -0.196498 0.571879
Y -0.588663 -0.468286 0.658927
Z 0.138325 -0.861451 -0.488640

PART 6
OFFSET 0.665185 -14.171084 -7.366790
SCALE 1.000000 1.000000 1.000000
X -0.811540 -0.556207 -0.178987
Y 0.450457 -0.400467 -0.797944
Z 0.372144 -0.728190 0.575542

PART 7
OFFSET 12.432748 -5.587007 -5.291124
SCALE 1.000000 1.000000 1.000000
X 0.999109 -0.040044 -0.013366
Y 0.035610 0.969465 -0.242632
Z 0.022674 0.241940 0.970026

PART 8
OFFSET 16.349869 6.792208 -7.309576
SCALE 1.000000 1.000000 1.000000
X 0.799580 -0.191353 0.569258
Y -0.132102 0.868626 0.477534
Z -0.585850 -0.457027 0.669258

PART 9
OFFSET 16.387541 5.559149 -8.454919
SCALE 1.000000 1.000000 1.000000
X 0.799580 -0.191353 0.569258
Y -0.132102 0.868626 0.477534
Z -0.585850 -0.457027 0.669258

PART 10
OFFSET 15.288404 5.404764 -5.390078
SCALE 1.000000 1.000000 1.000000
X 0.799580 -0.191353 0.569258
Y -0.132102 0.868626 0.477534
Z -0.585850 -0.457027 0.669258

PART 11
OFFSET 15.265285 4.182036 -5.952128
SCALE 1.000000 1.000000 1.000000
X 0.799580 -0.191353 0.569258
Y -0.132102 0.868626 0.477534
Z -0.585850 -0.457027 0.669258

PART 12
OFFSET 15.608049 4.184511 -7.100253
SCALE 1.000000 1.000000 1.000000
X 0.799580 -0.191353 0.569258
Y -0.132102 0.868626 0.477534
Z -0.585850 -0.457027 0.669258

PART 13
OFFSET 17.295489 4.799052 -6.232806
SCALE 1.000000 1.000000 1.000000
X 0.730124 0.251908 0.635186
Y 0.299091 -0.953605 0.034396
Z 0.614381 0.164865 -0.771593

PART 14
OFFSET 14.739497 5.799740 -7.849895
SCALE 1.000000 1.000000 1.000000
X 0.796456 -0.196498 0.571879
Y -0.588663 -0.468286 0.658927
Z 0.138325 -0.861451 -0.488640

PART 15
OFFSET 8.751736 -8.350050 -3.864383
SCALE 1.000000 1.000000 1.000000
X -0.815226 -0.551822 -0.175780
Y -0.376288 0.735415 -0.563536
Z 0.440242 -0.393265 -0.807174

PART 16
OFFSET 8.080703 -7.354309 -4.472422
SCALE 1.000000 1.000000 1.000000
X -0.815226 -0.551822 -0.175780
Y -0.376288 0.735415 -0.563536
Z 0.440242 -0.393265 -0.807174

PART 17
OFFSET 7.975582 -7.510654 -5.655731
SCALE 1.000000 1.000000 1.000000
X -0.815226 -0.551822 -0.175780
Y -0.376288 0.735415 -0.563536
Z 0.440242 -0.393265 -0.807174

PART 18
OFFSET 10.039028 -7.695482 -5.293769
SCALE 1.000000 1.000000 1.000000
X -0.979128 -0.200510 -0.033226
Y 0.135040 -0.519627 -0.843654
Z 0.151896 -0.830532 0.535859

PART 19
OFFSET 7.569578 -9.437983 -5.844183
SCALE 1.000000 1.000000 1.000000
X -0.811540 -0.556207 -0.178987
Y 0.450457 -0.400467 -0.797944
Z 0.372144 -0.728190 0.575542

PART 20
OFFSET 24.539650 -5.091812 -1.533446
SCALE 1.000000 1.000000 1.000000
X 0.999109 -0.040044 -0.013366
Y 0.035610 0.969465 -0.242632
Z 0.022674 0.241940 0.970026

PART 21
OFFSET 16.269174 -4.766284 -1.421321
SCALE 1.000000 1.000000 1.000000
X 0.999109 -0.040044 -0.013366
Y 0.035610 0.969465 -0.242632
Z 0.022674 0.241940 0.970026

PART 22
OFFSET 22.678611 -5.372248 -1.437936
SCALE 1.000000 1.000000 1.000000
X -0.019508 -0.718714 0.695032
Y 0.999109 -0.040044 -0.013366
Z 0.037438 0.694152 0.718854

PART 23
OFFSET 31.890541 -5.386433 -1.631786
SCALE 1.000000 1.000000 1.000000
X 0.999109 -0.040044 -0.013366
Y 0.035610 0.969465 -0.242632
Z 0.022674 0.241940 0.970026

PART 24
OFFSET 12.432748 -5.587007 -5.291124
SCALE 1.000000 1.000000 1.000000
X 0.999109 -0.040044 -0.013366
Y 0.035610 0.969465 -0.242632
Z 0.022674 0.241940 0.970026

PART 25
OFFSET 25.326083 -5.123332 -1.543967
SCALE 1.000000 1.000000 1.000000
X 0.999109 -0.040044 -0.013366
Y 0.035610 0.969465 -0.242632
Z 0.022674 0.241940 0.970026

PART 26
OFFSET 29.579845 -6.856143 -2.065684
SCALE 1.000000 1.000000 1.000000
X 0.999109 -0.040044 -0.013366
Y 0.035610 0.969465 -0.242632
Z 0.022674 0.241940 0.970026

PART 27
OFFSET 21.452265 -2.611068 -2.335600
SCALE 1.000000 1.000000 1.000000
X 0.999109 -0.040044 -0.013366
Y 0.035610 0.969465 -0.242632
Z 0.022674 0.241940 0.970026

PART 28
OFFSET 12.108912 -4.350997 -0.397828
SCALE 1.000000 1.000000 1.000000
X 0.999109 -0.040044 -0.013366
Y 0.035610 0.969465 -0.242632
Z 0.022674 0.241940 0.970026

PART 29
OFFSET 12.108912 -4.350997 -0.397828
SCALE 1.000000 1.000000 1.000000
X 0.999109 -0.040044 -0.013366
Y 0.035610 0.969465 -0.242632
Z 0.022674 0.241940 0.970026

PART 30
OFFSET 11.555154 -4.964386 -2.932165
SCALE 1.000000 1.000000 1.000000
X 0.999109 -0.040044 -0.013366
Y 0.035610 0.969465 -0.242632
Z 0.022674 0.241940 0.970026

PART 31
OFFSET 22.803520 -1.156826 -2.462990
SCALE 1.000000 1.000000 1.000000
X 0.999109 -0.040044 -0.013366
Y 0.035610 0.969465 -0.242632
Z 0.022674 0.241940 0.970026

PART 32
OFFSET 20.091214 4.984031 -3.440714
SCALE 1.000000 1.000000 1.000000
X 0.608344 0.440598 0.660145
Y 0.562530 0.347396 -0.750250
Z -0.559891 0.827762 -0.036514

PART 33
OFFSET 19.825549 6.028259 -3.706897
SCALE 1.000000 1.000000 1.000000
X 0.849727 0.246656 0.465967
Y 0.474472 0.027583 -0.879838
Z -0.229870 0.968710 -0.093594

PART 34
OFFSET 17.689039 6.217919 -5.823138
SCALE 1.000000 1.000000 1.000000
X 0.885304 0.424191 0.190521
Y 0.324142 -0.269172 -0.906906
Z -0.333419 0.864643 -0.375797

PART 35
OFFSET 17.934976 5.494376 -5.605629
SCALE 1.000000 1.000000 1.000000
X 0.768710 0.433934 0.469879
Y 0.490424 0.071691 -0.868530
Z -0.410571 0.898088 -0.157702

PART 36
OFFSET 18.199073 3.966891 -6.180152
SCALE 1.000000 1.000000 1.000000
X 0.803076 -0.500476 0.323406
Y -0.522204 -0.852522 -0.022563
Z 0.287003 -0.150765 -0.945991

PART 37
OFFSET 20.350442 4.149882 -4.633687
SCALE 1.000000 1.000000 1.000000
X 0.799965 0.467267 0.376454
Y -0.363530 -0.121729 0.923595
Z 0.477391 -0.875696 0.072487

PART 38
OFFSET 20.050044 6.247175 -5.705054
SCALE 1.000000 1.000000 1.000000
X -0.538868 0.802029 -0.257624
Y -0.614322 -0.164891 0.771634
Z 0.576393 0.574073 0.581559

PART 39
OFFSET 13.787386 -6.859505 -4.315360
SCALE 1.000000 1.000000 1.000000
X -0.988049 -0.141726 -0.060609
Y 0.087042 -0.837509 0.539447
Z -0.127215 0.527724 0.839835

PART 40
OFFSET 13.890713 -7.217433 -5.382496
SCALE 1.000000 1.000000 1.000000
X -0.028256 -0.990654 0.133440
Y 0.999472 -0.025860 0.019660
Z -0.016026 0.133925 0.990862

PART 41
OFFSET 10.953666 -7.947507 -6.319288
SCALE 1.000000 1.000000 1.000000
X -0.905490 -0.323266 0.274930
Y 0.413730 -0.816621 0.402439
Z 0.094418 0.478152 0.873187

PART 42
OFFSET 11.089064 -7.612085 -5.672409
SCALE 1.000000 1.000000 1.000000
X -0.981179 -0.098611 0.166024
Y 0.175241 -0.815849 0.551072
Z 0.081109 0.569794 0.817775

PART 43
OFFSET 10.375766 -6.833293 -4.839438
SCALE 1.000000 1.000000 1.000000
X -0.507134 -0.842105 -0.183508
Y 0.750530 -0.326823 -0.574361
Z 0.423698 -0.429006 0.797768

PART 44
OFFSET 5.931277 -8.535743 -4.431426
SCALE 1.000000 1.000000 1.000000
X -0.905141 -0.319105 0.280877
Y -0.424442 0.715444 -0.554968
Z -0.023858 -0.621540 -0.783019

PART 45
OFFSET 22.651870 -5.285437 -1.429705
SCALE 1.000000 1.000000 1.000000
X 0.999109 -0.040044 -0.013366
Y 0.035610 0.969465 -0.242632
Z 0.022674 0.241940 0.970026

PART 46
OFFSET 21.072870 5.754578 -2.235326
SCALE 1.000000 1.000000 1.000000
X 0.899441 0.411290 0.147804
Y 0.144558 0.039184 -0.988720
Z -0.412442 0.910662 -0.024211

PART 47
OFFSET 21.423028 6.509480 -2.774689
SCALE 1.000000 1.000000 1.000000
X 0.944139 0.319625 0.080261
Y 0.225238 -0.448080 -0.865154
Z -0.240561 0.834903 -0.495042

PART 48
OFFSET 19.838089 6.972931 -5.507284
SCALE 1.000000 1.000000 1.000000
X 0.771159 0.424400 0.474552
Y 0.595674 -0.217914 -0.773101
Z -0.224692 0.878862 -0.420850

PART 49
OFFSET 19.851307 6.758821 -4.388103
SCALE 1.000000 1.000000 1.000000
X 0.879563 0.248525 0.405714
Y 0.475631 -0.437790 -0.762965
Z -0.011998 0.864046 -0.503270

PART 50
OFFSET 19.850528 2.810542 -5.555427
SCALE 1.000000 1.000000 1.000000
X 0.846164 -0.321468 0.425046
Y -0.334087 -0.941375 -0.046887
Z 0.415201 -0.102328 -0.903957

PART 51
OFFSET 15.456740 -6.361458 -4.243041
SCALE 1.000000 1.000000 1.000000
X 0.008172 -0.999882 0.013006
Y 0.946814 0.011921 0.321560
Z -0.321677 0.009687 0.946800

PART 52
OFFSET 13.917354 -5.267357 -5.638367
SCALE 1.000000 1.000000 1.000000
X 0.877265 -0.479930 -0.008503
Y 0.433308 0.799416 -0.416146
Z 0.206519 0.361386 0.909258

PART 53
OFFSET 13.152385 -7.228151 -6.799650
SCALE 1.000000 1.000000 1.000000
X -0.019183 -0.973635 0.227304
Y 0.978729 -0.064732 -0.194677
Z 0.204258 0.218734 0.954167

PART 54
OFFSET 13.625137 -7.418172 -6.236388
SCALE 1.000000 1.000000 1.000000
X -0.131566 -0.973794 0.185517
Y 0.916060 -0.190952 -0.352664
Z 0.378846 0.123546 0.917176

PART 55
OFFSET 11.412751 -4.923846 -4.434956
SCALE 1.000000 1.000000 1.000000
