// Export time: Fri Jun 17 00:22:08 2022

ANIMATION
VERSION 3

NUMPARTS 84
PART 0 "tag_torso"
PART 1 "j_shoulder_le"
PART 2 "j_shoulder_ri"
PART 3 "tag_weapon"
PART 4 "tag_weapon1"
PART 5 "j_elbow_le"
PART 6 "j_elbow_ri"
PART 7 "j_gun"
PART 8 "j_sleave_reshape_bottom_le_1"
PART 9 "j_sleave_reshape_bottom_le_2"
PART 10 "j_sleave_reshape_top_le_1"
PART 11 "j_sleave_reshape_top_le_2"
PART 12 "j_sleave_reshape_top_le_3"
PART 13 "j_wrist_le"
PART 14 "j_wristtwist_le"
PART 15 "j_sleave_reshape_top_ri_1"
PART 16 "j_sleave_reshape_top_ri_2"
PART 17 "j_sleave_reshape_top_ri_3"
PART 18 "j_wrist_ri"
PART 19 "j_wristtwist_ri"
PART 20 "tag_barrel"
PART 21 "tag_bolt_animate"
PART 22 "tag_brass"
PART 23 "tag_flash"
PART 24 "tag_grip"
PART 25 "tag_handguard"
PART 26 "tag_laser"
PART 27 "tag_mag_release_animate"
PART 28 "tag_sights_off"
PART 29 "tag_sights_on"
PART 30 "tag_stock"
PART 31 "tag_ext_mag_animate"
PART 32 "j_index_le_0"
PART 33 "j_mid_le_0"
PART 34 "j_pinkypalm_le"
PART 35 "j_ringpalm_le"
PART 36 "j_thumb_le_0"
PART 37 "j_webbing_le"
PART 38 "tag_knife_attach"
PART 39 "j_index_ri_0"
PART 40 "j_mid_ri_0"
PART 41 "j_pinkypalm_ri"
PART 42 "j_ringpalm_ri"
PART 43 "j_thumb_ri_0"
PART 44 "j_webbing_ri"
PART 45 "tag_ext_mag_bullet_animate"
PART 46 "j_index_le_1"
PART 47 "j_mid_le_1"
PART 48 "j_pinky_le_0"
PART 49 "j_ring_le_0"
PART 50 "j_thumb_le_1"
PART 51 "j_index_ri_1"
PART 52 "j_mid_ri_1"
PART 53 "j_pinky_ri_0"
PART 54 "j_ring_ri_0"
PART 55 "j_thumb_ri_1"
PART 56 "j_index_le_2"
PART 57 "j_mid_le_2"
PART 58 "j_pinky_le_1"
PART 59 "j_ring_le_1"
PART 60 "j_thumb_le_2"
PART 61 "j_index_ri_2"
PART 62 "j_mid_ri_2"
PART 63 "j_pinky_ri_1"
PART 64 "j_ring_ri_1"
PART 65 "j_thumb_ri_2"
PART 66 "j_index_le_3"
PART 67 "j_mid_le_3"
PART 68 "j_pinky_le_2"
PART 69 "j_ring_le_2"
PART 70 "j_thumb_le_3"
PART 71 "j_index_ri_3"
PART 72 "j_mid_ri_3"
PART 73 "j_pinky_ri_2"
PART 74 "j_ring_ri_2"
PART 75 "j_thumb_ri_3"
PART 76 "j_pinky_le_3"
PART 77 "j_ring_le_3"
PART 78 "j_pinky_ri_3"
PART 79 "j_ring_ri_3"
PART 80 "tag_cambone"
PART 81 "tag_camera"
PART 82 "tag_gasmask"
PART 83 "tag_gasmask2"

FRAMERATE 30
NUMFRAMES 88
FRAME 0
PART 0
OFFSET 0.000000 0.000000 0.000000
SCALE 1.000000 1.000000 1.000000
X 1.000000 0.000000 0.000000
Y 0.000000 1.000000 0.000000
Z 0.000000 0.000000 1.000000

PART 1
OFFSET 3.492740 -1.458200 -2.918737
SCALE 1.000000 1.000000 1.000000
X 0.496628 0.673222 -0.547843
Y 0.550230 -0.732341 -0.401153
Z -0.671273 -0.102215 -0.734128

PART 2
OFFSET -4.806000 -7.401901 2.691042
SCALE 1.000000 1.000000 1.000000
X -0.450189 0.493087 0.744443
Y -0.236332 -0.869771 0.433181
Z 0.861090 0.019077 0.508094

PART 3
OFFSET 12.641920 -5.736846 -5.573585
SCALE 1.000000 1.000000 1.000000
X 1.000000 0.000000 -0.000000
Y -0.000000 0.848099 -0.529838
Z 0.000000 0.529838 0.848099

PART 4
OFFSET 13.745596 17.667068 -17.903065
SCALE 1.000000 1.000000 1.000000
X 0.998737 0.041892 -0.027740
Y 0.021387 0.145113 0.989184
Z 0.045465 -0.988528 0.144033

PART 5
OFFSET 9.701309 7.732614 -10.180399
SCALE 1.000000 1.000000 1.000000
X 0.818294 -0.412232 0.400574
Y -0.574792 -0.583254 0.573959
Z -0.002968 -0.699914 -0.714221

PART 6
OFFSET 0.819033 -14.210585 -7.028796
SCALE 1.000000 1.000000 1.000000
X -0.821930 -0.540784 -0.178842
Y 0.449514 -0.423022 -0.786759
Z 0.349812 -0.727052 0.590785

PART 7
OFFSET 12.641920 -5.736846 -5.573585
SCALE 1.000000 1.000000 1.000000
X 1.000000 0.000000 -0.000000
Y -0.000000 0.848099 -0.529838
Z 0.000000 0.529838 0.848099

PART 8
OFFSET 18.413984 4.894231 -6.179498
SCALE 1.000000 1.000000 1.000000
X 0.821719 -0.406835 0.399078
Y 0.008916 0.709360 0.704790
Z -0.569823 -0.575581 0.586522

PART 9
OFFSET 18.210635 4.029499 -7.609376
SCALE 1.000000 1.000000 1.000000
X 0.821719 -0.406835 0.399078
Y 0.008916 0.709360 0.704790
Z -0.569823 -0.575581 0.586522

PART 10
OFFSET 17.383601 3.119433 -4.590604
SCALE 1.000000 1.000000 1.000000
X 0.821719 -0.406835 0.399078
Y 0.008916 0.709360 0.704790
Z -0.569823 -0.575581 0.586522

PART 11
OFFSET 17.174121 2.107369 -5.452777
SCALE 1.000000 1.000000 1.000000
X 0.821719 -0.406835 0.399078
Y 0.008916 0.709360 0.704790
Z -0.569823 -0.575581 0.586522

PART 12
OFFSET 17.409523 2.400950 -6.590354
SCALE 1.000000 1.000000 1.000000
X 0.821719 -0.406835 0.399078
Y 0.008916 0.709360 0.704790
Z -0.569823 -0.575581 0.586522

PART 13
OFFSET 19.187904 2.663802 -5.648626
SCALE 1.000000 1.000000 1.000000
X 0.912478 0.011553 0.408963
Y 0.022082 -0.999535 -0.021033
Z 0.408530 0.028223 -0.912308

PART 14
OFFSET 16.661169 4.226351 -6.772519
SCALE 1.000000 1.000000 1.000000
X 0.818294 -0.412232 0.400574
Y -0.574792 -0.583254 0.573959
Z -0.002968 -0.699914 -0.714221

PART 15
OFFSET 8.997752 -8.516017 -3.532507
SCALE 1.000000 1.000000 1.000000
X -0.825549 -0.536268 -0.175743
Y -0.353916 0.734558 -0.578937
Z 0.439559 -0.415743 -0.796207

PART 16
OFFSET 8.355472 -7.515379 -4.163139
SCALE 1.000000 1.000000 1.000000
X -0.825549 -0.536268 -0.175743
Y -0.353916 0.734558 -0.578937
Z 0.439559 -0.415743 -0.796207

PART 17
OFFSET 8.258997 -7.688132 -5.344902
SCALE 1.000000 1.000000 1.000000
X -0.825549 -0.536268 -0.175743
Y -0.353916 0.734558 -0.578937
Z 0.439559 -0.415743 -0.796207

PART 18
OFFSET 10.323586 -7.847647 -4.919781
SCALE 1.000000 1.000000 1.000000
X -0.969789 -0.242112 0.029866
Y 0.167032 -0.748255 -0.642040
Z 0.177793 -0.617654 0.766089

PART 19
OFFSET 7.811862 -9.608692 -5.507405
SCALE 1.000000 1.000000 1.000000
X -0.821930 -0.540784 -0.178842
Y 0.449514 -0.423022 -0.786759
Z 0.349812 -0.727052 0.590785

PART 20
OFFSET 24.667974 -3.597088 -2.147522
SCALE 1.000000 1.000000 1.000000
X 1.000000 0.000000 -0.000000
Y -0.000000 0.848099 -0.529838
Z 0.000000 0.529838 0.848099

PART 21
OFFSET 16.390349 -3.602240 -2.144305
SCALE 1.000000 1.000000 1.000000
X 1.000000 0.000000 -0.000000
Y -0.000000 0.848099 -0.529838
Z 0.000000 0.529838 0.848099

PART 22
OFFSET 22.818547 -3.912740 -1.970838
SCALE 1.000000 1.000000 1.000000
X 0.000000 -0.469686 0.882833
Y 1.000000 0.000000 0.000000
Z -0.000000 0.882833 0.469686

PART 23
OFFSET 32.025424 -3.597088 -2.147522
SCALE 1.000000 1.000000 1.000000
X 1.000000 0.000000 -0.000000
Y -0.000000 0.848099 -0.529838
Z 0.000000 0.529838 0.848099

PART 24
OFFSET 12.641920 -5.736846 -5.573585
SCALE 1.000000 1.000000 1.000000
X 1.000000 0.000000 -0.000000
Y -0.000000 0.848099 -0.529838
Z 0.000000 0.529838 0.848099

PART 25
OFFSET 25.455108 -3.597088 -2.147522
SCALE 1.000000 1.000000 1.000000
X 1.000000 0.000000 -0.000000
Y -0.000000 0.848099 -0.529838
Z 0.000000 0.529838 0.848099

PART 26
OFFSET 29.781441 -5.225150 -2.107735
SCALE 1.000000 1.000000 1.000000
X 1.000000 0.000000 -0.000000
Y -0.000000 0.848099 -0.529838
Z 0.000000 0.529838 0.848099

PART 27
OFFSET 21.494724 -1.616952 -3.676914
SCALE 1.000000 1.000000 1.000000
X 1.000000 0.000000 -0.000000
Y -0.000000 0.848099 -0.529838
Z 0.000000 0.529838 0.848099

PART 28
OFFSET 12.203474 -3.067801 -1.300307
SCALE 1.000000 1.000000 1.000000
X 1.000000 0.000000 -0.000000
Y -0.000000 0.848099 -0.529838
Z 0.000000 0.529838 0.848099

PART 29
OFFSET 12.203474 -3.067801 -1.300307
SCALE 1.000000 1.000000 1.000000
X 1.000000 0.000000 -0.000000
Y -0.000000 0.848099 -0.529838
Z 0.000000 0.529838 0.848099

PART 30
OFFSET 11.708646 -4.455172 -3.522043
SCALE 1.000000 1.000000 1.000000
X 1.000000 0.000000 -0.000000
Y -0.000000 0.848099 -0.529838
Z 0.000000 0.529838 0.848099

PART 31
OFFSET 22.788017 -0.216788 -4.246368
SCALE 1.000000 1.000000 1.000000
X 1.000000 0.000000 -0.000000
Y -0.000000 0.848099 -0.529838
Z 0.000000 0.529838 0.848099

PART 32
OFFSET 22.667753 1.929085 -3.802084
SCALE 1.000000 1.000000 1.000000
X 0.848804 -0.321134 -0.420005
Y -0.477764 -0.125655 -0.869455
Z 0.226436 0.938661 -0.260083

PART 33
OFFSET 22.620215 3.054347 -3.920183
SCALE 1.000000 1.000000 1.000000
X 0.712424 -0.541311 -0.446581
Y -0.585803 -0.108361 -0.803177
Z 0.386376 0.833811 -0.394301

PART 34
OFFSET 20.051205 4.093872 -5.420688
SCALE 1.000000 1.000000 1.000000
X 0.997213 -0.044367 -0.059985
Y -0.074530 -0.555180 -0.828384
Z 0.003450 0.830546 -0.556939

PART 35
OFFSET 20.100892 3.195658 -5.139660
SCALE 1.000000 1.000000 1.000000
X 0.975576 0.131206 0.176172
Y 0.206047 -0.268630 -0.940948
Z -0.076133 0.954265 -0.289104

PART 36
OFFSET 19.834692 1.663072 -5.829351
SCALE 1.000000 1.000000 1.000000
X 0.790416 -0.609058 0.065505
Y -0.612566 -0.785476 0.088262
Z -0.002304 -0.109890 -0.993941

PART 37
OFFSET 22.254837 1.127518 -4.910318
SCALE 1.000000 1.000000 1.000000
X 0.967872 0.212005 0.135194
Y -0.124576 -0.062728 0.990225
Z 0.218413 -0.975253 -0.034302

PART 38
OFFSET 22.272447 3.276802 -5.918767
SCALE 1.000000 1.000000 1.000000
X -0.344636 0.930312 -0.125479
Y -0.408472 -0.028265 0.912333
Z 0.845208 0.365678 0.389748

PART 39
OFFSET 14.021916 -6.593358 -4.245505
SCALE 1.000000 1.000000 1.000000
X -0.980685 -0.195069 -0.014323
Y 0.113232 -0.625914 0.771629
Z -0.159486 0.755103 0.635912

PART 40
OFFSET 14.153894 -7.258173 -5.150090
SCALE 1.000000 1.000000 1.000000
X 0.009609 -0.901507 0.432658
Y 0.999353 0.023659 0.027103
Z -0.034670 0.432118 0.901151

PART 41
OFFSET 11.261129 -8.364801 -5.816991
SCALE 1.000000 1.000000 1.000000
X -0.895439 -0.260642 0.360908
Y 0.440632 -0.634525 0.634997
Z 0.063498 0.727629 0.683026

PART 42
OFFSET 11.374306 -7.840851 -5.305161
SCALE 1.000000 1.000000 1.000000
X -0.978587 -0.083915 0.187952
Y 0.200331 -0.598025 0.776037
Z 0.047279 0.797073 0.602030

PART 43
OFFSET 10.619438 -6.873977 -4.753584
SCALE 1.000000 1.000000 1.000000
X -0.470530 -0.878267 0.085134
Y 0.770646 -0.456022 -0.445139
Z 0.429774 -0.143843 0.891406

PART 44
OFFSET 6.241533 -8.553615 -3.841939
SCALE 1.000000 1.000000 1.000000
X -0.895339 -0.254846 0.365268
Y -0.445235 0.490889 -0.748862
Z 0.011539 -0.833115 -0.552979

PART 45
OFFSET 22.788017 -3.828543 -1.989971
SCALE 1.000000 1.000000 1.000000
X 1.000000 0.000000 -0.000000
Y -0.000000 0.848099 -0.529838
Z 0.000000 0.529838 0.848099

PART 46
OFFSET 24.173708 1.402284 -4.522017
SCALE 1.000000 1.000000 1.000000
X 0.267400 -0.477256 -0.837093
Y -0.917729 0.138666 -0.372217
Z 0.293719 0.867755 -0.400912

PART 47
OFFSET 24.017942 2.026302 -4.751608
SCALE 1.000000 1.000000 1.000000
X 0.340654 -0.489881 -0.802478
Y -0.940144 -0.185773 -0.285687
Z -0.009126 0.851766 -0.523843

PART 48
OFFSET 22.283913 3.798481 -5.586859
SCALE 1.000000 1.000000 1.000000
X 0.975212 -0.220722 0.015591
Y -0.107740 -0.535209 -0.837821
Z 0.193270 0.815373 -0.545723

PART 49
OFFSET 22.621368 3.670209 -4.712646
SCALE 1.000000 1.000000 1.000000
X 0.853142 -0.485576 -0.190694
Y -0.420689 -0.424212 -0.801914
Z 0.308495 0.764369 -0.566189

PART 50
OFFSET 21.517412 0.240471 -5.697158
SCALE 1.000000 1.000000 1.000000
X 0.992649 -0.082647 0.088421
Y -0.095449 -0.983755 0.152035
Z 0.074419 -0.159357 -0.984412

PART 51
OFFSET 15.668889 -6.027304 -4.329735
SCALE 1.000000 1.000000 1.000000
X 0.047993 -0.945873 0.320968
Y 0.941178 0.150430 0.302579
Z -0.334485 0.287566 0.897455

PART 52
OFFSET 14.105938 -5.482708 -5.995306
SCALE 1.000000 1.000000 1.000000
X 0.895798 -0.421702 0.140404
Y 0.406527 0.649687 -0.642373
Z 0.179671 0.632515 0.753421

PART 53
OFFSET 13.435559 -7.736525 -6.495028
SCALE 1.000000 1.000000 1.000000
X 0.016734 -0.856007 0.516694
Y 0.983058 -0.080254 -0.164794
Z 0.182532 0.510697 0.840161

PART 54
OFFSET 13.907926 -7.723474 -5.900426
SCALE 1.000000 1.000000 1.000000
X -0.094983 -0.873784 0.476949
Y 0.927612 -0.251563 -0.276139
Z 0.361269 0.416195 0.834426

PART 55
OFFSET 11.573686 -4.890884 -4.957732
SCALE 1.000000 1.000000 1.000000
X -0.870646 -0.459968 0.174371
Y 0.414045 -0.876637 -0.245100
Z 0.265599 -0.141198 0.953688

PART 56
OFFSET 24.172883 0.749720 -5.500691
SCALE 1.000000 1.000000 1.000000
X -0.587706 -0.412914 -0.695776
Y -0.764187 0.565756 0.309739
Z 0.265743 0.713738 -0.648042

PART 57
OFFSET 24.389500 1.287918 -5.960982
SCALE 1.000000 1.000000 1.000000
X -0.710114 -0.266463 -0.651717
Y -0.696487 0.401472 0.594749
Z 0.103168 0.876252 -0.470679

PART 58
OFFSET 23.637132 3.498937 -5.561812
SCALE 1.000000 1.000000 1.000000
X 0.597235 -0.648815 -0.471539
Y -0.701832 -0.138159 -0.698816
Z 0.388255 0.748299 -0.537873

PART 59
OFFSET 24.037075 2.901629 -5.020650
SCALE 1.000000 1.000000 1.000000
X 0.164912 -0.744991 -0.646369
Y -0.915376 0.128427 -0.381568
Z 0.367275 0.654596 -0.660767

PART 60
OFFSET 23.111023 0.323711 -5.714265
SCALE 1.000000 1.000000 1.000000
X 0.921551 0.336182 -0.194229
Y 0.384606 -0.858889 0.338214
Z -0.053120 -0.386383 -0.920808

PART 61
OFFSET 15.524718 -4.868134 -4.669838
SCALE 1.000000 1.000000 1.000000
X 0.456669 -0.829576 0.321335
Y 0.839103 0.521652 0.154225
Z -0.295566 0.199204 0.934322

PART 62
OFFSET 12.767598 -4.907936 -6.168670
SCALE 1.000000 1.000000 1.000000
X 0.829131 0.316471 -0.460856
Y -0.539564 0.668764 -0.511494
Z 0.146331 0.672757 0.725249

PART 63
OFFSET 13.418115 -6.558298 -7.211517
SCALE 1.000000 1.000000 1.000000
X 0.611769 -0.780444 0.129019
Y 0.768537 0.547786 -0.330576
Z 0.187322 0.301392 0.934919

PART 64
OFFSET 14.068228 -6.225800 -6.709596
SCALE 1.000000 1.000000 1.000000
X 0.786404 -0.616725 -0.034926
Y 0.509850 0.679967 -0.526970
Z 0.348744 0.396604 0.849166

PART 65
OFFSET 13.011425 -4.493647 -5.328120
SCALE 1.000000 1.000000 1.000000
X -0.916635 0.278126 0.287101
Y -0.319851 -0.941120 -0.109495
Z 0.239743 -0.192196 0.951622

PART 66
OFFSET 23.509111 0.283310 -6.286581
SCALE 1.000000 1.000000 1.000000
X 0.955896 -0.174941 -0.235922
Y 0.291396 0.464344 0.836345
Z -0.036762 -0.868205 0.494841

PART 67
OFFSET 23.586463 0.992049 -6.702854
SCALE 1.000000 1.000000 1.000000
X 0.982042 -0.111784 0.151979
Y -0.068057 0.541421 0.837993
Z -0.175959 -0.833287 0.524091

PART 68
OFFSET 24.170677 2.912528 -5.989123
SCALE 1.000000 1.000000 1.000000
X -0.423756 -0.477277 -0.769830
Y -0.817203 0.568013 0.097678
Z 0.390654 0.670499 -0.630731

PART 69
OFFSET 24.227827 1.893527 -5.975351
SCALE 1.000000 1.000000 1.000000
X -0.613140 -0.215764 -0.759938
Y -0.703670 0.586381 0.401255
Z 0.359037 0.780771 -0.511360

PART 70
OFFSET 24.111713 0.654947 -5.960712
SCALE 1.000000 1.000000 1.000000
X 0.793669 0.319329 0.517802
Y -0.606873 0.356315 0.710454
Z 0.042368 -0.878105 0.476589

PART 71
OFFSET 15.008961 -3.931131 -5.032745
SCALE 1.000000 1.000000 1.000000
X -0.989281 -0.144677 0.019768
Y -0.141205 0.913357 -0.381891
Z 0.037196 -0.380589 -0.923996

PART 72
OFFSET 11.827138 -5.270665 -5.652173
SCALE 1.000000 1.000000 1.000000
X -0.301112 -0.715459 0.630436
Y -0.933460 0.356271 -0.041524
Z -0.194897 -0.600990 -0.775130

PART 73
OFFSET 12.871214 -5.862874 -7.325469
SCALE 1.000000 1.000000 1.000000
X 0.920838 0.038881 -0.388003
Y -0.118224 0.976021 -0.182772
Z 0.371593 0.214174 0.903354

PART 74
OFFSET 12.948348 -5.397509 -6.654741
SCALE 1.000000 1.000000 1.000000
X 0.918522 0.196860 -0.342874
Y -0.323202 0.873364 -0.364383
Z 0.227721 0.445512 0.865830

PART 75
OFFSET 13.997186 -4.769622 -5.680265
SCALE 1.000000 1.000000 1.000000
X -0.896568 0.134791 -0.421898
Y 0.442898 0.266931 -0.855914
Z -0.002752 -0.954243 -0.299020

PART 76
OFFSET 23.768098 2.459102 -6.720480
SCALE 1.000000 1.000000 1.000000
X 0.780061 -0.089166 0.619318
Y -0.295010 0.820462 0.489705
Z -0.551792 -0.564704 0.613706

PART 77
OFFSET 23.562929 1.659524 -6.799491
SCALE 1.000000 1.000000 1.000000
X 0.923404 -0.116098 0.365849
Y -0.239288 0.571133 0.785206
Z -0.300109 -0.812606 0.499606

PART 78
OFFSET 11.996382 -5.899816 -6.956865
SCALE 1.000000 1.000000 1.000000
X -0.684159 -0.673507 0.279848
Y -0.635051 0.738810 0.225544
Z -0.358660 -0.023409 -0.933175

PART 79
OFFSET 11.952173 -5.610953 -6.282883
SCALE 1.000000 1.000000 1.000000
X -0.555588 -0.636020 0.535537
Y -0.800461 0.583379 -0.137593
Z -0.224909 -0.505121 -0.833228

PART 80
OFFSET 0.000000 0.000000 0.000000
SCALE 1.000000 1.000000 1.000000
X 1.000000 0.000000 0.000000
Y 0.000000 1.000000 0.000000
Z 0.000000 0.000000 1.000000

PART 81
OFFSET 0.000000 0.000000 0.000000
SCALE 1.000000 1.000000 1.000000
X 1.000000 0.000000 0.000000
Y 0.000000 1.000000 0.000000
Z 0.000000 0.000000 1.000000

PART 82
OFFSET 1.540551 -0.000001 4.135837
SCALE 1.000000 1.000000 1.000000
X 1.000000 0.000000 0.000000
Y 0.000000 1.000000 0.000000
Z 0.000000 0.000000 1.000000

PART 83
OFFSET -4.631835 0.000000 -1.376957
SCALE 1.000000 1.000000 1.000000
X 1.000000 0.000000 0.000000
Y 0.000000 1.000000 0.000000
Z 0.000000 0.000000 1.000000

FRAME 1
PART 0
OFFSET 0.000000 0.000000 0.000000
SCALE 1.000000 1.000000 1.000000
X 1.000000 0.000000 0.000000
Y 0.000000 1.000000 0.000000
Z 0.000000 0.000000 1.000000

PART 1
OFFSET 3.441867 -1.532221 -2.940430
SCALE 1.000000 1.000000 1.000000
X 0.495185 0.670843 -0.552051
Y 0.558046 -0.732613 -0.389696
Z -0.665865 -0.115098 -0.737141

PART 2
OFFSET -4.590699 -7.418568 1.972992
SCALE 1.000000 1.000000 1.000000
X -0.442844 0.495403 0.747305
Y -0.256453 -0.868655 0.423876
Z 0.859140 -0.003938 0.511726

PART 3
OFFSET 12.700197 -5.811206 -5.894712
SCALE 1.000000 1.000000 1.000000
X 0.999547 -0.005797 0.029542
Y 0.020054 0.860107 -0.509719
Z -0.022454 0.510080 0.859834

PART 4
OFFSET 13.745596 17.667068 -17.903065
SCALE 1.000000 1.000000 1.000000
X 0.998737 0.041892 -0.027740
Y 0.021387 0.145113 0.989184
Z 0.045465 -0.988528 0.144033

PART 5
OFFSET 9.643092 7.647371 -10.276852
SCALE 1.000000 1.000000 1.000000
X 0.810536 -0.412134 0.416146
Y -0.585680 -0.574444 0.571833
Z 0.003380 -0.707219 -0.706986

PART 6
OFFSET 0.962228 -14.300070 -7.839364
SCALE 1.000000 1.000000 1.000000
X -0.813459 -0.541963 -0.211095
Y 0.472118 -0.403308 -0.783867
Z 0.339690 -0.737305 0.583945

PART 7
OFFSET 12.700197 -5.811206 -5.894712
SCALE 1.000000 1.000000 1.000000
X 0.999547 -0.005797 0.029542
Y 0.020054 0.860107 -0.509719
Z -0.022454 0.510080 0.859834

PART 8
OFFSET 18.284745 4.807202 -6.125996
SCALE 1.000000 1.000000 1.000000
X 0.814009 -0.406770 0.414642
Y 0.002746 0.716538 0.697543
Z -0.580846 -0.566667 0.584385

PART 9
OFFSET 18.096866 3.928789 -7.549638
SCALE 1.000000 1.000000 1.000000
X 0.814009 -0.406770 0.414642
Y 0.002746 0.716538 0.697543
Z -0.580846 -0.566667 0.584385

PART 10
OFFSET 17.223343 3.054020 -4.533528
SCALE 1.000000 1.000000 1.000000
X 0.814009 -0.406770 0.414642
Y 0.002746 0.716538 0.697543
Z -0.580846 -0.566667 0.584385

PART 11
OFFSET 17.020695 2.034169 -5.388126
SCALE 1.000000 1.000000 1.000000
X 0.814009 -0.406770 0.414642
Y 0.002746 0.716538 0.697543
Z -0.580846 -0.566667 0.584385

PART 12
OFFSET 17.273373 2.314831 -6.525257
SCALE 1.000000 1.000000 1.000000
X 0.814009 -0.406770 0.414642
Y 0.002746 0.716538 0.697543
Z -0.580846 -0.566667 0.584385

PART 13
OFFSET 19.039462 2.576606 -5.573422
SCALE 1.000000 1.000000 1.000000
X 0.900981 -0.000100 0.433858
Y 0.018937 -0.999038 -0.039556
Z 0.433445 0.043855 -0.900112

PART 14
OFFSET 16.536950 4.141947 -6.736526
SCALE 1.000000 1.000000 1.000000
X 0.810536 -0.412134 0.416146
Y -0.585680 -0.574444 0.571833
Z 0.003380 -0.707219 -0.706986

PART 15
OFFSET 9.011136 -8.630515 -4.016430
SCALE 1.000000 1.000000 1.000000
X -0.817186 -0.537536 -0.207995
Y -0.344143 0.744530 -0.572049
Z 0.462355 -0.395891 -0.793409

PART 16
OFFSET 8.378230 -7.620666 -4.641836
SCALE 1.000000 1.000000 1.000000
X -0.817186 -0.537536 -0.207995
Y -0.344143 0.744530 -0.572049
Z 0.462355 -0.395891 -0.793409

PART 17
OFFSET 8.312833 -7.768740 -5.829066
SCALE 1.000000 1.000000 1.000000
X -0.817186 -0.537536 -0.207995
Y -0.344143 0.744530 -0.572049
Z 0.462355 -0.395891 -0.793409

PART 18
OFFSET 10.364716 -7.920891 -5.356726
SCALE 1.000000 1.000000 1.000000
X -0.971521 -0.236911 -0.004431
Y 0.181946 -0.733880 -0.654458
Z 0.151796 -0.636626 0.756085

PART 19
OFFSET 7.882987 -9.688146 -6.043544
SCALE 1.000000 1.000000 1.000000
X -0.813459 -0.541963 -0.211095
Y 0.472118 -0.403308 -0.783867
Z 0.339690 -0.737305 0.583945

PART 20
OFFSET 24.630088 -3.820985 -2.065983
SCALE 1.000000 1.000000 1.000000
X 0.999547 -0.005797 0.029542
Y 0.020054 0.860107 -0.509719
Z -0.022454 0.510080 0.859834

PART 21
OFFSET 16.356093 -3.778221 -2.307427
SCALE 1.000000 1.000000 1.000000
X 0.999547 -0.005797 0.029542
Y 0.020054 0.860107 -0.509719
Z -0.022454 0.510080 0.859834

PART 22
OFFSET 22.774644 -4.129910 -1.951409
SCALE 1.000000 1.000000 1.000000
X -0.028593 -0.489964 0.871274
Y 0.999547 -0.005797 0.029542
Z -0.009423 0.871724 0.489907

PART 23
OFFSET 31.984203 -3.863639 -1.848629
SCALE 1.000000 1.000000 1.000000
X 0.999547 -0.005797 0.029542
Y 0.020054 0.860107 -0.509719
Z -0.022454 0.510080 0.859834

PART 24
OFFSET 12.700197 -5.811206 -5.894712
SCALE 1.000000 1.000000 1.000000
X 0.999547 -0.005797 0.029542
Y 0.020054 0.860107 -0.509719
Z -0.022454 0.510080 0.859834

PART 25
OFFSET 25.416865 -3.825548 -2.042730
SCALE 1.000000 1.000000 1.000000
X 0.999547 -0.005797 0.029542
Y 0.020054 0.860107 -0.509719
Z -0.022454 0.510080 0.859834

PART 26
OFFSET 29.731736 -5.479149 -1.913065
SCALE 1.000000 1.000000 1.000000
X 0.999547 -0.005797 0.029542
Y 0.020054 0.860107 -0.509719
Z -0.022454 0.510080 0.859834

PART 27
OFFSET 21.513770 -1.787656 -3.641937
SCALE 1.000000 1.000000 1.000000
X 0.999547 -0.005797 0.029542
Y 0.020054 0.860107 -0.509719
Z -0.022454 0.510080 0.859834

PART 28
OFFSET 12.148806 -3.239174 -1.575272
SCALE 1.000000 1.000000 1.000000
X 0.999547 -0.005797 0.029542
Y 0.020054 0.860107 -0.509719
Z -0.022454 0.510080 0.859834

PART 29
OFFSET 12.148806 -3.239174 -1.575272
SCALE 1.000000 1.000000 1.000000
X 0.999547 -0.005797 0.029542
Y 0.020054 0.860107 -0.509719
Z -0.022454 0.510080 0.859834

PART 30
OFFSET 11.713028 -4.571917 -3.842353
SCALE 1.000000 1.000000 1.000000
X 0.999547 -0.005797 0.029542
Y 0.020054 0.860107 -0.509719
Z -0.022454 0.510080 0.859834

PART 31
OFFSET 22.830560 -0.382213 -4.140168
SCALE 1.000000 1.000000 1.000000
X 0.999547 -0.005797 0.029542
Y 0.020054 0.860107 -0.509719
Z -0.022454 0.510080 0.859834

PART 32
OFFSET 22.445934 1.807173 -3.617621
SCALE 1.000000 1.000000 1.000000
X 0.969687 -0.141742 -0.199039
Y -0.213800 -0.097772 -0.971972
Z 0.118309 0.985063 -0.125112

PART 33
OFFSET 22.399485 2.916669 -3.740248
SCALE 1.000000 1.000000 1.000000
X 0.880885 -0.369348 -0.296013
Y -0.362563 -0.124478 -0.923609
Z 0.304286 0.920916 -0.243563

PART 34
OFFSET 19.888420 3.925859 -5.287463
SCALE 1.000000 1.000000 1.000000
X 0.998608 0.045940 -0.025932
Y -0.001820 -0.461280 -0.887253
Z -0.052723 0.886064 -0.460554

PART 35
OFFSET 19.956090 3.063719 -5.060173
SCALE 1.000000 1.000000 1.000000
X 0.962444 0.153930 0.223621
Y 0.248393 -0.166898 -0.954173
Z -0.109554 0.973884 -0.198865

PART 36
OFFSET 19.662686 1.549939 -5.754060
SCALE 1.000000 1.000000 1.000000
X 0.785892 -0.614520 0.068836
Y -0.617360 -0.773403 0.143923
Z -0.035206 -0.155605 -0.987192

PART 37
OFFSET 22.079315 1.013569 -4.781241
SCALE 1.000000 1.000000 1.000000
X 0.964591 0.205291 0.165591
Y -0.151860 -0.081039 0.985074
Z 0.215646 -0.975340 -0.046995

PART 38
OFFSET 22.132498 3.181567 -5.747500
SCALE 1.000000 1.000000 1.000000
X -0.337616 0.933984 -0.117003
Y -0.433388 -0.043898 0.900138
Z 0.835578 0.354608 0.419598

PART 39
OFFSET 14.050303 -6.703411 -4.546031
SCALE 1.000000 1.000000 1.000000
X -0.978761 -0.203769 -0.022483
Y 0.115163 -0.637238 0.762014
Z -0.169601 0.743240 0.647170

PART 40
OFFSET 14.203237 -7.349197 -5.460212
SCALE 1.000000 1.000000 1.000000
X -0.007971 -0.911511 0.411198
Y 0.998227 0.017000 0.057036
Z -0.058979 0.410923 0.909760

PART 41
OFFSET 11.325593 -8.422351 -6.238019
SCALE 1.000000 1.000000 1.000000
X -0.907084 -0.263698 0.328120
Y 0.418300 -0.651978 0.632415
Z 0.047160 0.710906 0.701704

PART 42
OFFSET 11.426384 -7.911320 -5.710769
SCALE 1.000000 1.000000 1.000000
X -0.984145 -0.082441 0.157044
Y 0.174135 -0.617373 0.767155
Z 0.033710 0.782339 0.621940

PART 43
OFFSET 10.660702 -6.953213 -5.158798
SCALE 1.000000 1.000000 1.000000
X -0.477503 -0.877186 0.050355
Y 0.781025 -0.450013 -0.432999
Z 0.402481 -0.167430 0.899987

PART 44
OFFSET 6.248907 -8.627539 -4.416487
SCALE 1.000000 1.000000 1.000000
X -0.907082 -0.258008 0.332617
Y -0.420301 0.511101 -0.749749
Z 0.023440 -0.819883 -0.572051

PART 45
OFFSET 22.745159 -4.045109 -1.969454
SCALE 1.000000 1.000000 1.000000
X 0.999547 -0.005797 0.029542
Y 0.020054 0.860107 -0.509719
Z -0.022454 0.510080 0.859834

PART 46
OFFSET 24.152702 1.597723 -3.931369
SCALE 1.000000 1.000000 1.000000
X 0.573871 -0.341015 -0.744567
Y -0.785570 0.027683 -0.618153
Z 0.231412 0.939650 -0.252005

PART 47
OFFSET 24.109990 2.222376 -4.273053
SCALE 1.000000 1.000000 1.000000
X 0.617887 -0.336751 -0.710503
Y -0.784711 -0.320941 -0.530308
Z -0.049447 0.885210 -0.462557

PART 48
OFFSET 22.148359 3.823280 -5.414236
SCALE 1.000000 1.000000 1.000000
X 0.991660 -0.082151 0.099301
Y 0.049607 -0.467834 -0.882423
Z 0.118948 0.879990 -0.459858

PART 49
OFFSET 22.435346 3.604844 -4.492306
SCALE 1.000000 1.000000 1.000000
X 0.940701 -0.331835 -0.070481
Y -0.222955 -0.448174 -0.865697
Z 0.255681 0.830076 -0.495582

PART 50
OFFSET 21.306367 0.125916 -5.621549
SCALE 1.000000 1.000000 1.000000
X 0.972176 -0.205339 0.112737
Y -0.221853 -0.961578 0.161706
Z 0.075201 -0.182218 -0.980378

PART 51
OFFSET 15.727849 -6.174795 -4.590019
SCALE 1.000000 1.000000 1.000000
X -0.108108 -0.951544 0.287883
Y 0.932376 0.003431 0.361473
Z -0.344945 0.307494 0.886826

PART 52
OFFSET 14.189712 -5.554017 -6.264022
SCALE 1.000000 1.000000 1.000000
X 0.889004 -0.430280 0.156622
Y 0.428776 0.662214 -0.614512
Z 0.160695 0.613459 0.773204

PART 53
OFFSET 13.522415 -7.791335 -6.836686
SCALE 1.000000 1.000000 1.000000
X -0.003090 -0.868052 0.496464
Y 0.987056 -0.082253 -0.137674
Z 0.160344 0.489613 0.857070

PART 54
OFFSET 13.977073 -7.795166 -6.228307
SCALE 1.000000 1.000000 1.000000
X -0.113677 -0.884213 0.453040
Y 0.934014 -0.250549 -0.254643
Z 0.338667 0.394199 0.854349

PART 55
OFFSET 11.631096 -4.971630 -5.287588
SCALE 1.000000 1.000000 1.000000
X -0.877851 -0.458710 0.137706
Y 0.416438 -0.873082 -0.253591
Z 0.236553 -0.165268 0.957460

PART 56
OFFSET 24.661477 1.060918 -4.881239
SCALE 1.000000 1.000000 1.000000
X -0.061210 -0.453909 -0.888943
Y -0.948723 0.303180 -0.089482
Z 0.310126 0.837884 -0.449191

PART 57
OFFSET 24.981514 1.702095 -5.326647
SCALE 1.000000 1.000000 1.000000
X -0.271159 -0.417153 -0.867442
Y -0.962527 0.113997 0.246061
Z -0.003759 0.901658 -0.432433

PART 58
OFFSET 23.511305 3.717971 -5.273135
SCALE 1.000000 1.000000 1.000000
X 0.771117 -0.493300 -0.402535
Y -0.552235 -0.203534 -0.808462
Z 0.316885 0.845712 -0.429366

PART 59
OFFSET 23.954474 3.098244 -4.593288
SCALE 1.000000 1.000000 1.000000
X 0.503485 -0.633280 -0.587758
Y -0.801486 -0.088270 -0.591462
Z 0.322680 0.768872 -0.552008

PART 60
OFFSET 22.906593 -0.093676 -5.573145
SCALE 1.000000 1.000000 1.000000
X 0.993428 -0.008703 -0.114126
Y 0.036527 -0.920862 0.388174
Z -0.108472 -0.389791 -0.914492

PART 61
OFFSET 15.832814 -4.999958 -4.887061
SCALE 1.000000 1.000000 1.000000
X 0.198978 -0.928180 0.314469
Y 0.922114 0.285976 0.260621
Z -0.331834 0.238118 0.912790

PART 62
OFFSET 12.860154 -4.967271 -6.462954
SCALE 1.000000 1.000000 1.000000
X 0.844055 0.322269 -0.428619
Y -0.520654 0.683887 -0.511095
Z 0.128417 0.654555 0.745028

PART 63
OFFSET 13.532411 -6.596437 -7.525163
SCALE 1.000000 1.000000 1.000000
X 0.603532 -0.786939 0.128362
Y 0.780870 0.550805 -0.294715
Z 0.161220 0.278104 0.946925

PART 64
OFFSET 14.169171 -6.279798 -6.996577
SCALE 1.000000 1.000000 1.000000
X 0.783802 -0.620448 -0.026437
Y 0.528804 0.689139 -0.495433
Z 0.325609 0.374341 0.868244

PART 65
OFFSET 13.081242 -4.574416 -5.605985
SCALE 1.000000 1.000000 1.000000
X -0.923224 0.276780 0.266551
Y -0.321476 -0.936331 -0.141198
Z 0.210499 -0.216047 0.953422

PART 66
OFFSET 24.592388 0.548218 -5.885291
SCALE 1.000000 1.000000 1.000000
X 0.963641 0.110396 0.243330
Y -0.267186 0.408023 0.873000
Z -0.002908 -0.906273 0.422684

PART 67
OFFSET 24.675058 1.235941 -6.312327
SCALE 1.000000 1.000000 1.000000
X 0.822676 0.185551 0.537378
Y -0.560734 0.420639 0.713190
Z -0.093709 -0.888050 0.450094

PART 68
OFFSET 24.192227 3.281668 -5.625951
SCALE 1.000000 1.000000 1.000000
X -0.100415 -0.522884 -0.846468
Y -0.926972 0.358232 -0.111324
Z 0.361442 0.773474 -0.520671

PART 69
OFFSET 24.654696 2.237565 -5.441872
SCALE 1.000000 1.000000 1.000000
X -0.232882 -0.380004 -0.895189
Y -0.941202 0.319735 0.109126
Z 0.244754 0.867967 -0.432121

PART 70
OFFSET 23.976551 -0.136613 -5.731828
SCALE 1.000000 1.000000 1.000000
X 0.810540 0.054156 0.583174
Y -0.502202 0.576605 0.644453
Z -0.301360 -0.815226 0.494558

PART 71
OFFSET 15.608112 -3.951597 -5.242208
SCALE 1.000000 1.000000 1.000000
X -0.990577 0.111089 -0.080097
Y 0.131942 0.930862 -0.340716
Z 0.036709 -0.348074 -0.936748

PART 72
OFFSET 11.902930 -5.336429 -5.983109
SCALE 1.000000 1.000000 1.000000
X -0.323405 -0.728319 0.604120
Y -0.929918 0.362761 -0.060476
Z -0.175106 -0.581340 -0.794596

PART 73
OFFSET 12.992820 -5.895239 -7.638583
SCALE 1.000000 1.000000 1.000000
X 0.932092 0.042490 -0.359720
Y -0.107581 0.980758 -0.162913
Z 0.345876 0.190549 0.918728

PART 74
OFFSET 13.052579 -5.446312 -6.955002
SCALE 1.000000 1.000000 1.000000
X 0.929285 0.199371 -0.310936
Y -0.307648 0.883652 -0.352863
Z 0.204409 0.423569 0.882500

PART 75
OFFSET 14.075494 -4.847926 -5.935451
SCALE 1.000000 1.000000 1.000000
X -0.882983 0.150104 -0.444758
Y 0.469404 0.284394 -0.835931
Z 0.001010 -0.946884 -0.321575

PART 76
OFFSET 24.096831 2.784914 -6.430117
SCALE 1.000000 1.000000 1.000000
X 0.605929 0.062375 0.793070
Y -0.589651 0.704415 0.395109
Z -0.534005 -0.707042 0.463605

PART 77
OFFSET 24.402180 1.825461 -6.412675
SCALE 1.000000 1.000000 1.000000
X 0.741410 0.175400 0.647724
Y -0.646899 0.443449 0.620382
Z -0.178417 -0.878970 0.442244

PART 78
OFFSET 12.107297 -5.935610 -7.296848
SCALE 1.000000 1.000000 1.000000
X -0.695699 -0.675798 0.243514
Y -0.637500 0.737086 0.224272
Z -0.331054 0.000786 -0.943611

PART 79
OFFSET 12.044732 -5.662478 -6.617781
SCALE 1.000000 1.000000 1.000000
X -0.574541 -0.645132 0.503693
Y -0.792933 0.591269 -0.147165
Z -0.202877 -0.483947 -0.851255

PART 80
OFFSET 0.000000 0.000000 0.000000
SCALE 1.000000 1.000000 1.000000
X 1.000000 0.000000 0.000000
Y 0.000000 1.000000 0.000000
Z 0.000000 0.000000 1.000000

PART 81
OFFSET 0.000000 0.000000 0.000000
SCALE 1.000000 1.000000 1.000000
X 0.999999 0.000337 -0.001419
Y -0.000334 0.999998 0.001892
Z 0.001419 -0.001892 0.999997

PART 82
OFFSET 1.546419 -0.007306 4.133640
SCALE 1.000000 1.000000 1.000000
X 0.999999 0.000337 -0.001419
Y -0.000334 0.999998 0.001892
Z 0.001419 -0.001892 0.999997

PART 83
OFFSET -4.633784 0.001044 -1.370382
SCALE 1.000000 1.000000 1.000000
X 0.999999 0.000337 -0.001419
Y -0.000334 0.999998 0.001892
Z 0.001419 -0.001892 0.999997

FRAME 2
PART 0
OFFSET 0.000000 0.000000 0.000000
SCALE 1.000000 1.000000 1.000000
X 1.000000 0.000000 0.000000
Y 0.000000 1.000000 0.000000
Z 0.000000 0.000000 1.000000

PART 1
OFFSET 3.270303 -1.733008 -3.014303
SCALE 1.000000 1.000000 1.000000
X 0.502298 0.660747 -0.557773
Y 0.570891 -0.737889 -0.360004
Z -0.649446 -0.137598 -0.747854

PART 2
OFFSET -4.042682 -7.480481 0.054416
SCALE 1.000000 1.000000 1.000000
X -0.430806 0.494886 0.754648
Y -0.308223 -0.866630 0.392366
Z 0.848177 -0.063566 0.525885

PART 3
OFFSET 12.913875 -6.009499 -6.715371
SCALE 1.000000 1.000000 1.000000
X 0.993763 -0.021372 0.109443
Y 0.068810 0.889848 -0.451038
Z -0.087748 0.455756 0.885769

PART 4
OFFSET 13.745596 17.667068 -17.903065
SCALE 1.000000 1.000000 1.000000
X 0.998737 0.041892 -0.027740
Y 0.021387 0.145113 0.989184
Z 0.045465 -0.988528 0.144033

PART 5
OFFSET 9.583525 7.339878 -10.459648
SCALE 1.000000 1.000000 1.000000
X 0.793001 -0.409674 0.450906
Y -0.608936 -0.555592 0.566140
Z 0.018587 -0.723523 -0.690050

PART 6
OFFSET 1.412965 -14.447958 -9.989715
SCALE 1.000000 1.000000 1.000000
X -0.788977 -0.537958 -0.296844
Y 0.530983 -0.353893 -0.769946
Z 0.309147 -0.765089 0.564860

PART 7
OFFSET 12.913875 -6.009499 -6.715371
SCALE 1.000000 1.000000 1.000000
X 0.993763 -0.021372 0.109443
Y 0.068810 0.889848 -0.451038
Z -0.087748 0.455756 0.885769

PART 8
OFFSET 18.062473 4.518785 -5.973759
SCALE 1.000000 1.000000 1.000000
X 0.796572 -0.404377 0.449390
Y -0.012077 0.732562 0.680593
Z -0.604423 -0.547569 0.578655

PART 9
OFFSET 17.910686 3.609144 -7.382012
SCALE 1.000000 1.000000 1.000000
X 0.796572 -0.404377 0.449390
Y -0.012077 0.732562 0.680593
Z -0.604423 -0.547569 0.578655

PART 10
OFFSET 16.934488 2.812967 -4.375631
SCALE 1.000000 1.000000 1.000000
X 0.796572 -0.404377 0.449390
Y -0.012077 0.732562 0.680593
Z -0.604423 -0.547569 0.578655

PART 11
OFFSET 16.748712 1.775343 -5.212483
SCALE 1.000000 1.000000 1.000000
X 0.796572 -0.404377 0.449390
Y -0.012077 0.732562 0.680593
Z -0.604423 -0.547569 0.578655

PART 12
OFFSET 17.039658 2.027087 -6.347235
SCALE 1.000000 1.000000 1.000000
X 0.796572 -0.404377 0.449390
Y -0.012077 0.732562 0.680593
Z -0.604423 -0.547569 0.578655

PART 13
OFFSET 18.775620 2.296190 -5.381597
SCALE 1.000000 1.000000 1.000000
X 0.863691 -0.037879 0.502596
Y 0.007177 -0.996147 -0.087408
Z 0.503970 0.079101 -0.860091

PART 14
OFFSET 16.328219 3.855403 -6.623672
SCALE 1.000000 1.000000 1.000000
X 0.793001 -0.409674 0.450906
Y -0.608936 -0.555592 0.566140
Z 0.018587 -0.723523 -0.690050

PART 15
OFFSET 9.095276 -8.915304 -5.308322
SCALE 1.000000 1.000000 1.000000
X -0.792974 -0.533751 -0.293773
Y -0.314516 0.771591 -0.552925
Z 0.521797 -0.346059 -0.779725

PART 16
OFFSET 8.492563 -7.878916 -5.919986
SCALE 1.000000 1.000000 1.000000
X -0.792974 -0.533751 -0.293773
Y -0.314516 0.771591 -0.552925
Z 0.521797 -0.346059 -0.779725

PART 17
OFFSET 8.511566 -7.961194 -7.115221
SCALE 1.000000 1.000000 1.000000
X -0.792974 -0.533751 -0.293773
Y -0.314516 0.771591 -0.552925
Z 0.521797 -0.346059 -0.779725

PART 18
OFFSET 10.522528 -8.111017 -6.514623
SCALE 1.000000 1.000000 1.000000
X -0.969907 -0.223146 -0.097393
Y 0.228255 -0.694159 -0.682673
Z 0.084729 -0.684360 0.724205

PART 19
OFFSET 8.125436 -9.870102 -7.464305
SCALE 1.000000 1.000000 1.000000
X -0.788977 -0.537958 -0.296844
Y 0.530983 -0.353893 -0.769946
Z 0.309147 -0.765089 0.564860

PART 20
OFFSET 24.510443 -4.426029 -1.821019
SCALE 1.000000 1.000000 1.000000
X 0.993763 -0.021372 0.109443
Y 0.068810 0.889848 -0.451038
Z -0.087748 0.455756 0.885769

PART 21
OFFSET 16.284025 -4.254525 -2.724210
SCALE 1.000000 1.000000 1.000000
X 0.993763 -0.021372 0.109443
Y 0.068810 0.889848 -0.451038
Z -0.087748 0.455756 0.885769

PART 22
OFFSET 22.649215 -4.715951 -1.875869
SCALE 1.000000 1.000000 1.000000
X -0.103459 -0.542877 0.833415
Y 0.993763 -0.021372 0.109443
Z -0.041602 0.839540 0.541703

PART 23
OFFSET 31.822007 -4.583271 -1.015799
SCALE 1.000000 1.000000 1.000000
X 0.993763 -0.021372 0.109443
Y 0.068810 0.889848 -0.451038
Z -0.087748 0.455756 0.885769

PART 24
OFFSET 12.913875 -6.009499 -6.715371
SCALE 1.000000 1.000000 1.000000
X 0.993763 -0.021372 0.109443
Y 0.068810 0.889848 -0.451038
Z -0.087748 0.455756 0.885769

PART 25
OFFSET 25.292668 -4.442851 -1.734873
SCALE 1.000000 1.000000 1.000000
X 0.993763 -0.021372 0.109443
Y 0.068810 0.889848 -0.451038
Z -0.087748 0.455756 0.885769

PART 26
OFFSET 29.568290 -6.160497 -1.363289
SCALE 1.000000 1.000000 1.000000
X 0.993763 -0.021372 0.109443
Y 0.068810 0.889848 -0.451038
Z -0.087748 0.455756 0.885769

PART 27
OFFSET 21.550053 -2.255765 -3.510852
SCALE 1.000000 1.000000 1.000000
X 0.993763 -0.021372 0.109443
Y 0.068810 0.889848 -0.451038
Z -0.087748 0.455756 0.885769

PART 28
OFFSET 12.036024 -3.704358 -2.300324
SCALE 1.000000 1.000000 1.000000
X 0.993763 -0.021372 0.109443
Y 0.068810 0.889848 -0.451038
Z -0.087748 0.455756 0.885769

PART 29
OFFSET 12.036024 -3.704358 -2.300324
SCALE 1.000000 1.000000 1.000000
X 0.993763 -0.021372 0.109443
Y 0.068810 0.889848 -0.451038
Z -0.087748 0.455756 0.885769

PART 30
OFFSET 11.774160 -4.887084 -4.674844
SCALE 1.000000 1.000000 1.000000
X 0.993763 -0.021372 0.109443
Y 0.068810 0.889848 -0.451038
Z -0.087748 0.455756 0.885769

PART 31
OFFSET 22.915097 -0.840233 -3.811623
SCALE 1.000000 1.000000 1.000000
X 0.993763 -0.021372 0.109443
Y 0.068810 0.889848 -0.451038
Z -0.087748 0.455756 0.885769

PART 32
OFFSET 21.943940 1.373728 -3.165552
SCALE 1.000000 1.000000 1.000000
X 0.929400 0.068894 0.362587
Y 0.355087 0.100988 -0.929363
Z -0.100644 0.992499 0.069395

PART 33
OFFSET 21.937059 2.466138 -3.288804
SCALE 1.000000 1.000000 1.000000
X 0.978863 -0.107423 0.174031
Y 0.176875 0.017474 -0.984078
Z 0.102671 0.994060 0.036105

PART 34
OFFSET 19.618574 3.479059 -4.968254
SCALE 1.000000 1.000000 1.000000
X 0.976896 0.198460 0.079299
Y 0.129894 -0.256709 -0.957720
Z -0.169713 0.945893 -0.276556

PART 35
OFFSET 19.695113 2.692680 -4.833221
SCALE 1.000000 1.000000 1.000000
X 0.922806 0.178044 0.341656
Y 0.341176 0.034280 -0.939374
Z -0.178962 0.983425 -0.029111

PART 36
OFFSET 19.347759 1.216390 -5.556912
SCALE 1.000000 1.000000 1.000000
X 0.760178 -0.642981 0.093304
Y -0.645633 -0.731499 0.219244
Z -0.072718 -0.226904 -0.971199

PART 37
OFFSET 21.719649 0.640175 -4.432046
SCALE 1.000000 1.000000 1.000000
X 0.951388 0.178986 0.250647
Y -0.230581 -0.125600 0.964913
Z 0.204188 -0.975801 -0.078224

PART 38
OFFSET 21.881366 2.850879 -5.282539
SCALE 1.000000 1.000000 1.000000
X -0.313387 0.944692 -0.096675
Y -0.503916 -0.079146 0.860119
Z 0.804896 0.318266 0.500849

PART 39
OFFSET 14.145271 -6.991741 -5.338954
SCALE 1.000000 1.000000 1.000000
X -0.972592 -0.224783 -0.059470
Y 0.109991 -0.670117 0.734061
Z -0.204857 0.707401 0.676474

PART 40
OFFSET 14.361440 -7.585453 -6.273145
SCALE 1.000000 1.000000 1.000000
X -0.048853 -0.935116 0.350959
Y 0.990431 0.000053 0.138008
Z -0.129072 0.354343 0.926165

PART 41
OFFSET 11.547440 -8.569561 -7.345716
SCALE 1.000000 1.000000 1.000000
X -0.932851 -0.271409 0.236908
Y 0.360240 -0.695564 0.621625
Z -0.003930 0.665228 0.746630

PART 42
OFFSET 11.609434 -8.093680 -6.780917
SCALE 1.000000 1.000000 1.000000
X -0.994286 -0.078854 0.071960
Y 0.106257 -0.666133 0.738225
Z -0.010277 0.741653 0.670705

PART 43
OFFSET 10.809553 -7.161561 -6.232962
SCALE 1.000000 1.000000 1.000000
X -0.487303 -0.872146 -0.043557
Y 0.809765 -0.432653 -0.396349
Z 0.326829 -0.228413 0.917066

PART 44
OFFSET 6.338326 -8.819550 -5.954506
SCALE 1.000000 1.000000 1.000000
X -0.933167 -0.266010 0.241741
Y -0.353901 0.562290 -0.747385
Z 0.062883 -0.782987 -0.618852

PART 45
OFFSET 22.622060 -4.629785 -1.890809
SCALE 1.000000 1.000000 1.000000
X 0.993763 -0.021372 0.109443
Y 0.068810 0.889848 -0.451038
Z -0.087748 0.455756 0.885769

PART 46
OFFSET 23.536096 1.524881 -2.473920
SCALE 1.000000 1.000000 1.000000
X 0.960929 -0.068331 -0.268226
Y -0.266283 0.036292 -0.963212
Z 0.075552 0.997002 0.016679

PART 47
OFFSET 23.805237 2.270597 -2.910390
SCALE 1.000000 1.000000 1.000000
X 0.965343 -0.017481 -0.260398
Y -0.250086 -0.347279 -0.903800
Z -0.074632 0.937599 -0.339615

PART 48
OFFSET 21.890755 3.723478 -4.926424
SCALE 1.000000 1.000000 1.000000
X 0.938348 0.127866 0.321175
Y 0.344559 -0.270759 -0.898871
Z -0.027973 0.954117 -0.298124

PART 49
OFFSET 22.051410 3.303089 -3.926363
SCALE 1.000000 1.000000 1.000000
X 0.967437 -0.064748 0.244691
Y 0.203451 -0.376189 -0.903930
Z 0.150578 0.924278 -0.350766

PART 50
OFFSET 20.881107 -0.234771 -5.393929
SCALE 1.000000 1.000000 1.000000
X 0.870328 -0.456770 0.184094
Y -0.483072 -0.864514 0.138771
Z 0.095766 -0.209707 -0.973063

PART 51
OFFSET 15.854034 -6.559170 -5.264686
SCALE 1.000000 1.000000 1.000000
X -0.436179 -0.884553 0.165270
Y 0.823902 -0.318714 0.468622
Z -0.361846 0.340570 0.867802

PART 52
OFFSET 14.428040 -5.743769 -6.960697
SCALE 1.000000 1.000000 1.000000
X 0.869777 -0.451049 0.200109
Y 0.482656 0.693322 -0.535115
Z 0.102623 0.562014 0.820737

PART 53
OFFSET 13.790724 -7.932036 -7.724988
SCALE 1.000000 1.000000 1.000000
X -0.050534 -0.897108 0.438911
Y 0.994246 -0.086749 -0.062837
Z 0.094447 0.433211 0.896330

PART 54
OFFSET 14.194547 -7.979757 -7.083503
SCALE 1.000000 1.000000 1.000000
X -0.157370 -0.909057 0.385811
Y 0.949456 -0.246726 -0.194063
Z 0.271604 0.335770 0.901937

PART 55
OFFSET 11.803662 -5.188978 -6.158225
SCALE 1.000000 1.000000 1.000000
