// Export time: Thu Jun 16 23:58:40 2022

ANIMATION
VERSION 3

NUMPARTS 84
PART 0 "tag_torso"
PART 1 "j_shoulder_le"
PART 2 "j_shoulder_ri"
PART 3 "tag_weapon"
PART 4 "tag_weapon1"
PART 5 "j_elbow_le"
PART 6 "j_elbow_ri"
PART 7 "j_gun"
PART 8 "j_sleave_reshape_bottom_le_1"
PART 9 "j_sleave_reshape_bottom_le_2"
PART 10 "j_sleave_reshape_top_le_1"
PART 11 "j_sleave_reshape_top_le_2"
PART 12 "j_sleave_reshape_top_le_3"
PART 13 "j_wrist_le"
PART 14 "j_wristtwist_le"
PART 15 "j_sleave_reshape_top_ri_1"
PART 16 "j_sleave_reshape_top_ri_2"
PART 17 "j_sleave_reshape_top_ri_3"
PART 18 "j_wrist_ri"
PART 19 "j_wristtwist_ri"
PART 20 "tag_barrel"
PART 21 "tag_bolt_animate"
PART 22 "tag_brass"
PART 23 "tag_flash"
PART 24 "tag_grip"
PART 25 "tag_handguard"
PART 26 "tag_laser"
PART 27 "tag_mag_release_animate"
PART 28 "tag_sights_off"
PART 29 "tag_sights_on"
PART 30 "tag_stock"
PART 31 "tag_ext_mag_animate"
PART 32 "j_index_le_0"
PART 33 "j_mid_le_0"
PART 34 "j_pinkypalm_le"
PART 35 "j_ringpalm_le"
PART 36 "j_thumb_le_0"
PART 37 "j_webbing_le"
PART 38 "tag_knife_attach"
PART 39 "j_index_ri_0"
PART 40 "j_mid_ri_0"
PART 41 "j_pinkypalm_ri"
PART 42 "j_ringpalm_ri"
PART 43 "j_thumb_ri_0"
PART 44 "j_webbing_ri"
PART 45 "tag_ext_mag_bullet_animate"
PART 46 "j_index_le_1"
PART 47 "j_mid_le_1"
PART 48 "j_pinky_le_0"
PART 49 "j_ring_le_0"
PART 50 "j_thumb_le_1"
PART 51 "j_index_ri_1"
PART 52 "j_mid_ri_1"
PART 53 "j_pinky_ri_0"
PART 54 "j_ring_ri_0"
PART 55 "j_thumb_ri_1"
PART 56 "j_index_le_2"
PART 57 "j_mid_le_2"
PART 58 "j_pinky_le_1"
PART 59 "j_ring_le_1"
PART 60 "j_thumb_le_2"
PART 61 "j_index_ri_2"
PART 62 "j_mid_ri_2"
PART 63 "j_pinky_ri_1"
PART 64 "j_ring_ri_1"
PART 65 "j_thumb_ri_2"
PART 66 "j_index_le_3"
PART 67 "j_mid_le_3"
PART 68 "j_pinky_le_2"
PART 69 "j_ring_le_2"
PART 70 "j_thumb_le_3"
PART 71 "j_index_ri_3"
PART 72 "j_mid_ri_3"
PART 73 "j_pinky_ri_2"
PART 74 "j_ring_ri_2"
PART 75 "j_thumb_ri_3"
PART 76 "j_pinky_le_3"
PART 77 "j_ring_le_3"
PART 78 "j_pinky_ri_3"
PART 79 "j_ring_ri_3"
PART 80 "tag_cambone"
PART 81 "tag_camera"
PART 82 "tag_gasmask"
PART 83 "tag_gasmask2"

FRAMERATE 30
NUMFRAMES 2
FRAME 0
PART 0
OFFSET 0.000000 0.000000 0.000000
SCALE 1.000000 1.000000 1.000000
X 1.000000 0.000000 0.000000
Y 0.000000 1.000000 0.000000
Z 0.000000 0.000000 1.000000

PART 1
OFFSET 3.492755 -1.458195 -2.918761
SCALE 1.000000 1.000000 1.000000
X 0.496628 0.673222 -0.547843
Y 0.550230 -0.732341 -0.401153
Z -0.671273 -0.102215 -0.734128

PART 2
OFFSET -4.806000 -7.401901 2.691043
SCALE 1.000000 1.000000 1.000000
X -0.450189 0.493087 0.744443
Y -0.236332 -0.869771 0.433181
Z 0.861090 0.019077 0.508094

PART 3
OFFSET 12.632691 -5.736847 -5.568594
SCALE 1.000000 1.000000 1.000000
X 1.000000 0.000000 -0.000000
Y -0.000000 0.848099 -0.529838
Z 0.000000 0.529838 0.848099

PART 4
OFFSET 13.745596 17.667068 -17.903065
SCALE 1.000000 1.000000 1.000000
X 0.998737 0.041892 -0.027740
Y 0.021387 0.145113 0.989184
Z 0.045465 -0.988528 0.144033

PART 5
OFFSET 9.701282 7.732574 -10.180448
SCALE 1.000000 1.000000 1.000000
X 0.818294 -0.412232 0.400574
Y -0.574792 -0.583254 0.573959
Z -0.002968 -0.699914 -0.714221

PART 6
OFFSET 0.819043 -14.210514 -7.028622
SCALE 1.000000 1.000000 1.000000
X -0.821930 -0.540784 -0.178842
Y 0.449514 -0.423022 -0.786759
Z 0.349812 -0.727052 0.590785

PART 7
OFFSET 12.632691 -5.736847 -5.568594
SCALE 1.000000 1.000000 1.000000
X 1.000000 0.000000 -0.000000
Y -0.000000 0.848099 -0.529838
Z 0.000000 0.529838 0.848099

PART 8
OFFSET 18.413957 4.894192 -6.179547
SCALE 1.000000 1.000000 1.000000
X 0.821719 -0.406835 0.399078
Y 0.008916 0.709360 0.704790
Z -0.569823 -0.575581 0.586522

PART 9
OFFSET 18.210608 4.029460 -7.609425
SCALE 1.000000 1.000000 1.000000
X 0.821719 -0.406835 0.399078
Y 0.008916 0.709360 0.704790
Z -0.569823 -0.575581 0.586522

PART 10
OFFSET 17.383574 3.119394 -4.590653
SCALE 1.000000 1.000000 1.000000
X 0.821719 -0.406835 0.399078
Y 0.008916 0.709360 0.704790
Z -0.569823 -0.575581 0.586522

PART 11
OFFSET 17.174094 2.107330 -5.452826
SCALE 1.000000 1.000000 1.000000
X 0.821719 -0.406835 0.399078
Y 0.008916 0.709360 0.704790
Z -0.569823 -0.575581 0.586522

PART 12
OFFSET 17.409496 2.400911 -6.590403
SCALE 1.000000 1.000000 1.000000
X 0.821719 -0.406835 0.399078
Y 0.008916 0.709360 0.704790
Z -0.569823 -0.575581 0.586522

PART 13
OFFSET 19.187702 2.663669 -5.648784
SCALE 1.000000 1.000000 1.000000
X 0.912478 0.011553 0.408963
Y 0.022082 -0.999535 -0.021033
Z 0.408530 0.028223 -0.912308

PART 14
OFFSET 16.660990 4.226228 -6.772663
SCALE 1.000000 1.000000 1.000000
X 0.818294 -0.412232 0.400574
Y -0.574792 -0.583254 0.573959
Z -0.002968 -0.699914 -0.714221

PART 15
OFFSET 8.997763 -8.515946 -3.532333
SCALE 1.000000 1.000000 1.000000
X -0.825549 -0.536268 -0.175743
Y -0.353916 0.734558 -0.578937
Z 0.439559 -0.415743 -0.796207

PART 16
OFFSET 8.355483 -7.515308 -4.162964
SCALE 1.000000 1.000000 1.000000
X -0.825549 -0.536268 -0.175743
Y -0.353916 0.734558 -0.578937
Z 0.439559 -0.415743 -0.796207

PART 17
OFFSET 8.259007 -7.688061 -5.344728
SCALE 1.000000 1.000000 1.000000
X -0.825549 -0.536268 -0.175743
Y -0.353916 0.734558 -0.578937
Z 0.439559 -0.415743 -0.796207

PART 18
OFFSET 10.323549 -7.847637 -4.919537
SCALE 1.000000 1.000000 1.000000
X -0.969789 -0.242112 0.029866
Y 0.167032 -0.748255 -0.642040
Z 0.177793 -0.617654 0.766089

PART 19
OFFSET 7.811830 -9.608676 -5.507170
SCALE 1.000000 1.000000 1.000000
X -0.821930 -0.540784 -0.178842
Y 0.449514 -0.423022 -0.786759
Z 0.349812 -0.727052 0.590785

PART 20
OFFSET 24.658745 -3.597089 -2.142531
SCALE 1.000000 1.000000 1.000000
X 1.000000 0.000000 -0.000000
Y -0.000000 0.848099 -0.529838
Z 0.000000 0.529838 0.848099

PART 21
OFFSET 16.381108 -3.602286 -2.139286
SCALE 1.000000 1.000000 1.000000
X 1.000000 0.000000 -0.000000
Y -0.000000 0.848099 -0.529838
Z 0.000000 0.529838 0.848099

PART 22
OFFSET 22.809318 -3.912740 -1.965847
SCALE 1.000000 1.000000 1.000000
X 0.000000 -0.469686 0.882833
Y 1.000000 0.000000 0.000000
Z -0.000000 0.882833 0.469686

PART 23
OFFSET 32.016195 -3.597089 -2.142531
SCALE 1.000000 1.000000 1.000000
X 1.000000 0.000000 -0.000000
Y -0.000000 0.848099 -0.529838
Z 0.000000 0.529838 0.848099

PART 24
OFFSET 12.632691 -5.736847 -5.568594
SCALE 1.000000 1.000000 1.000000
X 1.000000 0.000000 -0.000000
Y -0.000000 0.848099 -0.529838
Z 0.000000 0.529838 0.848099

PART 25
OFFSET 25.445880 -3.597089 -2.142531
SCALE 1.000000 1.000000 1.000000
X 1.000000 0.000000 -0.000000
Y -0.000000 0.848099 -0.529838
Z 0.000000 0.529838 0.848099

PART 26
OFFSET 29.772212 -5.225151 -2.102744
SCALE 1.000000 1.000000 1.000000
X 1.000000 0.000000 -0.000000
Y -0.000000 0.848099 -0.529838
Z 0.000000 0.529838 0.848099

PART 27
OFFSET 21.485495 -1.616953 -3.671923
SCALE 1.000000 1.000000 1.000000
X 1.000000 0.000000 -0.000000
Y -0.000000 0.848099 -0.529838
Z 0.000000 0.529838 0.848099

PART 28
OFFSET 12.194245 -3.067802 -1.295316
SCALE 1.000000 1.000000 1.000000
X 1.000000 0.000000 -0.000000
Y -0.000000 0.848099 -0.529838
Z 0.000000 0.529838 0.848099

PART 29
OFFSET 12.194245 -3.067802 -1.295316
SCALE 1.000000 1.000000 1.000000
X 1.000000 0.000000 -0.000000
Y -0.000000 0.848099 -0.529838
Z 0.000000 0.529838 0.848099

PART 30
OFFSET 11.699417 -4.455173 -3.517051
SCALE 1.000000 1.000000 1.000000
X 1.000000 0.000000 -0.000000
Y -0.000000 0.848099 -0.529838
Z 0.000000 0.529838 0.848099

PART 31
OFFSET 22.779015 -0.217072 -4.241202
SCALE 1.000000 1.000000 1.000000
X 1.000000 0.000000 -0.000000
Y -0.000000 0.848099 -0.529838
Z 0.000000 0.529838 0.848099

PART 32
OFFSET 22.667627 1.929015 -3.802314
SCALE 1.000000 1.000000 1.000000
X 0.848804 -0.321134 -0.420005
Y -0.477764 -0.125655 -0.869455
Z 0.226436 0.938661 -0.260083

PART 33
OFFSET 22.620014 3.054211 -3.920347
SCALE 1.000000 1.000000 1.000000
X 0.712424 -0.541311 -0.446581
Y -0.585803 -0.108361 -0.803177
Z 0.386376 0.833811 -0.394301

PART 34
OFFSET 20.051050 4.093825 -5.420908
SCALE 1.000000 1.000000 1.000000
X 0.997213 -0.044367 -0.059985
Y -0.074530 -0.555180 -0.828384
Z 0.003450 0.830546 -0.556939

PART 35
OFFSET 20.100743 3.195605 -5.139880
SCALE 1.000000 1.000000 1.000000
X 0.975576 0.131206 0.176172
Y 0.206047 -0.268630 -0.940948
Z -0.076133 0.954265 -0.289104

PART 36
OFFSET 19.834487 1.662940 -5.829516
SCALE 1.000000 1.000000 1.000000
X 0.790416 -0.609058 0.065505
Y -0.612566 -0.785476 0.088262
Z -0.002304 -0.109890 -0.993941

PART 37
OFFSET 22.254634 1.127385 -4.910475
SCALE 1.000000 1.000000 1.000000
X 0.967872 0.212005 0.135194
Y -0.124576 -0.062728 0.990225
Z 0.218413 -0.975253 -0.034302

PART 38
OFFSET 22.272245 3.276669 -5.918924
SCALE 1.000000 1.000000 1.000000
X -0.344636 0.930312 -0.125479
Y -0.408472 -0.028265 0.912333
Z 0.845208 0.365678 0.389748

PART 39
OFFSET 14.021902 -6.593313 -4.245331
SCALE 1.000000 1.000000 1.000000
X -0.980685 -0.195069 -0.014323
Y 0.113232 -0.625914 0.771629
Z -0.159486 0.755103 0.635912

PART 40
OFFSET 14.153810 -7.258141 -5.149867
SCALE 1.000000 1.000000 1.000000
X 0.009609 -0.901507 0.432658
Y 0.999353 0.023659 0.027103
Z -0.034670 0.432118 0.901151

PART 41
OFFSET 11.261166 -8.364760 -5.816806
SCALE 1.000000 1.000000 1.000000
X -0.895439 -0.260642 0.360908
Y 0.440632 -0.634525 0.634997
Z 0.063498 0.727629 0.683026

PART 42
OFFSET 11.374336 -7.840813 -5.304974
SCALE 1.000000 1.000000 1.000000
X -0.978587 -0.083915 0.187952
Y 0.200331 -0.598025 0.776037
Z 0.047279 0.797073 0.602030

PART 43
OFFSET 10.619395 -6.873967 -4.753339
SCALE 1.000000 1.000000 1.000000
X -0.470530 -0.878267 0.085134
Y 0.770646 -0.456022 -0.445139
Z 0.429774 -0.143843 0.891406

PART 44
OFFSET 6.241496 -8.553606 -3.841695
SCALE 1.000000 1.000000 1.000000
X -0.895339 -0.254846 0.365268
Y -0.445235 0.490889 -0.748862
Z 0.011539 -0.833115 -0.552979

PART 45
OFFSET 22.779015 -3.828828 -1.984806
SCALE 1.000000 1.000000 1.000000
X 1.000000 0.000000 -0.000000
Y -0.000000 0.848099 -0.529838
Z 0.000000 0.529838 0.848099

PART 46
OFFSET 24.173567 1.402211 -4.522254
SCALE 1.000000 1.000000 1.000000
X 0.267400 -0.477256 -0.837093
Y -0.917729 0.138666 -0.372217
Z 0.293719 0.867755 -0.400912

PART 47
OFFSET 24.017733 2.026170 -4.751774
SCALE 1.000000 1.000000 1.000000
X 0.340654 -0.489881 -0.802478
Y -0.940144 -0.185773 -0.285687
Z -0.009126 0.851766 -0.523843

PART 48
OFFSET 22.283739 3.798473 -5.587086
SCALE 1.000000 1.000000 1.000000
X 0.975212 -0.220722 0.015591
Y -0.107740 -0.535209 -0.837821
Z 0.193270 0.815373 -0.545723

PART 49
OFFSET 22.621224 3.670133 -4.712869
SCALE 1.000000 1.000000 1.000000
X 0.853142 -0.485576 -0.190694
Y -0.420689 -0.424212 -0.801914
Z 0.308495 0.764369 -0.566189

PART 50
OFFSET 21.517213 0.240348 -5.697360
SCALE 1.000000 1.000000 1.000000
X 0.992649 -0.082647 0.088421
Y -0.095449 -0.983755 0.152035
Z 0.074419 -0.159357 -0.984412

PART 51
OFFSET 15.668896 -6.027268 -4.329554
SCALE 1.000000 1.000000 1.000000
X 0.047993 -0.945873 0.320968
Y 0.941178 0.150430 0.302579
Z -0.334485 0.287566 0.897455

PART 52
OFFSET 14.105862 -5.482655 -5.995083
SCALE 1.000000 1.000000 1.000000
X 0.895798 -0.421702 0.140404
Y 0.406527 0.649687 -0.642373
Z 0.179671 0.632515 0.753421

PART 53
OFFSET 13.435559 -7.736471 -6.494816
SCALE 1.000000 1.000000 1.000000
X 0.016734 -0.856007 0.516694
Y 0.983058 -0.080254 -0.164794
Z 0.182532 0.510697 0.840161

PART 54
OFFSET 13.907979 -7.723430 -5.900212
SCALE 1.000000 1.000000 1.000000
X -0.094983 -0.873784 0.476949
Y 0.927612 -0.251563 -0.276139
Z 0.361269 0.416195 0.834426

PART 55
OFFSET 11.573641 -4.890880 -4.957487
SCALE 1.000000 1.000000 1.000000
X -0.870646 -0.459968 0.174371
Y 0.414045 -0.876637 -0.245100
Z 0.265599 -0.141198 0.953688

PART 56
OFFSET 24.172745 0.749650 -5.500939
SCALE 1.000000 1.000000 1.000000
X -0.587706 -0.412914 -0.695776
Y -0.764187 0.565756 0.309739
Z 0.265743 0.713738 -0.648042

PART 57
OFFSET 24.389308 1.287790 -5.961159
SCALE 1.000000 1.000000 1.000000
X -0.710114 -0.266463 -0.651717
Y -0.696487 0.401472 0.594749
Z 0.103168 0.876252 -0.470679

PART 58
OFFSET 23.636955 3.498937 -5.562031
SCALE 1.000000 1.000000 1.000000
X 0.597235 -0.648815 -0.471539
Y -0.701832 -0.138159 -0.698816
Z 0.388255 0.748299 -0.537873

PART 59
OFFSET 24.036924 2.901556 -5.020878
SCALE 1.000000 1.000000 1.000000
X 0.164912 -0.744991 -0.646369
Y -0.915376 0.128427 -0.381568
Z 0.367275 0.654596 -0.660767

PART 60
OFFSET 23.110827 0.323606 -5.714474
SCALE 1.000000 1.000000 1.000000
X 0.921551 0.336182 -0.194229
Y 0.384606 -0.858889 0.338214
Z -0.053120 -0.386383 -0.920808

PART 61
OFFSET 15.524739 -4.868109 -4.669652
SCALE 1.000000 1.000000 1.000000
X 0.456669 -0.829576 0.321335
Y 0.839103 0.521652 0.154225
Z -0.295566 0.199204 0.934322

PART 62
OFFSET 12.767544 -4.907879 -6.168438
SCALE 1.000000 1.000000 1.000000
X 0.829131 0.316471 -0.460856
Y -0.539564 0.668764 -0.511494
Z 0.146331 0.672757 0.725249

PART 63
OFFSET 13.418125 -6.558248 -7.211297
SCALE 1.000000 1.000000 1.000000
X 0.611769 -0.780444 0.129019
Y 0.768537 0.547786 -0.330576
Z 0.187322 0.301392 0.934919

PART 64
OFFSET 14.068261 -6.225749 -6.709368
SCALE 1.000000 1.000000 1.000000
X 0.786404 -0.616725 -0.034926
Y 0.509850 0.679967 -0.526970
Z 0.348744 0.396604 0.849166

PART 65
OFFSET 13.011383 -4.493661 -5.327879
SCALE 1.000000 1.000000 1.000000
X -0.916635 0.278126 0.287101
Y -0.319851 -0.941120 -0.109495
Z 0.239743 -0.192196 0.951622

PART 66
OFFSET 23.508973 0.283240 -6.286829
SCALE 1.000000 1.000000 1.000000
X 0.955896 -0.174941 -0.235922
Y 0.291396 0.464344 0.836345
Z -0.036762 -0.868205 0.494841

PART 67
OFFSET 23.586271 0.991922 -6.703030
SCALE 1.000000 1.000000 1.000000
X 0.982042 -0.111784 0.151979
Y -0.068057 0.541421 0.837993
Z -0.175959 -0.833287 0.524091

PART 68
OFFSET 24.170489 2.912538 -5.989354
SCALE 1.000000 1.000000 1.000000
X -0.423756 -0.477277 -0.769830
Y -0.817203 0.568013 0.097678
Z 0.390654 0.670499 -0.630731

PART 69
OFFSET 24.227667 1.893454 -5.975581
SCALE 1.000000 1.000000 1.000000
X -0.613140 -0.215764 -0.759938
Y -0.703670 0.586381 0.401255
Z 0.359037 0.780771 -0.511360

PART 70
OFFSET 24.111517 0.654842 -5.960921
SCALE 1.000000 1.000000 1.000000
X 0.793669 0.319329 0.517802
Y -0.606873 0.356315 0.710454
Z 0.042368 -0.878105 0.476589

PART 71
OFFSET 15.008981 -3.931106 -5.032560
SCALE 1.000000 1.000000 1.000000
X -0.989281 -0.144677 0.019768
Y -0.141205 0.913357 -0.381891
Z 0.037196 -0.380589 -0.923996

PART 72
OFFSET 11.827084 -5.270609 -5.651941
SCALE 1.000000 1.000000 1.000000
X -0.301112 -0.715459 0.630436
Y -0.933460 0.356271 -0.041524
Z -0.194897 -0.600990 -0.775130

PART 73
OFFSET 12.871222 -5.862823 -7.325249
SCALE 1.000000 1.000000 1.000000
X 0.920838 0.038881 -0.388003
Y -0.118224 0.976021 -0.182772
Z 0.371593 0.214174 0.903354

PART 74
OFFSET 12.948374 -5.397449 -6.654502
SCALE 1.000000 1.000000 1.000000
X 0.918522 0.196860 -0.342874
Y -0.323202 0.873364 -0.364383
Z 0.227721 0.445512 0.865830

PART 75
OFFSET 13.997143 -4.769636 -5.680024
SCALE 1.000000 1.000000 1.000000
X -0.896568 0.134791 -0.421898
Y 0.442898 0.266931 -0.855914
Z -0.002752 -0.954243 -0.299020

PART 76
OFFSET 23.767910 2.459112 -6.720711
SCALE 1.000000 1.000000 1.000000
X 0.780061 -0.089166 0.619318
Y -0.295010 0.820462 0.489705
Z -0.551792 -0.564704 0.613706

PART 77
OFFSET 23.562768 1.659451 -6.799721
SCALE 1.000000 1.000000 1.000000
X 0.923404 -0.116098 0.365849
Y -0.239288 0.571133 0.785206
Z -0.300109 -0.812606 0.499606

PART 78
OFFSET 11.996390 -5.899765 -6.956645
SCALE 1.000000 1.000000 1.000000
X -0.684159 -0.673507 0.279848
Y -0.635051 0.738810 0.225544
Z -0.358660 -0.023409 -0.933175

PART 79
OFFSET 11.952199 -5.610892 -6.282644
SCALE 1.000000 1.000000 1.000000
X -0.555588 -0.636020 0.535537
Y -0.800461 0.583379 -0.137593
Z -0.224909 -0.505121 -0.833228

PART 80
OFFSET 0.000000 0.000000 0.000000
SCALE 1.000000 1.000000 1.000000
X 1.000000 0.000000 0.000000
Y 0.000000 1.000000 0.000000
Z 0.000000 0.000000 1.000000

PART 81
OFFSET 0.000000 0.000000 0.000000
SCALE 1.000000 1.000000 1.000000
X 1.000000 0.000000 0.000000
Y 0.000000 1.000000 0.000000
Z 0.000000 0.000000 1.000000

PART 82
OFFSET 1.540551 0.000000 4.135827
SCALE 1.000000 1.000000 1.000000
X 1.000000 0.000000 0.000000
Y 0.000000 1.000000 0.000000
Z 0.000000 0.000000 1.000000

PART 83
OFFSET -4.631835 0.000000 -1.376957
SCALE 1.000000 1.000000 1.000000
X 1.000000 0.000000 0.000000
Y 0.000000 1.000000 0.000000
Z 0.000000 0.000000 1.000000

FRAME 1
PART 0
OFFSET 0.000000 0.000000 0.000000
SCALE 1.000000 1.000000 1.000000
X 1.000000 0.000000 0.000000
Y 0.000000 1.000000 0.000000
Z 0.000000 0.000000 1.000000

PART 1
OFFSET 3.492755 -1.458195 -2.918761
SCALE 1.000000 1.000000 1.000000
X 0.496628 0.673222 -0.547843
Y 0.550230 -0.732341 -0.401153
Z -0.671273 -0.102215 -0.734128

PART 2
OFFSET -4.806000 -7.401901 2.691043
SCALE 1.000000 1.000000 1.000000
X -0.450189 0.493087 0.744443
Y -0.236332 -0.869771 0.433181
Z 0.861090 0.019077 0.508094

PART 3
OFFSET 12.632691 -5.736847 -5.568594
SCALE 1.000000 1.000000 1.000000
X 1.000000 0.000000 -0.000000
Y -0.000000 0.848099 -0.529838
Z 0.000000 0.529838 0.848099

PART 4
OFFSET 13.745596 17.667068 -17.903065
SCALE 1.000000 1.000000 1.000000
X 0.998737 0.041892 -0.027740
Y 0.021387 0.145113 0.989184
Z 0.045465 -0.988528 0.144033

PART 5
OFFSET 9.701282 7.732574 -10.180448
SCALE 1.000000 1.000000 1.000000
X 0.818294 -0.412232 0.400574
Y -0.574792 -0.583254 0.573959
Z -0.002968 -0.699914 -0.714221

PART 6
OFFSET 0.819043 -14.210514 -7.028622
SCALE 1.000000 1.000000 1.000000
X -0.821930 -0.540784 -0.178842
Y 0.449514 -0.423022 -0.786759
Z 0.349812 -0.727052 0.590785

PART 7
OFFSET 12.632691 -5.736847 -5.568594
SCALE 1.000000 1.000000 1.000000
X 1.000000 0.000000 -0.000000
Y -0.000000 0.848099 -0.529838
Z 0.000000 0.529838 0.848099

PART 8
OFFSET 18.413957 4.894192 -6.179547
SCALE 1.000000 1.000000 1.000000
X 0.821719 -0.406835 0.399078
Y 0.008916 0.709360 0.704790
Z -0.569823 -0.575581 0.586522

PART 9
OFFSET 18.210608 4.029460 -7.609425
SCALE 1.000000 1.000000 1.000000
X 0.821719 -0.406835 0.399078
Y 0.008916 0.709360 0.704790
Z -0.569823 -0.575581 0.586522

PART 10
OFFSET 17.383574 3.119394 -4.590653
SCALE 1.000000 1.000000 1.000000
X 0.821719 -0.406835 0.399078
Y 0.008916 0.709360 0.704790
Z -0.569823 -0.575581 0.586522

PART 11
OFFSET 17.174094 2.107330 -5.452826
SCALE 1.000000 1.000000 1.000000
X 0.821719 -0.406835 0.399078
Y 0.008916 0.709360 0.704790
Z -0.569823 -0.575581 0.586522

PART 12
OFFSET 17.409496 2.400911 -6.590403
SCALE 1.000000 1.000000 1.000000
X 0.821719 -0.406835 0.399078
Y 0.008916 0.709360 0.704790
Z -0.569823 -0.575581 0.586522

PART 13
OFFSET 19.187702 2.663669 -5.648784
SCALE 1.000000 1.000000 1.000000
X 0.912478 0.011553 0.408963
Y 0.022082 -0.999535 -0.021033
Z 0.408530 0.028223 -0.912308

PART 14
OFFSET 16.660990 4.226228 -6.772663
SCALE 1.000000 1.000000 1.000000
X 0.818294 -0.412232 0.400574
Y -0.574792 -0.583254 0.573959
Z -0.002968 -0.699914 -0.714221

PART 15
OFFSET 8.997763 -8.515946 -3.532333
SCALE 1.000000 1.000000 1.000000
X -0.825549 -0.536268 -0.175743
Y -0.353916 0.734558 -0.578937
Z 0.439559 -0.415743 -0.796207

PART 16
OFFSET 8.355483 -7.515308 -4.162964
SCALE 1.000000 1.000000 1.000000
X -0.825549 -0.536268 -0.175743
Y -0.353916 0.734558 -0.578937
Z 0.439559 -0.415743 -0.796207

PART 17
OFFSET 8.259007 -7.688061 -5.344728
SCALE 1.000000 1.000000 1.000000
X -0.825549 -0.536268 -0.175743
Y -0.353916 0.734558 -0.578937
Z 0.439559 -0.415743 -0.796207

PART 18
OFFSET 10.323549 -7.847637 -4.919537
SCALE 1.000000 1.000000 1.000000
X -0.969789 -0.242112 0.029866
Y 0.167032 -0.748255 -0.642040
Z 0.177793 -0.617654 0.766089

PART 19
OFFSET 7.811830 -9.608676 -5.507170
SCALE 1.000000 1.000000 1.000000
X -0.821930 -0.540784 -0.178842
Y 0.449514 -0.423022 -0.786759
Z 0.349812 -0.727052 0.590785

PART 20
OFFSET 24.658745 -3.597089 -2.142531
SCALE 1.000000 1.000000 1.000000
X 1.000000 0.000000 -0.000000
Y -0.000000 0.848099 -0.529838
Z 0.000000 0.529838 0.848099

PART 21
OFFSET 16.381108 -3.602286 -2.139286
SCALE 1.000000 1.000000 1.000000
X 1.000000 0.000000 -0.000000
Y -0.000000 0.848099 -0.529838
Z 0.000000 0.529838 0.848099

PART 22
OFFSET 22.809318 -3.912740 -1.965847
SCALE 1.000000 1.000000 1.000000
X 0.000000 -0.469686 0.882833
Y 1.000000 0.000000 0.000000
Z -0.000000 0.882833 0.469686

PART 23
OFFSET 32.016195 -3.597089 -2.142531
SCALE 1.000000 1.000000 1.000000
X 1.000000 0.000000 -0.000000
Y -0.000000 0.848099 -0.529838
Z 0.000000 0.529838 0.848099

PART 24
OFFSET 12.632691 -5.736847 -5.568594
SCALE 1.000000 1.000000 1.000000
X 1.000000 0.000000 -0.000000
Y -0.000000 0.848099 -0.529838
Z 0.000000 0.529838 0.848099

PART 25
OFFSET 25.445880 -3.597089 -2.142531
SCALE 1.000000 1.000000 1.000000
X 1.000000 0.000000 -0.000000
Y -0.000000 0.848099 -0.529838
Z 0.000000 0.529838 0.848099

PART 26
OFFSET 29.772212 -5.225151 -2.102744
SCALE 1.000000 1.000000 1.000000
X 1.000000 0.000000 -0.000000
Y -0.000000 0.848099 -0.529838
Z 0.000000 0.529838 0.848099

PART 27
OFFSET 21.485495 -1.616953 -3.671923
SCALE 1.000000 1.000000 1.000000
X 1.000000 0.000000 -0.000000
Y -0.000000 0.848099 -0.529838
Z 0.000000 0.529838 0.848099

PART 28
OFFSET 12.194245 -3.067802 -1.295316
SCALE 1.000000 1.000000 1.000000
X 1.000000 0.000000 -0.000000
Y -0.000000 0.848099 -0.529838
Z 0.000000 0.529838 0.848099

PART 29
OFFSET 12.194245 -3.067802 -1.295316
SCALE 1.000000 1.000000 1.000000
X 1.000000 0.000000 -0.000000
Y -0.000000 0.848099 -0.529838
Z 0.000000 0.529838 0.848099

PART 30
OFFSET 11.699417 -4.455173 -3.517051
SCALE 1.000000 1.000000 1.000000
X 1.000000 0.000000 -0.000000
Y -0.000000 0.848099 -0.529838
Z 0.000000 0.529838 0.848099

PART 31
OFFSET 22.779015 -0.217072 -4.241202
SCALE 1.000000 1.000000 1.000000
X 1.000000 0.000000 -0.000000
Y -0.000000 0.848099 -0.529838
Z 0.000000 0.529838 0.848099

PART 32
OFFSET 22.667627 1.929015 -3.802314
SCALE 1.000000 1.000000 1.000000
X 0.848804 -0.321134 -0.420005
Y -0.477764 -0.125655 -0.869455
Z 0.226436 0.938661 -0.260083

PART 33
OFFSET 22.620014 3.054211 -3.920347
SCALE 1.000000 1.000000 1.000000
X 0.712424 -0.541311 -0.446581
Y -0.585803 -0.108361 -0.803177
Z 0.386376 0.833811 -0.394301

PART 34
OFFSET 20.051050 4.093825 -5.420908
SCALE 1.000000 1.000000 1.000000
X 0.997213 -0.044367 -0.059985
Y -0.074530 -0.555180 -0.828384
Z 0.003450 0.830546 -0.556939

PART 35
OFFSET 20.100743 3.195605 -5.139880
SCALE 1.000000 1.000000 1.000000
X 0.975576 0.131206 0.176172
Y 0.206047 -0.268630 -0.940948
Z -0.076133 0.954265 -0.289104

PART 36
OFFSET 19.834487 1.662940 -5.829516
SCALE 1.000000 1.000000 1.000000
X 0.790416 -0.609058 0.065505
Y -0.612566 -0.785476 0.088262
Z -0.002304 -0.109890 -0.993941

PART 37
OFFSET 22.254634 1.127385 -4.910475
SCALE 1.000000 1.000000 1.000000
X 0.967872 0.212005 0.135194
Y -0.124576 -0.062728 0.990225
Z 0.218413 -0.975253 -0.034302

PART 38
OFFSET 22.272245 3.276669 -5.918924
SCALE 1.000000 1.000000 1.000000
X -0.344636 0.930312 -0.125479
Y -0.408472 -0.028265 0.912333
Z 0.845208 0.365678 0.389748

PART 39
OFFSET 14.021902 -6.593313 -4.245331
SCALE 1.000000 1.000000 1.000000
X -0.980685 -0.195069 -0.014323
Y 0.113232 -0.625914 0.771629
Z -0.159486 0.755103 0.635912

PART 40
OFFSET 14.153810 -7.258141 -5.149867
SCALE 1.000000 1.000000 1.000000
X 0.009609 -0.901507 0.432658
Y 0.999353 0.023659 0.027103
Z -0.034670 0.432118 0.901151

PART 41
OFFSET 11.261166 -8.364760 -5.816806
SCALE 1.000000 1.000000 1.000000
X -0.895439 -0.260642 0.360908
Y 0.440632 -0.634525 0.634997
Z 0.063498 0.727629 0.683026

PART 42
OFFSET 11.374336 -7.840813 -5.304974
SCALE 1.000000 1.000000 1.000000
X -0.978587 -0.083915 0.187952
Y 0.200331 -0.598025 0.776037
Z 0.047279 0.797073 0.602030

PART 43
OFFSET 10.619395 -6.873967 -4.753339
SCALE 1.000000 1.000000 1.000000
X -0.470530 -0.878267 0.085134
Y 0.770646 -0.456022 -0.445139
Z 0.429774 -0.143843 0.891406

PART 44
OFFSET 6.241496 -8.553606 -3.841695
SCALE 1.000000 1.000000 1.000000
X -0.895339 -0.254846 0.365268
Y -0.445235 0.490889 -0.748862
Z 0.011539 -0.833115 -0.552979

PART 45
OFFSET 22.779015 -3.828828 -1.984806
SCALE 1.000000 1.000000 1.000000
X 1.000000 0.000000 -0.000000
Y -0.000000 0.848099 -0.529838
Z 0.000000 0.529838 0.848099

PART 46
OFFSET 24.173567 1.402211 -4.522254
SCALE 1.000000 1.000000 1.000000
X 0.267400 -0.477256 -0.837093
Y -0.917729 0.138666 -0.372217
Z 0.293719 0.867755 -0.400912

PART 47
OFFSET 24.017733 2.026170 -4.751774
SCALE 1.000000 1.000000 1.000000
X 0.340654 -0.489881 -0.802478
Y -0.940144 -0.185773 -0.285687
Z -0.009126 0.851766 -0.523843

PART 48
OFFSET 22.283739 3.798473 -5.587086
SCALE 1.000000 1.000000 1.000000
X 0.975212 -0.220722 0.015591
Y -0.107740 -0.535209 -0.837821
Z 0.193270 0.815373 -0.545723

PART 49
OFFSET 22.621224 3.670133 -4.712869
SCALE 1.000000 1.000000 1.000000
X 0.853142 -0.485576 -0.190694
Y -0.420689 -0.424212 -0.801914
Z 0.308495 0.764369 -0.566189

PART 50
OFFSET 21.517213 0.240348 -5.697360
SCALE 1.000000 1.000000 1.000000
X 0.992649 -0.082647 0.088421
Y -0.095449 -0.983755 0.152035
Z 0.074419 -0.159357 -0.984412

PART 51
OFFSET 15.668896 -6.027268 -4.329554
SCALE 1.000000 1.000000 1.000000
X 0.047993 -0.945873 0.320968
Y 0.941178 0.150430 0.302579
Z -0.334485 0.287566 0.897455

PART 52
OFFSET 14.105862 -5.482655 -5.995083
SCALE 1.000000 1.000000 1.000000
X 0.895798 -0.421702 0.140404
Y 0.406527 0.649687 -0.642373
Z 0.179671 0.632515 0.753421

PART 53
OFFSET 13.435559 -7.736471 -6.494816
SCALE 1.000000 1.000000 1.000000
X 0.016734 -0.856007 0.516694
Y 0.983058 -0.080254 -0.164794
Z 0.182532 0.510697 0.840161

PART 54
OFFSET 13.907979 -7.723430 -5.900212
SCALE 1.000000 1.000000 1.000000
X -0.094983 -0.873784 0.476949
Y 0.927612 -0.251563 -0.276139
Z 0.361269 0.416195 0.834426

PART 55
OFFSET 11.573641 -4.890880 -4.957487
SCALE 1.000000 1.000000 1.000000
X -0.870646 -0.459968 0.174371
Y 0.414045 -0.876637 -0.245100
Z 0.265599 -0.141198 0.953688

PART 56
OFFSET 24.172745 0.749650 -5.500939
SCALE 1.000000 1.000000 1.000000
X -0.587706 -0.412914 -0.695776
Y -0.764187 0.565756 0.309739
Z 0.265743 0.713738 -0.648042

PART 57
OFFSET 24.389308 1.287790 -5.961159
SCALE 1.000000 1.000000 1.000000
X -0.710114 -0.266463 -0.651717
Y -0.696487 0.401472 0.594749
Z 0.103168 0.876252 -0.470679

PART 58
OFFSET 23.636955 3.498937 -5.562031
SCALE 1.000000 1.000000 1.000000
X 0.597235 -0.648815 -0.471539
Y -0.701832 -0.138159 -0.698816
Z 0.388255 0.748299 -0.537873

PART 59
OFFSET 24.036924 2.901556 -5.020878
SCALE 1.000000 1.000000 1.000000
X 0.164912 -0.744991 -0.646369
Y -0.915376 0.128427 -0.381568
Z 0.367275 0.654596 -0.660767

PART 60
OFFSET 23.110827 0.323606 -5.714474
SCALE 1.000000 1.000000 1.000000
X 0.921551 0.336182 -0.194229
Y 0.384606 -0.858889 0.338214
Z -0.053120 -0.386383 -0.920808

PART 61
OFFSET 15.524739 -4.868109 -4.669652
SCALE 1.000000 1.000000 1.000000
X 0.456669 -0.829576 0.321335
Y 0.839103 0.521652 0.154225
Z -0.295566 0.199204 0.934322

PART 62
OFFSET 12.767544 -4.907879 -6.168438
SCALE 1.000000 1.000000 1.000000
X 0.829131 0.316471 -0.460856
Y -0.539564 0.668764 -0.511494
Z 0.146331 0.672757 0.725249

PART 63
OFFSET 13.418125 -6.558248 -7.211297
SCALE 1.000000 1.000000 1.000000
X 0.611769 -0.780444 0.129019
Y 0.768537 0.547786 -0.330576
Z 0.187322 0.301392 0.934919

PART 64
OFFSET 14.068261 -6.225749 -6.709368
SCALE 1.000000 1.000000 1.000000
X 0.786404 -0.616725 -0.034926
Y 0.509850 0.679967 -0.526970
Z 0.348744 0.396604 0.849166

PART 65
OFFSET 13.011383 -4.493661 -5.327879
SCALE 1.000000 1.000000 1.000000
X -0.916635 0.278126 0.287101
Y -0.319851 -0.941120 -0.109495
Z 0.239743 -0.192196 0.951622

PART 66
OFFSET 23.508973 0.283240 -6.286829
SCALE 1.000000 1.000000 1.000000
X 0.955896 -0.174941 -0.235922
Y 0.291396 0.464344 0.836345
Z -0.036762 -0.868205 0.494841

PART 67
OFFSET 23.586271 0.991922 -6.703030
SCALE 1.000000 1.000000 1.000000
X 0.982042 -0.111784 0.151979
Y -0.068057 0.541421 0.837993
Z -0.175959 -0.833287 0.524091

PART 68
OFFSET 24.170489 2.912538 -5.989354
SCALE 1.000000 1.000000 1.000000
X -0.423756 -0.477277 -0.769830
Y -0.817203 0.568013 0.097678
Z 0.390654 0.670499 -0.630731

PART 69
OFFSET 24.227667 1.893454 -5.975581
SCALE 1.000000 1.000000 1.000000
X -0.613140 -0.215764 -0.759938
Y -0.703670 0.586381 0.401255
Z 0.359037 0.780771 -0.511360

PART 70
OFFSET 24.111517 0.654842 -5.960921
SCALE 1.000000 1.000000 1.000000
X 0.793669 0.319329 0.517802
Y -0.606873 0.356315 0.710454
Z 0.042368 -0.878105 0.476589

PART 71
OFFSET 15.008981 -3.931106 -5.032560
SCALE 1.000000 1.000000 1.000000
X -0.989281 -0.144677 0.019768
Y -0.141205 0.913357 -0.381891
Z 0.037196 -0.380589 -0.923996

PART 72
OFFSET 11.827084 -5.270609 -5.651941
SCALE 1.000000 1.000000 1.000000
X -0.301112 -0.715459 0.630436
Y -0.933460 0.356271 -0.041524
Z -0.194897 -0.600990 -0.775130

PART 73
OFFSET 12.871222 -5.862823 -7.325249
SCALE 1.000000 1.000000 1.000000
X 0.920838 0.038881 -0.388003
Y -0.118224 0.976021 -0.182772
Z 0.371593 0.214174 0.903354

PART 74
OFFSET 12.948374 -5.397449 -6.654502
SCALE 1.000000 1.000000 1.000000
X 0.918522 0.196860 -0.342874
Y -0.323202 0.873364 -0.364383
Z 0.227721 0.445512 0.865830

PART 75
OFFSET 13.997143 -4.769636 -5.680024
SCALE 1.000000 1.000000 1.000000
X -0.896568 0.134791 -0.421898
Y 0.442898 0.266931 -0.855914
Z -0.002752 -0.954243 -0.299020

PART 76
OFFSET 23.767910 2.459112 -6.720711
SCALE 1.000000 1.000000 1.000000
X 0.780061 -0.089166 0.619318
Y -0.295010 0.820462 0.489705
Z -0.551792 -0.564704 0.613706

PART 77
OFFSET 23.562768 1.659451 -6.799721
SCALE 1.000000 1.000000 1.000000
X 0.923404 -0.116098 0.365849
Y -0.239288 0.571133 0.785206
Z -0.300109 -0.812606 0.499606

PART 78
OFFSET 11.996390 -5.899765 -6.956645
SCALE 1.000000 1.000000 1.000000
X -0.684159 -0.673507 0.279848
Y -0.635051 0.738810 0.225544
Z -0.358660 -0.023409 -0.933175

PART 79
OFFSET 11.952199 -5.610892 -6.282644
SCALE 1.000000 1.000000 1.000000
X -0.555588 -0.636020 0.535537
Y -0.800461 0.583379 -0.137593
Z -0.224909 -0.505121 -0.833228

PART 80
OFFSET 0.000000 0.000000 0.000000
SCALE 1.000000 1.000000 1.000000
X 1.000000 0.000000 0.000000
Y 0.000000 1.000000 0.000000
Z 0.000000 0.000000 1.000000

PART 81
OFFSET 0.000000 0.000000 0.000000
SCALE 1.000000 1.000000 1.000000
X 1.000000 0.000000 0.000000
Y 0.000000 1.000000 0.000000
Z 0.000000 0.000000 1.000000

PART 82
OFFSET 1.540551 0.000000 4.135827
SCALE 1.000000 1.000000 1.000000
X 1.000000 0.000000 0.000000
Y 0.000000 1.000000 0.000000
Z 0.000000 0.000000 1.000000

PART 83
OFFSET -4.631835 0.000000 -1.376957
SCALE 1.000000 1.000000 1.000000
X 1.000000 0.000000 0.000000
Y 0.000000 1.000000 0.000000
Z 0.000000 0.000000 1.000000

NOTETRACKS

PART 0
NUMTRACKS 0

PART 1
NUMTRACKS 0

PART 2
NUMTRACKS 0

PART 3
NUMTRACKS 0

PART 4
NUMTRACKS 0

PART 5
NUMTRACKS 0

PART 6
NUMTRACKS 0

PART 7
NUMTRACKS 0

PART 8
NUMTRACKS 0

PART 9
NUMTRACKS 0

PART 10
NUMTRACKS 0

PART 11
NUMTRACKS 0

PART 12
NUMTRACKS 0

PART 13
NUMTRACKS 0

PART 14
NUMTRACKS 0

PART 15
NUMTRACKS 0

PART 16
NUMTRACKS 0

PART 17
NUMTRACKS 0

PART 18
NUMTRACKS 0

PART 19
NUMTRACKS 0

PART 20
NUMTRACKS 0

PART 21
NUMTRACKS 0

PART 22
NUMTRACKS 0

PART 23
NUMTRACKS 0

PART 24
NUMTRACKS 0

PART 25
NUMTRACKS 0

PART 26
NUMTRACKS 0

PART 27
NUMTRACKS 0

PART 28
NUMTRACKS 0

PART 29
NUMTRACKS 0

PART 30
NUMTRACKS 0

PART 31
NUMTRACKS 0

PART 32
NUMTRACKS 0

PART 33
NUMTRACKS 0

PART 34
NUMTRACKS 0

PART 35
NUMTRACKS 0

PART 36
NUMTRACKS 0

PART 37
NUMTRACKS 0

PART 38
NUMTRACKS 0

PART 39
NUMTRACKS 0

PART 40
NUMTRACKS 0

PART 41
NUMTRACKS 0

PART 42
NUMTRACKS 0

PART 43
NUMTRACKS 0

PART 44
NUMTRACKS 0

PART 45
NUMTRACKS 0

PART 46
NUMTRACKS 0

PART 47
NUMTRACKS 0

PART 48
NUMTRACKS 0

PART 49
NUMTRACKS 0

PART 50
NUMTRACKS 0

PART 51
NUMTRACKS 0

PART 52
NUMTRACKS 0

PART 53
NUMTRACKS 0

PART 54
NUMTRACKS 0

PART 55
NUMTRACKS 0

PART 56
NUMTRACKS 0

PART 57
NUMTRACKS 0

PART 58
NUMTRACKS 0

PART 59
NUMTRACKS 0

PART 60
NUMTRACKS 0

PART 61
NUMTRACKS 0

PART 62
NUMTRACKS 0

PART 63
NUMTRACKS 0

PART 64
NUMTRACKS 0

PART 65
NUMTRACKS 0

PART 66
NUMTRACKS 0

PART 67
NUMTRACKS 0

PART 68
NUMTRACKS 0

PART 69
NUMTRACKS 0

PART 70
NUMTRACKS 0

PART 71
NUMTRACKS 0

PART 72
NUMTRACKS 0

PART 73
NUMTRACKS 0

PART 74
NUMTRACKS 0

PART 75
NUMTRACKS 0

PART 76
NUMTRACKS 0

PART 77
NUMTRACKS 0

PART 78
NUMTRACKS 0

PART 79
NUMTRACKS 0

PART 80
NUMTRACKS 0

PART 81
NUMTRACKS 0

PART 82
NUMTRACKS 0

PART 83
NUMTRACKS 0

