// Export time: Fri Jun 17 00:28:46 2022

ANIMATION
VERSION 3

NUMPARTS 84
PART 0 "tag_torso"
PART 1 "j_shoulder_le"
PART 2 "j_shoulder_ri"
PART 3 "tag_weapon"
PART 4 "tag_weapon1"
PART 5 "j_elbow_le"
PART 6 "j_elbow_ri"
PART 7 "j_gun"
PART 8 "j_sleave_reshape_bottom_le_1"
PART 9 "j_sleave_reshape_bottom_le_2"
PART 10 "j_sleave_reshape_top_le_1"
PART 11 "j_sleave_reshape_top_le_2"
PART 12 "j_sleave_reshape_top_le_3"
PART 13 "j_wrist_le"
PART 14 "j_wristtwist_le"
PART 15 "j_sleave_reshape_top_ri_1"
PART 16 "j_sleave_reshape_top_ri_2"
PART 17 "j_sleave_reshape_top_ri_3"
PART 18 "j_wrist_ri"
PART 19 "j_wristtwist_ri"
PART 20 "tag_barrel"
PART 21 "tag_bolt_animate"
PART 22 "tag_brass"
PART 23 "tag_flash"
PART 24 "tag_grip"
PART 25 "tag_handguard"
PART 26 "tag_laser"
PART 27 "tag_mag_release_animate"
PART 28 "tag_sights_off"
PART 29 "tag_sights_on"
PART 30 "tag_stock"
PART 31 "tag_ext_mag_animate"
PART 32 "j_index_le_0"
PART 33 "j_mid_le_0"
PART 34 "j_pinkypalm_le"
PART 35 "j_ringpalm_le"
PART 36 "j_thumb_le_0"
PART 37 "j_webbing_le"
PART 38 "tag_knife_attach"
PART 39 "j_index_ri_0"
PART 40 "j_mid_ri_0"
PART 41 "j_pinkypalm_ri"
PART 42 "j_ringpalm_ri"
PART 43 "j_thumb_ri_0"
PART 44 "j_webbing_ri"
PART 45 "tag_ext_mag_bullet_animate"
PART 46 "j_index_le_1"
PART 47 "j_mid_le_1"
PART 48 "j_pinky_le_0"
PART 49 "j_ring_le_0"
PART 50 "j_thumb_le_1"
PART 51 "j_index_ri_1"
PART 52 "j_mid_ri_1"
PART 53 "j_pinky_ri_0"
PART 54 "j_ring_ri_0"
PART 55 "j_thumb_ri_1"
PART 56 "j_index_le_2"
PART 57 "j_mid_le_2"
PART 58 "j_pinky_le_1"
PART 59 "j_ring_le_1"
PART 60 "j_thumb_le_2"
PART 61 "j_index_ri_2"
PART 62 "j_mid_ri_2"
PART 63 "j_pinky_ri_1"
PART 64 "j_ring_ri_1"
PART 65 "j_thumb_ri_2"
PART 66 "j_index_le_3"
PART 67 "j_mid_le_3"
PART 68 "j_pinky_le_2"
PART 69 "j_ring_le_2"
PART 70 "j_thumb_le_3"
PART 71 "j_index_ri_3"
PART 72 "j_mid_ri_3"
PART 73 "j_pinky_ri_2"
PART 74 "j_ring_ri_2"
PART 75 "j_thumb_ri_3"
PART 76 "j_pinky_le_3"
PART 77 "j_ring_le_3"
PART 78 "j_pinky_ri_3"
PART 79 "j_ring_ri_3"
PART 80 "tag_cambone"
PART 81 "tag_camera"
PART 82 "tag_gasmask"
PART 83 "tag_gasmask2"

FRAMERATE 30
NUMFRAMES 21
FRAME 0
PART 0
OFFSET 0.000000 0.000000 0.000000
SCALE 1.000000 1.000000 1.000000
X 1.000000 0.000000 0.000000
Y 0.000000 1.000000 0.000000
Z 0.000000 0.000000 1.000000

PART 1
OFFSET 6.070948 1.747910 -9.688096
SCALE 1.000000 1.000000 1.000000
X -0.132023 0.962230 -0.238083
Y 0.387528 -0.170966 -0.905866
Z -0.912355 -0.211859 -0.350319

PART 2
OFFSET -1.468177 -7.365042 -0.790466
SCALE 1.000000 1.000000 1.000000
X 0.180221 0.134213 0.974427
Y -0.746307 -0.626654 0.224343
Z 0.640739 -0.767653 -0.012772

PART 3
OFFSET 8.894447 -10.015122 -11.176830
SCALE 1.000000 1.000000 1.000000
X 0.674939 -0.655482 -0.338822
Y 0.277400 0.650909 -0.706658
Z 0.683745 0.382962 0.621155

PART 4
OFFSET 13.745596 17.667068 -17.903065
SCALE 1.000000 1.000000 1.000000
X 0.998737 0.041892 -0.027740
Y 0.021387 0.145113 0.989184
Z 0.045465 -0.988528 0.144033

PART 5
OFFSET 4.071306 15.546739 -12.747119
SCALE 1.000000 1.000000 1.000000
X 0.858765 -0.497295 -0.123375
Y -0.390145 -0.790754 0.471694
Z -0.332130 -0.356940 -0.873088

PART 6
OFFSET -4.274695 -9.548364 -14.668246
SCALE 1.000000 1.000000 1.000000
X -0.893546 0.072584 -0.443066
Y 0.434665 -0.107289 -0.894179
Z -0.112439 -0.991575 0.064318

PART 7
OFFSET 8.894447 -10.015122 -11.176830
SCALE 1.000000 1.000000 1.000000
X 0.674939 -0.655482 -0.338822
Y 0.277400 0.650909 -0.706658
Z 0.683745 0.382962 0.621155

PART 8
OFFSET 13.284899 11.777623 -13.684024
SCALE 1.000000 1.000000 1.000000
X 0.861981 -0.491588 -0.123817
Y 0.335281 0.369637 0.866576
Z -0.380231 -0.788485 0.483441

PART 9
OFFSET 12.493658 11.544879 -15.151481
SCALE 1.000000 1.000000 1.000000
X 0.861981 -0.491588 -0.123817
Y 0.335281 0.369637 0.866576
Z -0.380231 -0.788485 0.483441

PART 10
OFFSET 12.708295 9.469131 -12.647407
SCALE 1.000000 1.000000 1.000000
X 0.861981 -0.491588 -0.123817
Y 0.335281 0.369637 0.866576
Z -0.380231 -0.788485 0.483441

PART 11
OFFSET 12.098579 8.875107 -13.689942
SCALE 1.000000 1.000000 1.000000
X 0.861981 -0.491588 -0.123817
Y 0.335281 0.369637 0.866576
Z -0.380231 -0.788485 0.483441

PART 12
OFFSET 11.941704 9.608393 -14.624484
SCALE 1.000000 1.000000 1.000000
X 0.861981 -0.491588 -0.123817
Y 0.335281 0.369637 0.866576
Z -0.380231 -0.788485 0.483441

PART 13
OFFSET 13.891155 9.925343 -14.489045
SCALE 1.000000 1.000000 1.000000
X 0.698634 -0.403788 0.590648
Y -0.638988 -0.723514 0.261193
Z 0.321876 -0.559895 -0.763488

PART 14
OFFSET 11.375668 11.316639 -13.795781
SCALE 1.000000 1.000000 1.000000
X 0.858765 -0.497295 -0.123375
Y -0.390145 -0.790754 0.471694
Z -0.332130 -0.356940 -0.873088

PART 15
OFFSET 4.309322 -10.925777 -8.671498
SCALE 1.000000 1.000000 1.000000
X -0.895818 0.075920 -0.437888
Y 0.108700 0.992804 -0.050244
Z 0.430923 -0.092608 -0.897624

PART 16
OFFSET 4.275490 -9.581792 -8.607806
SCALE 1.000000 1.000000 1.000000
X -0.895818 0.075920 -0.437888
Y 0.108700 0.992804 -0.050244
Z 0.430923 -0.092608 -0.897624

PART 17
OFFSET 4.417531 -9.055648 -9.674911
SCALE 1.000000 1.000000 1.000000
X -0.895818 0.075920 -0.437888
Y 0.108700 0.992804 -0.050244
Z 0.430923 -0.092608 -0.897624

PART 18
OFFSET 6.355613 -10.109729 -9.239688
SCALE 1.000000 1.000000 1.000000
X -0.786143 0.452649 0.420818
Y -0.612565 -0.661118 -0.433229
Z 0.082110 -0.598358 0.797010

PART 19
OFFSET 3.327846 -10.165094 -10.898281
SCALE 1.000000 1.000000 1.000000
X -0.893546 0.072584 -0.443066
Y 0.434665 -0.107289 -0.894179
Z -0.112439 -0.991575 0.064318

PART 20
OFFSET 19.773045 -16.351412 -12.742074
SCALE 1.000000 1.000000 1.000000
X 0.674939 -0.655482 -0.338822
Y 0.277400 0.650909 -0.706658
Z 0.683745 0.382962 0.621155

PART 21
OFFSET 14.184444 -10.929556 -9.933099
SCALE 1.000000 1.000000 1.000000
X 0.674939 -0.655482 -0.338822
Y 0.277400 0.650909 -0.706658
Z 0.683745 0.382962 0.621155

PART 22
OFFSET 18.412669 -15.380993 -11.870926
SCALE 1.000000 1.000000 1.000000
X 0.101529 -0.372320 0.922534
Y 0.674939 -0.655482 -0.338822
Z 0.730855 0.657054 0.184743

PART 23
OFFSET 24.738875 -21.174090 -15.234940
SCALE 1.000000 1.000000 1.000000
X 0.674939 -0.655482 -0.338822
Y 0.277400 0.650909 -0.706658
Z 0.683745 0.382962 0.621155

PART 24
OFFSET 8.894447 -10.015122 -11.176830
SCALE 1.000000 1.000000 1.000000
X 0.674939 -0.655482 -0.338822
Y 0.277400 0.650909 -0.706658
Z 0.683745 0.382962 0.621155

PART 25
OFFSET 20.304313 -16.867364 -13.008772
SCALE 1.000000 1.000000 1.000000
X 0.674939 -0.655482 -0.338822
Y 0.277400 0.650909 -0.706658
Z 0.683745 0.382962 0.621155

PART 26
OFFSET 22.268720 -20.933092 -13.998863
SCALE 1.000000 1.000000 1.000000
X 0.674939 -0.655482 -0.338822
Y 0.277400 0.650909 -0.706658
Z 0.683745 0.382962 0.621155

PART 27
OFFSET 18.152417 -12.745791 -13.580259
SCALE 1.000000 1.000000 1.000000
X 0.674939 -0.655482 -0.338822
Y 0.277400 0.650909 -0.706658
Z 0.683745 0.382962 0.621155

PART 28
OFFSET 12.043301 -7.798589 -7.898317
SCALE 1.000000 1.000000 1.000000
X 0.674939 -0.655482 -0.338822
Y 0.277400 0.650909 -0.706658
Z 0.683745 0.382962 0.621155

PART 29
OFFSET 12.043301 -7.798589 -7.898317
SCALE 1.000000 1.000000 1.000000
X 0.674939 -0.655482 -0.338822
Y 0.277400 0.650909 -0.706658
Z 0.683745 0.382962 0.621155

PART 30
OFFSET 9.918516 -8.476996 -9.358048
SCALE 1.000000 1.000000 1.000000
X 0.674939 -0.655482 -0.338822
Y 0.277400 0.650909 -0.706658
Z 0.683745 0.382962 0.621155

PART 31
OFFSET 19.615500 -12.525404 -14.909829
SCALE 1.000000 1.000000 1.000000
X 0.674939 -0.655482 -0.338822
Y 0.277400 0.650909 -0.706658
Z 0.683745 0.382962 0.621155

PART 32
OFFSET 15.995900 8.028080 -11.701209
SCALE 1.000000 1.000000 1.000000
X 0.834743 -0.354913 0.420999
Y 0.292277 -0.362382 -0.885016
Z 0.466666 0.861810 -0.198763

PART 33
OFFSET 16.668171 8.747955 -12.202181
SCALE 1.000000 1.000000 1.000000
X 0.780051 -0.508286 0.364920
Y 0.082733 -0.494301 -0.865345
Z 0.620223 0.705203 -0.343528

PART 34
OFFSET 15.200954 10.273836 -14.483296
SCALE 1.000000 1.000000 1.000000
X 0.910339 -0.252752 0.327719
Y 0.114456 -0.607216 -0.786250
Z 0.397722 0.753263 -0.523843

PART 35
OFFSET 14.918368 9.721595 -14.074696
SCALE 1.000000 1.000000 1.000000
X 0.839807 -0.209978 0.500633
Y 0.338094 -0.519220 -0.784922
Z 0.424755 0.828444 -0.365053

PART 36
OFFSET 13.703953 8.801294 -14.272843
SCALE 1.000000 1.000000 1.000000
X 0.373364 -0.894892 0.244472
Y -0.905739 -0.294664 0.304646
Z -0.200588 -0.335172 -0.920556

PART 37
OFFSET 15.202802 7.231707 -12.662779
SCALE 1.000000 1.000000 1.000000
X 0.870409 -0.395692 0.292945
Y -0.129727 0.389658 0.911777
Z -0.474931 -0.831622 0.287830

PART 38
OFFSET 16.620144 8.367305 -14.191918
SCALE 1.000000 1.000000 1.000000
X 0.349294 0.819774 -0.453833
Y -0.321860 0.559839 0.763536
Z 0.880000 -0.120628 0.459401

PART 39
OFFSET 9.892640 -11.602302 -10.223595
SCALE 1.000000 1.000000 1.000000
X -0.784482 0.496226 0.371951
Y 0.035978 -0.562347 0.826118
Z 0.619107 0.661457 0.423298

PART 40
OFFSET 9.192655 -12.172031 -10.903999
SCALE 1.000000 1.000000 1.000000
X -0.345377 -0.695474 0.630103
Y 0.700112 -0.638059 -0.320505
Z 0.624946 0.330447 0.707281

PART 41
OFFSET 6.290670 -11.096540 -10.226444
SCALE 1.000000 1.000000 1.000000
X -0.603909 0.383175 0.698907
Y 0.192576 -0.780740 0.594440
Z 0.773439 0.493580 0.397706

PART 42
OFFSET 6.901807 -10.785830 -9.944954
SCALE 1.000000 1.000000 1.000000
X -0.629165 0.574554 0.523488
Y 0.113320 -0.598493 0.793073
Z 0.768967 0.558295 0.311443

PART 43
OFFSET 7.209361 -9.572332 -9.453006
SCALE 1.000000 1.000000 1.000000
X -0.805797 -0.355974 0.473259
Y 0.054627 -0.840439 -0.539147
Z 0.589667 -0.408590 0.696668

PART 44
OFFSET 3.645810 -7.987554 -6.694766
SCALE 1.000000 1.000000 1.000000
X -0.598396 0.387369 0.701333
Y -0.330893 0.677725 -0.656657
Z -0.729680 -0.625007 -0.277370

PART 45
OFFSET 18.434149 -15.297400 -11.900418
SCALE 1.000000 1.000000 1.000000
X 0.674939 -0.655482 -0.338822
Y 0.277400 0.650909 -0.706658
Z 0.683745 0.382962 0.621155

PART 46
OFFSET 17.446118 7.467128 -10.917156
SCALE 1.000000 1.000000 1.000000
X 0.743891 -0.655478 -0.130291
Y -0.253589 -0.096478 -0.962489
Z 0.618320 0.749027 -0.237991

PART 47
OFFSET 18.169438 7.798865 -11.469228
SCALE 1.000000 1.000000 1.000000
X 0.764894 -0.635520 -0.105126
Y -0.498031 -0.479947 -0.722230
Z 0.408537 0.604785 -0.683617

PART 48
OFFSET 17.193286 9.496877 -13.741986
SCALE 1.000000 1.000000 1.000000
X 0.885260 -0.351379 0.304709
Y 0.003280 -0.650419 -0.759568
Z 0.465085 0.673415 -0.574638

PART 49
OFFSET 17.155893 9.318453 -12.812729
SCALE 1.000000 1.000000 1.000000
X 0.812757 -0.407117 0.416750
Y -0.035455 -0.748563 -0.662115
Z 0.581522 0.523363 -0.622835

PART 50
OFFSET 14.393823 6.847477 -13.789911
SCALE 1.000000 1.000000 1.000000
X 0.582230 -0.745761 0.323803
Y -0.812930 -0.540058 0.217903
Z 0.012370 -0.390099 -0.920690

PART 51
OFFSET 11.305845 -12.253512 -11.010232
SCALE 1.000000 1.000000 1.000000
X -0.394370 -0.751826 0.528422
Y 0.855861 -0.509885 -0.086708
Z 0.334624 0.418061 0.844542

PART 52
OFFSET 9.856243 -10.783435 -12.128901
SCALE 1.000000 1.000000 1.000000
X 0.412973 -0.908559 -0.063044
Y 0.384843 0.236826 -0.892081
Z 0.825438 0.344144 0.447456

PART 53
OFFSET 7.840200 -12.034567 -11.743560
SCALE 1.000000 1.000000 1.000000
X -0.277064 -0.667492 0.691152
Y 0.544017 -0.701889 -0.459780
Z 0.792011 0.248610 0.557595

PART 54
OFFSET 8.424027 -12.346556 -11.371258
SCALE 1.000000 1.000000 1.000000
X -0.380228 -0.606869 0.697952
Y 0.356017 -0.792518 -0.495143
Z 0.853627 0.060216 0.517393

PART 55
OFFSET 8.950667 -8.697367 -10.495702
SCALE 1.000000 1.000000 1.000000
X -0.786993 0.220271 0.576301
Y -0.350911 -0.928100 -0.124468
Z 0.507448 -0.300186 0.807703

PART 56
OFFSET 18.308954 6.618246 -11.018379
SCALE 1.000000 1.000000 1.000000
X 0.605133 -0.734264 -0.307686
Y -0.397831 0.055872 -0.915756
Z 0.689598 0.676561 -0.258303

PART 57
OFFSET 19.307846 6.918698 -11.553688
SCALE 1.000000 1.000000 1.000000
X 0.275425 -0.826994 -0.490124
Y -0.882296 -0.015025 -0.470455
Z 0.381700 0.562010 -0.733792

PART 58
OFFSET 18.366734 9.039894 -13.342589
SCALE 1.000000 1.000000 1.000000
X 0.751211 -0.652774 0.097815
Y -0.257782 -0.426563 -0.866945
Z 0.607643 0.626044 -0.488712

PART 59
OFFSET 18.450240 8.680405 -12.133353
SCALE 1.000000 1.000000 1.000000
X 0.598009 -0.794047 -0.108974
Y -0.538185 -0.297070 -0.788737
Z 0.593922 0.530320 -0.604994

PART 60
OFFSET 15.091072 5.548535 -13.352642
SCALE 1.000000 1.000000 1.000000
X 0.010237 -0.976519 0.215186
Y -0.994063 0.013374 0.107981
Z -0.108324 -0.215014 -0.970585

PART 61
OFFSET 11.754602 -11.277256 -11.580914
SCALE 1.000000 1.000000 1.000000
X -0.048945 -0.932083 0.358924
Y 0.944791 -0.159775 -0.286080
Z 0.323997 0.325106 0.888444

PART 62
OFFSET 9.221960 -9.468479 -11.986986
SCALE 1.000000 1.000000 1.000000
X 0.549271 -0.295480 -0.781660
Y -0.185434 0.868979 -0.458791
Z 0.814810 0.396947 0.422514

PART 63
OFFSET 8.223032 -11.119372 -12.701550
SCALE 1.000000 1.000000 1.000000
X 0.001898 -0.992794 0.119815
Y 0.703118 -0.083872 -0.706109
Z 0.711070 0.085584 0.697893

PART 64
OFFSET 9.077663 -11.304903 -12.559202
SCALE 1.000000 1.000000 1.000000
X 0.146778 -0.980416 -0.131306
Y 0.522650 0.189569 -0.831204
Z 0.839817 0.053375 0.540239

PART 65
OFFSET 9.997931 -9.332875 -11.423843
SCALE 1.000000 1.000000 1.000000
X -0.327892 0.805153 0.494182
Y -0.825926 -0.498259 0.263789
Z 0.458621 -0.321663 0.828372

PART 66
OFFSET 18.992467 5.788898 -11.365864
SCALE 1.000000 1.000000 1.000000
X 0.356643 0.379327 0.853766
Y -0.782575 0.620444 0.051242
Z -0.510277 -0.686411 0.518129

PART 67
OFFSET 19.623112 5.986055 -12.113654
SCALE 1.000000 1.000000 1.000000
X 0.326150 0.605274 0.726133
Y -0.822324 0.560537 -0.097885
Z -0.466272 -0.565191 0.680551

PART 68
OFFSET 19.023049 8.473402 -13.254074
SCALE 1.000000 1.000000 1.000000
X 0.132986 -0.822580 -0.552881
Y -0.703272 0.314751 -0.637448
Z 0.698372 0.473597 -0.536640

PART 69
OFFSET 19.322948 7.634849 -12.212241
SCALE 1.000000 1.000000 1.000000
X 0.291836 -0.793220 -0.534447
Y -0.810695 0.091371 -0.578294
Z 0.507548 0.602041 -0.616395

PART 70
OFFSET 15.080259 4.482900 -13.162542
SCALE 1.000000 1.000000 1.000000
X -0.127748 -0.579985 0.804548
Y 0.373755 0.723239 0.580717
Z -0.918688 0.374890 0.124380

PART 71
OFFSET 11.809935 -10.224505 -11.986297
SCALE 1.000000 1.000000 1.000000
X -0.745395 0.539198 0.391986
Y 0.285675 0.789658 -0.542983
Z -0.602310 -0.292756 -0.742642

PART 72
OFFSET 8.593985 -9.136039 -11.104978
SCALE 1.000000 1.000000 1.000000
X -0.358236 -0.355353 0.863360
Y -0.434729 0.881858 0.182584
Z -0.826243 -0.309919 -0.470395

PART 73
OFFSET 8.220582 -10.233587 -12.806800
SCALE 1.000000 1.000000 1.000000
X 0.476739 -0.566634 -0.672046
Y 0.424789 0.817830 -0.388213
Z 0.769594 -0.100401 0.630591

PART 74
OFFSET 8.840987 -9.946550 -12.354115
SCALE 1.000000 1.000000 1.000000
X 0.589194 -0.446764 -0.673240
Y 0.146507 0.878486 -0.454750
Z 0.794599 0.169301 0.583052

PART 75
OFFSET 10.345601 -10.180409 -12.000648
SCALE 1.000000 1.000000 1.000000
X -0.706867 0.698274 -0.112927
Y 0.088048 -0.071548 -0.993543
Z -0.701845 -0.712246 -0.010906

PART 76
OFFSET 19.149389 7.691930 -13.779324
SCALE 1.000000 1.000000 1.000000
X 0.237951 0.362546 0.901077
Y -0.528524 0.826678 -0.193043
Z -0.814887 -0.430307 0.388323

PART 77
OFFSET 19.639466 6.774634 -12.791811
SCALE 1.000000 1.000000 1.000000
X 0.251202 0.629984 0.734859
Y -0.851788 0.504471 -0.141303
Z -0.459734 -0.590448 0.663337

PART 78
OFFSET 7.767652 -9.695265 -12.168342
SCALE 1.000000 1.000000 1.000000
X -0.743312 -0.065319 0.665748
Y 0.110850 0.969435 0.218879
Z -0.659697 0.236494 -0.713352

PART 79
OFFSET 8.202017 -9.461971 -11.623977
SCALE 1.000000 1.000000 1.000000
X -0.523543 -0.126584 0.842544
Y -0.250830 0.967975 -0.010433
Z -0.814241 -0.216797 -0.538527

PART 80
OFFSET 0.000000 0.000000 0.000000
SCALE 1.000000 1.000000 1.000000
X 1.000000 0.000000 0.000000
Y 0.000000 1.000000 0.000000
Z 0.000000 0.000000 1.000000

PART 81
OFFSET 0.000000 0.000000 0.000000
SCALE 1.000000 1.000000 1.000000
X 1.000000 0.000000 0.000000
Y 0.000000 1.000000 0.000000
Z 0.000000 0.000000 1.000000

PART 82
OFFSET 1.540549 0.000001 4.135845
SCALE 1.000000 1.000000 1.000000
X 1.000000 0.000000 0.000000
Y 0.000000 1.000000 0.000000
Z 0.000000 0.000000 1.000000

PART 83
OFFSET -4.631835 0.000000 -1.376957
SCALE 1.000000 1.000000 1.000000
X 1.000000 0.000000 0.000000
Y 0.000000 1.000000 0.000000
Z 0.000000 0.000000 1.000000

FRAME 1
PART 0
OFFSET 0.000000 0.000000 0.000000
SCALE 1.000000 1.000000 1.000000
X 1.000000 0.000000 0.000000
Y 0.000000 1.000000 0.000000
Z 0.000000 0.000000 1.000000

PART 1
OFFSET 4.957199 1.965369 -10.673616
SCALE 1.000000 1.000000 1.000000
X 0.048414 0.994133 -0.096724
Y 0.491717 -0.108012 -0.864030
Z -0.869408 -0.005730 -0.494061

PART 2
OFFSET -1.649983 -7.245388 -0.546157
SCALE 1.000000 1.000000 1.000000
X 0.122893 0.160297 0.979389
Y -0.657481 -0.726073 0.201337
Z 0.743382 -0.668672 0.016163

PART 3
OFFSET 9.861993 -8.833775 -10.670989
SCALE 1.000000 1.000000 1.000000
X 0.746085 -0.636335 -0.196048
Y 0.378331 0.647415 -0.661604
Z 0.547925 0.419442 0.723772

PART 4
OFFSET 13.745596 17.667068 -17.903065
SCALE 1.000000 1.000000 1.000000
X 0.998737 0.041892 -0.027740
Y 0.021387 0.145113 0.989184
Z 0.045465 -0.988528 0.144033

PART 5
OFFSET 5.407481 16.027381 -11.717500
SCALE 1.000000 1.000000 1.000000
X 0.835919 -0.540376 -0.096093
Y -0.500811 -0.822602 0.269284
Z -0.224561 -0.176975 -0.958255

PART 6
OFFSET -3.638805 -9.798916 -14.392237
SCALE 1.000000 1.000000 1.000000
X -0.903536 -0.041455 -0.426503
Y 0.428276 -0.054263 -0.902017
Z 0.014250 -0.997666 0.066783

PART 7
OFFSET 9.861993 -8.833775 -10.670989
SCALE 1.000000 1.000000 1.000000
X 0.746085 -0.636335 -0.196048
Y 0.378331 0.647415 -0.661604
Z 0.547925 0.419442 0.723772

PART 8
OFFSET 14.415263 11.703915 -12.094110
SCALE 1.000000 1.000000 1.000000
X 0.839504 -0.534967 -0.095095
Y 0.229375 0.190269 0.954560
Z -0.492565 -0.823169 0.282439

PART 9
OFFSET 13.829862 11.786831 -13.670211
SCALE 1.000000 1.000000 1.000000
X 0.839504 -0.534967 -0.095095
Y 0.229375 0.190269 0.954560
Z -0.492565 -0.823169 0.282439

PART 10
OFFSET 13.557522 9.311810 -11.566574
SCALE 1.000000 1.000000 1.000000
X 0.839504 -0.534967 -0.095095
Y 0.229375 0.190269 0.954560
Z -0.492565 -0.823169 0.282439

PART 11
OFFSET 13.068697 8.953613 -12.768341
SCALE 1.000000 1.000000 1.000000
X 0.839504 -0.534967 -0.095095
Y 0.229375 0.190269 0.954560
Z -0.492565 -0.823169 0.282439

PART 12
OFFSET 13.091997 9.843115 -13.570792
SCALE 1.000000 1.000000 1.000000
X 0.839504 -0.534967 -0.095095
Y 0.229375 0.190269 0.954560
Z -0.492565 -0.823169 0.282439

PART 13
OFFSET 15.001157 9.908322 -13.139740
SCALE 1.000000 1.000000 1.000000
X 0.639371 -0.436287 0.633134
Y -0.618933 -0.780596 0.087129
Z 0.456209 -0.447576 -0.769122

PART 14
OFFSET 12.517403 11.430733 -12.534181
SCALE 1.000000 1.000000 1.000000
X 0.835919 -0.540376 -0.096093
Y -0.500811 -0.822602 0.269284
Z -0.224561 -0.176975 -0.958255

PART 15
OFFSET 5.158475 -10.070662 -8.554632
SCALE 1.000000 1.000000 1.000000
X -0.906114 -0.038417 -0.421285
Y -0.017856 0.998454 -0.052644
Z 0.422656 -0.040179 -0.905399

PART 16
OFFSET 4.957195 -8.741407 -8.490866
SCALE 1.000000 1.000000 1.000000
X -0.906114 -0.038417 -0.421285
Y -0.017856 0.998454 -0.052644
Z 0.422656 -0.040179 -0.905399

PART 17
OFFSET 5.012456 -8.204493 -9.560625
SCALE 1.000000 1.000000 1.000000
X -0.906114 -0.038417 -0.421285
Y -0.017856 0.998454 -0.052644
Z 0.422656 -0.040179 -0.905399

PART 18
OFFSET 7.007826 -8.984666 -9.200931
SCALE 1.000000 1.000000 1.000000
X -0.863496 0.430991 0.261957
Y -0.502532 -0.691089 -0.519479
Z -0.042856 -0.580209 0.813339

PART 19
OFFSET 4.048634 -9.445373 -10.763198
SCALE 1.000000 1.000000 1.000000
X -0.903536 -0.041455 -0.426503
Y 0.428276 -0.054263 -0.902017
Z 0.014250 -0.997666 0.066783

PART 20
OFFSET 21.047526 -14.792436 -10.104734
SCALE 1.000000 1.000000 1.000000
X 0.746085 -0.636335 -0.196048
Y 0.378331 0.647415 -0.661604
Z 0.547925 0.419442 0.723772

PART 21
OFFSET 14.869382 -9.529056 -8.477871
SCALE 1.000000 1.000000 1.000000
X 0.746085 -0.636335 -0.196048
Y 0.378331 0.647415 -0.661604
Z 0.547925 0.419442 0.723772

PART 22
OFFSET 19.521465 -13.856802 -9.515702
SCALE 1.000000 1.000000 1.000000
X -0.053780 -0.351059 0.934808
Y 0.746085 -0.636335 -0.196048
Z 0.663675 0.686903 0.296142

PART 23
OFFSET 26.536813 -19.474237 -11.547144
SCALE 1.000000 1.000000 1.000000
X 0.746085 -0.636335 -0.196048
Y 0.378331 0.647415 -0.661604
Z 0.547925 0.419442 0.723772

PART 24
OFFSET 9.861993 -8.833775 -10.670989
SCALE 1.000000 1.000000 1.000000
X 0.746085 -0.636335 -0.196048
Y 0.378331 0.647415 -0.661604
Z 0.547925 0.419442 0.723772

PART 25
OFFSET 21.634796 -15.293317 -10.259050
SCALE 1.000000 1.000000 1.000000
X 0.746085 -0.636335 -0.196048
Y 0.378331 0.647415 -0.661604
Z 0.547925 0.419442 0.723772

PART 26
OFFSET 23.878094 -19.301545 -10.779666
SCALE 1.000000 1.000000 1.000000
X 0.746085 -0.636335 -0.196048
Y 0.378331 0.647415 -0.661604
Z 0.547925 0.419442 0.723772

PART 27
OFFSET 19.486090 -11.265319 -11.309248
SCALE 1.000000 1.000000 1.000000
X 0.746085 -0.636335 -0.196048
Y 0.378331 0.647415 -0.661604
Z 0.547925 0.419442 0.723772

PART 28
OFFSET 12.295299 -6.441837 -6.938081
SCALE 1.000000 1.000000 1.000000
X 0.746085 -0.636335 -0.196048
Y 0.378331 0.647415 -0.661604
Z 0.547925 0.419442 0.723772

PART 29
OFFSET 12.295299 -6.441837 -6.938081
SCALE 1.000000 1.000000 1.000000
X 0.746085 -0.636335 -0.196048
Y 0.378331 0.647415 -0.661604
Z 0.547925 0.419442 0.723772

PART 30
OFFSET 10.491117 -7.225274 -8.737224
SCALE 1.000000 1.000000 1.000000
X 0.746085 -0.636335 -0.196048
Y 0.378331 0.647415 -0.661604
Z 0.547925 0.419442 0.723772

PART 31
OFFSET 21.156309 -11.015922 -12.360488
SCALE 1.000000 1.000000 1.000000
X 0.746085 -0.636335 -0.196048
Y 0.378331 0.647415 -0.661604
Z 0.547925 0.419442 0.723772

PART 32
OFFSET 16.833957 7.798851 -10.314943
SCALE 1.000000 1.000000 1.000000
X 0.761417 -0.370888 0.531682
Y 0.463987 -0.260980 -0.846525
Z 0.452725 0.891253 -0.026627

PART 33
OFFSET 17.519984 8.606334 -10.637814
SCALE 1.000000 1.000000 1.000000
X 0.749519 -0.491870 0.443041
Y 0.258624 -0.398500 -0.879950
Z 0.609373 0.774120 -0.171474

PART 34
OFFSET 16.270426 10.316773 -12.916085
SCALE 1.000000 1.000000 1.000000
X 0.874104 -0.233970 0.425676
Y 0.264072 -0.506631 -0.820726
Z 0.407686 0.829809 -0.381063

PART 35
OFFSET 15.975172 9.709441 -12.610952
SCALE 1.000000 1.000000 1.000000
X 0.779049 -0.229593 0.583412
Y 0.469737 -0.402564 -0.785677
Z 0.415247 0.886132 -0.205769

PART 36
OFFSET 14.850446 8.758735 -13.080587
SCALE 1.000000 1.000000 1.000000
X 0.359155 -0.914552 0.186018
Y -0.931012 -0.337215 0.139650
Z -0.064989 -0.223341 -0.972571

PART 37
OFFSET 16.233959 7.084075 -11.461893
SCALE 1.000000 1.000000 1.000000
X 0.848121 -0.384001 0.365013
Y -0.274592 0.270599 0.922700
Z -0.453090 -0.882791 0.124057

PART 38
OFFSET 17.763371 8.464098 -12.642204
SCALE 1.000000 1.000000 1.000000
X 0.351579 0.884668 -0.306194
Y -0.456196 0.447515 0.769166
Z 0.817483 -0.130738 0.560918

PART 39
OFFSET 10.711399 -10.363584 -9.498482
SCALE 1.000000 1.000000 1.000000
X -0.854513 0.473696 0.213119
Y -0.094630 -0.545397 0.832819
Z 0.510737 0.691487 0.510874

PART 40
OFFSET 10.164354 -10.971118 -10.278971
SCALE 1.000000 1.000000 1.000000
X -0.429921 -0.696067 0.575029
Y 0.766992 -0.617578 -0.174129
Z 0.476331 0.366181 0.799388

PART 41
OFFSET 7.153968 -9.991129 -10.158731
SCALE 1.000000 1.000000 1.000000
X -0.732043 0.373394 0.569815
Y 0.108194 -0.762079 0.638380
Z 0.672612 0.528972 0.517476

PART 42
OFFSET 7.693939 -9.652984 -9.780106
SCALE 1.000000 1.000000 1.000000
X -0.731642 0.560466 0.388043
Y -0.011457 -0.579267 0.815057
Z 0.681592 0.591885 0.430238

PART 43
OFFSET 7.867818 -8.420154 -9.271113
SCALE 1.000000 1.000000 1.000000
X -0.865576 -0.376709 0.329954
Y 0.178377 -0.847597 -0.499762
Z 0.467932 -0.373725 0.800855

PART 44
OFFSET 3.816066 -6.917554 -7.235478
SCALE 1.000000 1.000000 1.000000
X -0.727201 0.377834 0.573079
Y -0.229592 0.652908 -0.721802
Z -0.646890 -0.656470 -0.388048

PART 45
OFFSET 19.545131 -13.773038 -9.542949
SCALE 1.000000 1.000000 1.000000
X 0.746085 -0.636335 -0.196048
Y 0.378331 0.647415 -0.661604
Z 0.547925 0.419442 0.723772

PART 46
OFFSET 18.124416 7.225926 -9.315023
SCALE 1.000000 1.000000 1.000000
X 0.801453 -0.597395 0.028162
Y -0.004397 -0.052974 -0.998586
Z 0.598042 0.800196 -0.045083

PART 47
OFFSET 18.951931 7.689091 -9.751590
SCALE 1.000000 1.000000 1.000000
X 0.829123 -0.559066 0.000475
Y -0.308990 -0.458955 -0.832998
Z 0.465918 0.690511 -0.553276

PART 48
OFFSET 18.201873 9.571526 -11.993194
SCALE 1.000000 1.000000 1.000000
X 0.849625 -0.300112 0.433671
Y 0.198859 -0.579300 -0.790485
Z 0.488459 0.757855 -0.432508

PART 49
OFFSET 18.049637 9.261788 -11.109105
SCALE 1.000000 1.000000 1.000000
X 0.769347 -0.412564 0.487746
Y 0.109108 -0.667419 -0.736646
Z 0.629445 0.619953 -0.468463

PART 50
OFFSET 15.511550 6.777236 -12.743817
SCALE 1.000000 1.000000 1.000000
X 0.520150 -0.798774 0.302332
Y -0.842851 -0.537278 0.030580
Z 0.138010 -0.270727 -0.952712

PART 51
OFFSET 12.263720 -10.976550 -10.003055
SCALE 1.000000 1.000000 1.000000
X -0.457944 -0.756043 0.467639
Y 0.873848 -0.479481 0.080543
Z 0.163330 0.445530 0.880242

PART 52
OFFSET 10.991218 -9.581689 -11.399114
SCALE 1.000000 1.000000 1.000000
X 0.447318 -0.893715 0.034344
Y 0.530958 0.234459 -0.814317
Z 0.719716 0.382494 0.579403

PART 53
OFFSET 8.981123 -10.899035 -11.350280
SCALE 1.000000 1.000000 1.000000
X -0.374657 -0.664471 0.646615
Y 0.640675 -0.689662 -0.337493
Z 0.670200 0.287826 0.684097

PART 54
OFFSET 9.498453 -11.182409 -10.871873
SCALE 1.000000 1.000000 1.000000
X -0.479306 -0.607577 0.633336
Y 0.465190 -0.787796 -0.403701
Z 0.744220 0.101126 0.660235

PART 55
OFFSET 9.738413 -7.500838 -10.006406
SCALE 1.000000 1.000000 1.000000
X -0.884625 0.201630 0.420456
Y -0.292002 -0.942534 -0.162369
Z 0.363556 -0.266410 0.892666

PART 56
OFFSET 19.049788 6.447591 -9.219836
SCALE 1.000000 1.000000 1.000000
X 0.727785 -0.669964 -0.146553
Y -0.140490 0.063518 -0.988043
Z 0.671262 0.739671 -0.047896

PART 57
OFFSET 20.165567 6.925465 -9.662826
SCALE 1.000000 1.000000 1.000000
X 0.462661 -0.761614 -0.453751
Y -0.759012 -0.075824 -0.646647
Z 0.458090 0.643580 -0.613154

PART 58
OFFSET 19.326633 9.183137 -11.423299
SCALE 1.000000 1.000000 1.000000
X 0.785795 -0.587259 0.194044
Y -0.052438 -0.375870 -0.925188
Z 0.616260 0.716832 -0.326151

PART 59
OFFSET 19.263541 8.616795 -10.320975
SCALE 1.000000 1.000000 1.000000
X 0.674940 -0.734340 -0.072118
Y -0.374364 -0.256571 -0.891080
Z 0.635852 0.628423 -0.448080

PART 60
OFFSET 16.132929 5.414694 -12.366635
SCALE 1.000000 1.000000 1.000000
X -0.008895 -0.991596 0.129070
Y -0.999429 0.004608 -0.033469
Z 0.032593 -0.129294 -0.991071

PART 61
OFFSET 12.775331 -9.995036 -10.508053
SCALE 1.000000 1.000000 1.000000
X -0.081915 -0.926516 0.367229
Y 0.985581 -0.130043 -0.108253
Z 0.148054 0.353067 0.923810

PART 62
OFFSET 10.298732 -8.288635 -11.405534
SCALE 1.000000 1.000000 1.000000
X 0.690316 -0.289307 -0.663148
Y -0.128473 0.852992 -0.505865
Z 0.712010 0.434404 0.551666

PART 63
OFFSET 9.499576 -9.988063 -12.246506
SCALE 1.000000 1.000000 1.000000
X 0.013069 -0.989686 0.142658
Y 0.821003 -0.070819 -0.566514
Z 0.570774 0.124526 0.811610

PART 64
OFFSET 10.320326 -10.139319 -11.948896
SCALE 1.000000 1.000000 1.000000
X 0.200250 -0.976580 -0.078691
Y 0.657052 0.193439 -0.728604
Z 0.726762 0.094199 0.680399

PART 65
OFFSET 10.955887 -8.114207 -10.716064
SCALE 1.000000 1.000000 1.000000
X -0.437787 0.801439 0.407477
Y -0.843006 -0.523456 0.123837
Z 0.312544 -0.289291 0.904780

PART 66
OFFSET 19.871823 5.690869 -9.385318
SCALE 1.000000 1.000000 1.000000
X 0.079302 0.369303 0.925919
Y -0.819064 0.553572 -0.150642
Z -0.568195 -0.746441 0.346382

PART 67
OFFSET 20.693345 6.067490 -10.180618
SCALE 1.000000 1.000000 1.000000
X 0.098691 0.588410 0.802517
Y -0.842882 0.478111 -0.246899
Z -0.528970 -0.652061 0.543145

PART 68
OFFSET 20.007484 8.678001 -11.250517
SCALE 1.000000 1.000000 1.000000
X 0.342292 -0.764582 -0.546123
Y -0.595310 0.273210 -0.755620
Z 0.726940 0.583755 -0.361646

PART 69
OFFSET 20.227274 7.657491 -10.327675
SCALE 1.000000 1.000000 1.000000
X 0.469380 -0.716366 -0.516238
Y -0.696472 0.059017 -0.715152
Z 0.542778 0.695224 -0.471228

PART 70
OFFSET 16.107787 4.336530 -12.273009
SCALE 1.000000 1.000000 1.000000
X -0.233493 -0.647983 0.724983
Y 0.279364 0.669452 0.688324
Z -0.931363 0.363253 0.024711

PART 71
OFFSET 12.867899 -8.948570 -10.922808
SCALE 1.000000 1.000000 1.000000
X -0.821105 0.518439 0.238763
Y 0.352451 0.789568 -0.502356
Z -0.448961 -0.328335 -0.831042

PART 72
OFFSET 9.511776 -7.963461 -10.658696
SCALE 1.000000 1.000000 1.000000
X -0.495723 -0.352431 0.793757
Y -0.489321 0.868427 0.079990
Z -0.717512 -0.348749 -0.602952

PART 73
OFFSET 9.486876 -9.105049 -12.372301
SCALE 1.000000 1.000000 1.000000
X 0.608237 -0.560895 -0.561645
Y 0.460461 0.825682 -0.325920
Z 0.646547 -0.060379 0.760481

PART 74
OFFSET 10.005962 -8.787084 -11.823054
SCALE 1.000000 1.000000 1.000000
X 0.715056 -0.437005 -0.545639
Y 0.196834 0.874806 -0.442686
Z 0.670784 0.209145 0.711552

PART 75
OFFSET 11.429374 -8.958777 -11.200216
SCALE 1.000000 1.000000 1.000000
X -0.697679 0.669546 -0.254858
Y 0.267583 -0.086457 -0.959648
Z -0.664563 -0.737722 -0.118840

PART 76
OFFSET 20.332670 7.951628 -11.769346
SCALE 1.000000 1.000000 1.000000
X 0.005959 0.328217 0.944584
Y -0.578121 0.771871 -0.264557
Z -0.815929 -0.544507 0.194349

PART 77
OFFSET 20.736326 6.880623 -10.887492
SCALE 1.000000 1.000000 1.000000
X 0.042436 0.590519 0.805907
Y -0.861548 0.430073 -0.269765
Z -0.505900 -0.682880 0.527011

PART 78
OFFSET 8.909021 -8.572180 -11.838728
SCALE 1.000000 1.000000 1.000000
X -0.848341 -0.080467 0.523299
Y 0.037650 0.976713 0.211223
Z -0.528110 0.198891 -0.825556

PART 79
OFFSET 9.230491 -8.313089 -11.231300
SCALE 1.000000 1.000000 1.000000
X -0.662045 -0.130333 0.738045
Y -0.276651 0.957715 -0.079038
Z -0.696535 -0.256508 -0.670107

PART 80
OFFSET 0.000000 0.000000 0.000000
SCALE 1.000000 1.000000 1.000000
X 1.000000 0.000000 0.000000
Y 0.000000 1.000000 0.000000
Z 0.000000 0.000000 1.000000

PART 81
OFFSET 0.000000 0.000000 0.000000
SCALE 1.000000 1.000000 1.000000
X 0.999994 0.002377 -0.002444
Y -0.002383 0.999994 -0.002469
Z 0.002438 0.002475 0.999994

PART 82
OFFSET 1.550625 0.013899 4.132055
SCALE 1.000000 1.000000 1.000000
X 0.999994 0.002377 -0.002444
Y -0.002383 0.999994 -0.002469
Z 0.002438 0.002475 0.999994

PART 83
OFFSET -4.635165 -0.014419 -1.365627
SCALE 1.000000 1.000000 1.000000
X 0.999994 0.002377 -0.002444
Y -0.002383 0.999994 -0.002469
Z 0.002438 0.002475 0.999994

FRAME 2
PART 0
OFFSET 0.000000 0.000000 0.000000
SCALE 1.000000 1.000000 1.000000
X 1.000000 0.000000 0.000000
Y 0.000000 1.000000 0.000000
Z 0.000000 0.000000 1.000000

PART 1
OFFSET 3.920085 2.431168 -10.574908
SCALE 1.000000 1.000000 1.000000
X 0.208339 0.945346 -0.250830
Y 0.647869 -0.325513 -0.688699
Z -0.732707 -0.019023 -0.680278

PART 2
OFFSET -1.821486 -7.184695 -0.321955
SCALE 1.000000 1.000000 1.000000
X 0.080286 0.181340 0.980138
Y -0.590778 -0.783332 0.193320
Z 0.802830 -0.594565 0.044241

PART 3
OFFSET 10.433724 -7.893517 -10.077176
SCALE 1.000000 1.000000 1.000000
X 0.813579 -0.574155 -0.091849
Y 0.452148 0.724026 -0.520910
Z 0.365584 0.382272 0.848656

PART 4
OFFSET 13.745596 17.667068 -17.903065
SCALE 1.000000 1.000000 1.000000
X 0.998737 0.041892 -0.027740
Y 0.021387 0.145113 0.989184
Z 0.045465 -0.988528 0.144033

PART 5
OFFSET 6.475577 15.732453 -13.851825
SCALE 1.000000 1.000000 1.000000
X 0.806485 -0.558365 0.194450
Y -0.591101 -0.753933 0.286677
Z -0.013468 -0.346140 -0.938086

PART 6
OFFSET -3.216148 -10.029645 -14.079834
SCALE 1.000000 1.000000 1.000000
X -0.907278 -0.119418 -0.403220
Y 0.409636 -0.034107 -0.911611
Z 0.095110 -0.992258 0.079863

PART 7
OFFSET 10.433724 -7.893517 -10.077176
SCALE 1.000000 1.000000 1.000000
X 0.813579 -0.574155 -0.091849
Y 0.452148 0.724026 -0.520910
Z 0.365584 0.382272 0.848656

PART 8
OFFSET 15.097953 11.310032 -11.387855
SCALE 1.000000 1.000000 1.000000
X 0.810036 -0.552906 0.195284
Y 0.019682 0.358482 0.933329
Z -0.586049 -0.752187 0.301265

PART 9
OFFSET 14.885292 11.110889 -13.045800
SCALE 1.000000 1.000000 1.000000
X 0.810036 -0.552906 0.195284
Y 0.019682 0.358482 0.933329
Z -0.586049 -0.752187 0.301265

PART 10
OFFSET 14.018795 9.064176 -10.661406
SCALE 1.000000 1.000000 1.000000
X 0.810036 -0.552906 0.195284
Y 0.019682 0.358482 0.933329
Z -0.586049 -0.752187 0.301265

PART 11
OFFSET 13.793061 8.498488 -11.861631
SCALE 1.000000 1.000000 1.000000
X 0.810036 -0.552906 0.195284
Y 0.019682 0.358482 0.933329
Z -0.586049 -0.752187 0.301265

PART 12
OFFSET 14.042281 9.226450 -12.780133
SCALE 1.000000 1.000000 1.000000
X 0.810036 -0.552906 0.195284
Y 0.019682 0.358482 0.933329
Z -0.586049 -0.752187 0.301265

PART 13
OFFSET 15.782337 9.332977 -11.852799
SCALE 1.000000 1.000000 1.000000
X 0.603908 -0.438612 0.665518
Y -0.589256 -0.807943 0.002228
Z 0.536724 -0.393506 -0.746378

PART 14
OFFSET 13.334980 10.982923 -12.197229
SCALE 1.000000 1.000000 1.000000
X 0.806485 -0.558365 0.194450
Y -0.591101 -0.753933 0.286677
Z -0.013468 -0.346140 -0.938086

PART 15
OFFSET 5.711379 -9.514106 -8.460484
SCALE 1.000000 1.000000 1.000000
X -0.909965 -0.116513 -0.397981
Y -0.098430 0.992976 -0.065650
Z 0.402835 -0.020566 -0.915042

PART 16
OFFSET 5.406629 -8.204129 -8.409656
SCALE 1.000000 1.000000 1.000000
X -0.909965 -0.116513 -0.397981
Y -0.098430 0.992976 -0.065650
Z 0.402835 -0.020566 -0.915042

PART 17
OFFSET 5.393542 -7.681097 -9.487609
SCALE 1.000000 1.000000 1.000000
X -0.909965 -0.116513 -0.397981
Y -0.098430 0.992976 -0.065650
Z 0.402835 -0.020566 -0.915042

PART 18
OFFSET 7.374700 -8.330194 -9.213126
SCALE 1.000000 1.000000 1.000000
X -0.926774 0.357153 0.116323
Y -0.340675 -0.668799 -0.660793
Z -0.158208 -0.652035 0.741499

PART 19
OFFSET 4.503068 -9.012781 -10.648898
SCALE 1.000000 1.000000 1.000000
X -0.907278 -0.119418 -0.403220
Y 0.409636 -0.034107 -0.911611
Z 0.095110 -0.992258 0.079863

PART 20
OFFSET 21.694351 -13.254581 -7.753446
SCALE 1.000000 1.000000 1.000000
X 0.813579 -0.574155 -0.091849
Y 0.452148 0.724026 -0.520910
Z 0.365584 0.382272 0.848656

PART 21
OFFSET 14.957071 -8.506374 -6.989966
SCALE 1.000000 1.000000 1.000000
X 0.813579 -0.574155 -0.091849
Y 0.452148 0.724026 -0.520910
Z 0.365584 0.382272 0.848656

PART 22
OFFSET 20.019967 -12.460979 -7.410130
SCALE 1.000000 1.000000 1.000000
X -0.208860 -0.435992 0.875379
Y 0.813579 -0.574155 -0.091849
Z 0.542648 0.693006 0.474632

PART 23
OFFSET 27.680216 -17.478895 -8.429219
SCALE 1.000000 1.000000 1.000000
X 0.813579 -0.574155 -0.091849
Y 0.452148 0.724026 -0.520910
Z 0.365584 0.382272 0.848656

PART 24
OFFSET 10.433724 -7.893517 -10.077176
SCALE 1.000000 1.000000 1.000000
X 0.813579 -0.574155 -0.091849
Y 0.452148 0.724026 -0.520910
Z 0.365584 0.382272 0.848656

PART 25
OFFSET 22.334747 -13.706518 -7.825743
SCALE 1.000000 1.000000 1.000000
X 0.813579 -0.574155 -0.091849
Y 0.452148 0.724026 -0.520910
Z 0.365584 0.382272 0.848656

PART 26
OFFSET 24.917699 -17.522322 -8.196302
SCALE 1.000000 1.000000 1.000000
X 0.813579 -0.574155 -0.091849
Y 0.452148 0.724026 -0.520910
Z 0.365584 0.382272 0.848656

PART 27
OFFSET 20.147731 -9.724824 -8.969289
SCALE 1.000000 1.000000 1.000000
X 0.813579 -0.574155 -0.091849
Y 0.452148 0.724026 -0.520910
Z 0.365584 0.382272 0.848656

PART 28
OFFSET 11.918703 -5.716156 -5.760826
SCALE 1.000000 1.000000 1.000000
X 0.813579 -0.574155 -0.091849
Y 0.452148 0.724026 -0.520910
Z 0.365584 0.382272 0.848656

PART 29
OFFSET 11.918703 -5.716156 -5.760826
SCALE 1.000000 1.000000 1.000000
X 0.813579 -0.574155 -0.091849
Y 0.452148 0.724026 -0.520910
Z 0.365584 0.382272 0.848656

PART 30
OFFSET 10.558776 -6.432960 -7.938566
SCALE 1.000000 1.000000 1.000000
X 0.813579 -0.574155 -0.091849
Y 0.452148 0.724026 -0.520910
Z 0.365584 0.382272 0.848656

PART 31
OFFSET 21.967949 -9.290556 -9.643940
SCALE 1.000000 1.000000 1.000000
X 0.813579 -0.574155 -0.091849
Y 0.452148 0.724026 -0.520910
Z 0.365584 0.382272 0.848656

PART 32
OFFSET 17.464353 7.173168 -8.975003
SCALE 1.000000 1.000000 1.000000
X 0.700155 -0.373969 0.608219
Y 0.568581 -0.223207 -0.791766
Z 0.431855 0.900181 0.056353

PART 33
OFFSET 18.140684 8.021453 -9.208311
SCALE 1.000000 1.000000 1.000000
X 0.721740 -0.467859 0.510097
Y 0.371131 -0.360486 -0.855752
Z 0.584254 0.806943 -0.086540

PART 34
OFFSET 17.007897 9.779633 -11.510291
SCALE 1.000000 1.000000 1.000000
X 0.845292 -0.207530 0.492355
Y 0.358873 -0.462168 -0.810932
Z 0.395843 0.862167 -0.316190

PART 35
OFFSET 16.716959 9.150950 -11.252171
SCALE 1.000000 1.000000 1.000000
X 0.739240 -0.227589 0.633820
Y 0.547044 -0.345975 -0.762262
Z 0.392768 0.910222 -0.131257

PART 36
OFFSET 15.668671 8.177001 -11.856926
SCALE 1.000000 1.000000 1.000000
X 0.351854 -0.920786 0.168381
Y -0.935918 -0.349140 0.046464
Z 0.016006 -0.173940 -0.984626

PART 37
OFFSET 16.996095 6.487121 -10.197734
SCALE 1.000000 1.000000 1.000000
X 0.831402 -0.365867 0.418225
Y -0.360713 0.217159 0.907044
Z -0.422678 -0.904977 0.048574

PART 38
OFFSET 18.555107 7.979582 -11.187050
SCALE 1.000000 1.000000 1.000000
X 0.336420 0.911056 -0.238323
Y -0.536712 0.393444 0.746420
Z 0.773797 -0.123200 0.621337

PART 39
OFFSET 11.155133 -9.468820 -8.869224
SCALE 1.000000 1.000000 1.000000
X -0.911573 0.404482 0.073684
Y -0.215156 -0.622037 0.752847
Z 0.350347 0.670421 0.654059

PART 40
OFFSET 10.815640 -10.033686 -9.787477
SCALE 1.000000 1.000000 1.000000
X -0.482142 -0.767493 0.422484
Y 0.828761 -0.555919 -0.064105
Z 0.284067 0.319231 0.904100

PART 41
OFFSET 7.776605 -9.237369 -10.196598
SCALE 1.000000 1.000000 1.000000
X -0.853891 0.279684 0.438915
Y 0.036716 -0.808862 0.586852
Z 0.519154 0.517223 0.680411

PART 42
OFFSET 8.206781 -8.904885 -9.692938
SCALE 1.000000 1.000000 1.000000
X -0.831656 0.481981 0.275759
Y -0.127892 -0.649506 0.749524
Z 0.540363 0.588078 0.601807

PART 43
OFFSET 8.188875 -7.714702 -9.066586
SCALE 1.000000 1.000000 1.000000
X -0.883716 -0.452251 0.120478
Y 0.332886 -0.788317 -0.517440
Z 0.328988 -0.417164 0.847196

PART 44
OFFSET 3.720890 -6.627731 -7.772787
SCALE 1.000000 1.000000 1.000000
X -0.850113 0.284078 0.443405
Y -0.131363 0.700994 -0.700964
Z -0.509953 -0.654146 -0.558607

PART 45
OFFSET 20.042408 -12.373932 -7.425565
SCALE 1.000000 1.000000 1.000000
X 0.813579 -0.574155 -0.091849
Y 0.452148 0.724026 -0.520910
Z 0.365584 0.382272 0.848656

PART 46
OFFSET 18.617417 6.609136 -7.831702
SCALE 1.000000 1.000000 1.000000
X 0.805687 -0.565701 0.175645
Y 0.174155 -0.057194 -0.983056
Z 0.566161 0.822625 0.052440

PART 47
OFFSET 19.511036 7.151744 -8.193330
SCALE 1.000000 1.000000 1.000000
X 0.855114 -0.507459 0.106140
Y -0.169959 -0.467806 -0.867336
Z 0.489790 0.723631 -0.486275

PART 48
OFFSET 18.894495 9.087161 -10.454732
SCALE 1.000000 1.000000 1.000000
X 0.808809 -0.250471 0.532064
Y 0.330977 -0.553975 -0.763915
Z 0.486088 0.793962 -0.365160

PART 49
OFFSET 18.682009 8.711084 -9.608351
SCALE 1.000000 1.000000 1.000000
X 0.737110 -0.403303 0.542232
Y 0.205107 -0.631018 -0.748163
Z 0.643895 0.662694 -0.382409

PART 50
OFFSET 16.315143 6.193551 -11.569180
SCALE 1.000000 1.000000 1.000000
X 0.475478 -0.829569 0.292806
Y -0.854365 -0.514786 -0.071101
Z 0.209716 -0.216357 -0.953525

PART 51
OFFSET 12.816071 -9.946935 -9.098819
SCALE 1.000000 1.000000 1.000000
X -0.484338 -0.819102 0.307390
Y 0.873795 -0.435395 0.216596
Z -0.043578 0.373501 0.926605

PART 52
OFFSET 11.742041 -8.505898 -10.610023
SCALE 1.000000 1.000000 1.000000
X 0.495434 -0.866934 0.054506
Y 0.660844 0.335447 -0.671387
Z 0.563764 0.368648 0.739100

PART 53
OFFSET 9.861288 -9.932122 -11.064924
SCALE 1.000000 1.000000 1.000000
X -0.444280 -0.739395 0.505876
Y 0.742165 -0.620035 -0.254453
Z 0.501803 0.262396 0.824222

PART 54
OFFSET 10.294782 -10.227885 -10.515913
SCALE 1.000000 1.000000 1.000000
