// Export time: Fri Jun 17 00:38:02 2022

ANIMATION
VERSION 3

NUMPARTS 84
PART 0 "tag_torso"
PART 1 "j_shoulder_le"
PART 2 "j_shoulder_ri"
PART 3 "tag_weapon"
PART 4 "tag_weapon1"
PART 5 "j_elbow_le"
PART 6 "j_elbow_ri"
PART 7 "j_gun"
PART 8 "j_sleave_reshape_bottom_le_1"
PART 9 "j_sleave_reshape_bottom_le_2"
PART 10 "j_sleave_reshape_top_le_1"
PART 11 "j_sleave_reshape_top_le_2"
PART 12 "j_sleave_reshape_top_le_3"
PART 13 "j_wrist_le"
PART 14 "j_wristtwist_le"
PART 15 "j_sleave_reshape_top_ri_1"
PART 16 "j_sleave_reshape_top_ri_2"
PART 17 "j_sleave_reshape_top_ri_3"
PART 18 "j_wrist_ri"
PART 19 "j_wristtwist_ri"
PART 20 "tag_barrel"
PART 21 "tag_bolt_animate"
PART 22 "tag_brass"
PART 23 "tag_flash"
PART 24 "tag_grip"
PART 25 "tag_handguard"
PART 26 "tag_laser"
PART 27 "tag_mag_release_animate"
PART 28 "tag_sights_off"
PART 29 "tag_sights_on"
PART 30 "tag_stock"
PART 31 "tag_ext_mag_animate"
PART 32 "j_index_le_0"
PART 33 "j_mid_le_0"
PART 34 "j_pinkypalm_le"
PART 35 "j_ringpalm_le"
PART 36 "j_thumb_le_0"
PART 37 "j_webbing_le"
PART 38 "tag_knife_attach"
PART 39 "j_index_ri_0"
PART 40 "j_mid_ri_0"
PART 41 "j_pinkypalm_ri"
PART 42 "j_ringpalm_ri"
PART 43 "j_thumb_ri_0"
PART 44 "j_webbing_ri"
PART 45 "tag_ext_mag_bullet_animate"
PART 46 "j_index_le_1"
PART 47 "j_mid_le_1"
PART 48 "j_pinky_le_0"
PART 49 "j_ring_le_0"
PART 50 "j_thumb_le_1"
PART 51 "j_index_ri_1"
PART 52 "j_mid_ri_1"
PART 53 "j_pinky_ri_0"
PART 54 "j_ring_ri_0"
PART 55 "j_thumb_ri_1"
PART 56 "j_index_le_2"
PART 57 "j_mid_le_2"
PART 58 "j_pinky_le_1"
PART 59 "j_ring_le_1"
PART 60 "j_thumb_le_2"
PART 61 "j_index_ri_2"
PART 62 "j_mid_ri_2"
PART 63 "j_pinky_ri_1"
PART 64 "j_ring_ri_1"
PART 65 "j_thumb_ri_2"
PART 66 "j_index_le_3"
PART 67 "j_mid_le_3"
PART 68 "j_pinky_le_2"
PART 69 "j_ring_le_2"
PART 70 "j_thumb_le_3"
PART 71 "j_index_ri_3"
PART 72 "j_mid_ri_3"
PART 73 "j_pinky_ri_2"
PART 74 "j_ring_ri_2"
PART 75 "j_thumb_ri_3"
PART 76 "j_pinky_le_3"
PART 77 "j_ring_le_3"
PART 78 "j_pinky_ri_3"
PART 79 "j_ring_ri_3"
PART 80 "tag_cambone"
PART 81 "tag_camera"
PART 82 "tag_gasmask"
PART 83 "tag_gasmask2"

FRAMERATE 30
NUMFRAMES 6
FRAME 0
PART 0
OFFSET 0.000000 0.000000 0.000000
SCALE 1.000000 1.000000 1.000000
X 1.000000 0.000000 0.000000
Y 0.000000 1.000000 0.000000
Z 0.000000 0.000000 1.000000

PART 1
OFFSET 3.492755 -1.458195 -2.918761
SCALE 1.000000 1.000000 1.000000
X 0.496628 0.673222 -0.547843
Y 0.550230 -0.732341 -0.401153
Z -0.671273 -0.102215 -0.734128

PART 2
OFFSET -4.806000 -7.401901 2.691043
SCALE 1.000000 1.000000 1.000000
X -0.450189 0.493087 0.744443
Y -0.236332 -0.869771 0.433181
Z 0.861090 0.019077 0.508094

PART 3
OFFSET 12.632815 -5.736847 -5.568594
SCALE 1.000000 1.000000 1.000000
X 1.000000 0.000000 -0.000000
Y -0.000000 0.848099 -0.529838
Z 0.000000 0.529838 0.848099

PART 4
OFFSET 13.745596 17.667068 -17.903065
SCALE 1.000000 1.000000 1.000000
X 0.998737 0.041892 -0.027740
Y 0.021387 0.145113 0.989184
Z 0.045465 -0.988528 0.144033

PART 5
OFFSET 9.701338 7.732667 -10.180408
SCALE 1.000000 1.000000 1.000000
X 0.818294 -0.412232 0.400574
Y -0.574792 -0.583254 0.573959
Z -0.002968 -0.699914 -0.714221

PART 6
OFFSET 0.818987 -14.210578 -7.028783
SCALE 1.000000 1.000000 1.000000
X -0.821930 -0.540784 -0.178842
Y 0.449514 -0.423022 -0.786759
Z 0.349812 -0.727052 0.590785

PART 7
OFFSET 12.632815 -5.736847 -5.568594
SCALE 1.000000 1.000000 1.000000
X 1.000000 0.000000 -0.000000
Y -0.000000 0.848099 -0.529838
Z 0.000000 0.529838 0.848099

PART 8
OFFSET 18.414013 4.894284 -6.179507
SCALE 1.000000 1.000000 1.000000
X 0.821719 -0.406835 0.399078
Y 0.008916 0.709360 0.704790
Z -0.569823 -0.575581 0.586522

PART 9
OFFSET 18.210664 4.029552 -7.609385
SCALE 1.000000 1.000000 1.000000
X 0.821719 -0.406835 0.399078
Y 0.008916 0.709360 0.704790
Z -0.569823 -0.575581 0.586522

PART 10
OFFSET 17.383630 3.119486 -4.590613
SCALE 1.000000 1.000000 1.000000
X 0.821719 -0.406835 0.399078
Y 0.008916 0.709360 0.704790
Z -0.569823 -0.575581 0.586522

PART 11
OFFSET 17.174150 2.107422 -5.452786
SCALE 1.000000 1.000000 1.000000
X 0.821719 -0.406835 0.399078
Y 0.008916 0.709360 0.704790
Z -0.569823 -0.575581 0.586522

PART 12
OFFSET 17.409552 2.401003 -6.590363
SCALE 1.000000 1.000000 1.000000
X 0.821719 -0.406835 0.399078
Y 0.008916 0.709360 0.704790
Z -0.569823 -0.575581 0.586522

PART 13
OFFSET 19.187951 2.663847 -5.648637
SCALE 1.000000 1.000000 1.000000
X 0.912478 0.011553 0.408963
Y 0.022082 -0.999535 -0.021033
Z 0.408530 0.028223 -0.912308

PART 14
OFFSET 16.661213 4.226396 -6.772529
SCALE 1.000000 1.000000 1.000000
X 0.818294 -0.412232 0.400574
Y -0.574792 -0.583254 0.573959
Z -0.002968 -0.699914 -0.714221

PART 15
OFFSET 8.997707 -8.516010 -3.532494
SCALE 1.000000 1.000000 1.000000
X -0.825549 -0.536268 -0.175743
Y -0.353916 0.734558 -0.578937
Z 0.439559 -0.415743 -0.796207

PART 16
OFFSET 8.355427 -7.515372 -4.163125
SCALE 1.000000 1.000000 1.000000
X -0.825549 -0.536268 -0.175743
Y -0.353916 0.734558 -0.578937
Z 0.439559 -0.415743 -0.796207

PART 17
OFFSET 8.258951 -7.688125 -5.344888
SCALE 1.000000 1.000000 1.000000
X -0.825549 -0.536268 -0.175743
Y -0.353916 0.734558 -0.578937
Z 0.439559 -0.415743 -0.796207

PART 18
OFFSET 10.323456 -7.847638 -4.919771
SCALE 1.000000 1.000000 1.000000
X -0.969789 -0.242112 0.029866
Y 0.167032 -0.748255 -0.642040
Z 0.177793 -0.617654 0.766089

PART 19
OFFSET 7.811741 -9.608684 -5.507394
SCALE 1.000000 1.000000 1.000000
X -0.821930 -0.540784 -0.178842
Y 0.449514 -0.423022 -0.786759
Z 0.349812 -0.727052 0.590785

PART 20
OFFSET 24.658868 -3.597089 -2.142531
SCALE 1.000000 1.000000 1.000000
X 1.000000 0.000000 -0.000000
Y -0.000000 0.848099 -0.529838
Z 0.000000 0.529838 0.848099

PART 21
OFFSET 16.381184 -3.602241 -2.139314
SCALE 1.000000 1.000000 1.000000
X 1.000000 0.000000 -0.000000
Y -0.000000 0.848099 -0.529838
Z 0.000000 0.529838 0.848099

PART 22
OFFSET 22.809442 -3.912740 -1.965847
SCALE 1.000000 1.000000 1.000000
X 0.000000 -0.469686 0.882833
Y 1.000000 0.000000 0.000000
Z -0.000000 0.882833 0.469686

PART 23
OFFSET 32.016319 -3.597089 -2.142531
SCALE 1.000000 1.000000 1.000000
X 1.000000 0.000000 -0.000000
Y -0.000000 0.848099 -0.529838
Z 0.000000 0.529838 0.848099

PART 24
OFFSET 12.632815 -5.736847 -5.568594
SCALE 1.000000 1.000000 1.000000
X 1.000000 0.000000 -0.000000
Y -0.000000 0.848099 -0.529838
Z 0.000000 0.529838 0.848099

PART 25
OFFSET 25.446003 -3.597089 -2.142531
SCALE 1.000000 1.000000 1.000000
X 1.000000 0.000000 -0.000000
Y -0.000000 0.848099 -0.529838
Z 0.000000 0.529838 0.848099

PART 26
OFFSET 29.772335 -5.225151 -2.102744
SCALE 1.000000 1.000000 1.000000
X 1.000000 0.000000 -0.000000
Y -0.000000 0.848099 -0.529838
Z 0.000000 0.529838 0.848099

PART 27
OFFSET 21.485619 -1.616953 -3.671923
SCALE 1.000000 1.000000 1.000000
X 1.000000 0.000000 -0.000000
Y -0.000000 0.848099 -0.529838
Z 0.000000 0.529838 0.848099

PART 28
OFFSET 12.194368 -3.067802 -1.295316
SCALE 1.000000 1.000000 1.000000
X 1.000000 0.000000 -0.000000
Y -0.000000 0.848099 -0.529838
Z 0.000000 0.529838 0.848099

PART 29
OFFSET 12.194368 -3.067802 -1.295316
SCALE 1.000000 1.000000 1.000000
X 1.000000 0.000000 -0.000000
Y -0.000000 0.848099 -0.529838
Z 0.000000 0.529838 0.848099

PART 30
OFFSET 11.699540 -4.455173 -3.517051
SCALE 1.000000 1.000000 1.000000
X 1.000000 0.000000 -0.000000
Y -0.000000 0.848099 -0.529838
Z 0.000000 0.529838 0.848099

PART 31
OFFSET 22.779138 -0.217072 -4.241202
SCALE 1.000000 1.000000 1.000000
X 1.000000 0.000000 -0.000000
Y -0.000000 0.848099 -0.529838
Z 0.000000 0.529838 0.848099

PART 32
OFFSET 22.667851 1.929192 -3.802182
SCALE 1.000000 1.000000 1.000000
X 0.848804 -0.321134 -0.420005
Y -0.477764 -0.125655 -0.869455
Z 0.226436 0.938661 -0.260083

PART 33
OFFSET 22.620263 3.054389 -3.920200
SCALE 1.000000 1.000000 1.000000
X 0.712424 -0.541311 -0.446581
Y -0.585803 -0.108361 -0.803177
Z 0.386376 0.833811 -0.394301

PART 34
OFFSET 20.051262 4.094002 -5.420763
SCALE 1.000000 1.000000 1.000000
X 0.997213 -0.044367 -0.059985
Y -0.074530 -0.555180 -0.828384
Z 0.003450 0.830546 -0.556939

PART 35
OFFSET 20.100957 3.195782 -5.139737
SCALE 1.000000 1.000000 1.000000
X 0.975576 0.131206 0.176172
Y 0.206047 -0.268630 -0.940948
Z -0.076133 0.954265 -0.289104

PART 36
OFFSET 19.834738 1.663118 -5.829369
SCALE 1.000000 1.000000 1.000000
X 0.790416 -0.609058 0.065505
Y -0.612566 -0.785476 0.088262
Z -0.002304 -0.109890 -0.993941

PART 37
OFFSET 22.254884 1.127563 -4.910329
SCALE 1.000000 1.000000 1.000000
X 0.967872 0.212005 0.135194
Y -0.124576 -0.062728 0.990225
Z 0.218413 -0.975253 -0.034302

PART 38
OFFSET 22.272494 3.276847 -5.918778
SCALE 1.000000 1.000000 1.000000
X -0.344636 0.930312 -0.125479
Y -0.408472 -0.028265 0.912333
Z 0.845208 0.365678 0.389748

PART 39
OFFSET 14.021810 -6.593313 -4.245564
SCALE 1.000000 1.000000 1.000000
X -0.980685 -0.195069 -0.014323
Y 0.113232 -0.625914 0.771629
Z -0.159486 0.755103 0.635912

PART 40
OFFSET 14.153717 -7.258141 -5.150100
SCALE 1.000000 1.000000 1.000000
X 0.009609 -0.901507 0.432658
Y 0.999353 0.023659 0.027103
Z -0.034670 0.432118 0.901151

PART 41
OFFSET 11.261074 -8.364759 -5.817040
SCALE 1.000000 1.000000 1.000000
X -0.895439 -0.260642 0.360908
Y 0.440632 -0.634525 0.634997
Z 0.063498 0.727629 0.683026

PART 42
OFFSET 11.374244 -7.840813 -5.305208
SCALE 1.000000 1.000000 1.000000
X -0.978587 -0.083915 0.187952
Y 0.200331 -0.598025 0.776037
Z 0.047279 0.797073 0.602030

PART 43
OFFSET 10.619303 -6.873967 -4.753572
SCALE 1.000000 1.000000 1.000000
X -0.470530 -0.878267 0.085134
Y 0.770646 -0.456022 -0.445139
Z 0.429774 -0.143843 0.891406

PART 44
OFFSET 6.241403 -8.553606 -3.841929
SCALE 1.000000 1.000000 1.000000
X -0.895339 -0.254846 0.365268
Y -0.445235 0.490889 -0.748862
Z 0.011539 -0.833115 -0.552979

PART 45
OFFSET 22.779138 -3.828828 -1.984806
SCALE 1.000000 1.000000 1.000000
X 1.000000 0.000000 -0.000000
Y -0.000000 0.848099 -0.529838
Z 0.000000 0.529838 0.848099

PART 46
OFFSET 24.173792 1.402387 -4.522122
SCALE 1.000000 1.000000 1.000000
X 0.267400 -0.477256 -0.837093
Y -0.917729 0.138666 -0.372217
Z 0.293719 0.867755 -0.400912

PART 47
OFFSET 24.017981 2.026349 -4.751628
SCALE 1.000000 1.000000 1.000000
X 0.340654 -0.489881 -0.802478
Y -0.940144 -0.185773 -0.285687
Z -0.009126 0.851766 -0.523843

PART 48
OFFSET 22.283952 3.798651 -5.586941
SCALE 1.000000 1.000000 1.000000
X 0.975212 -0.220722 0.015591
Y -0.107740 -0.535209 -0.837821
Z 0.193270 0.815373 -0.545723

PART 49
OFFSET 22.621439 3.670310 -4.712725
SCALE 1.000000 1.000000 1.000000
X 0.853142 -0.485576 -0.190694
Y -0.420689 -0.424212 -0.801914
Z 0.308495 0.764369 -0.566189

PART 50
OFFSET 21.517465 0.240526 -5.697213
SCALE 1.000000 1.000000 1.000000
X 0.992649 -0.082647 0.088421
Y -0.095449 -0.983755 0.152035
Z 0.074419 -0.159357 -0.984412

PART 51
OFFSET 15.668780 -6.027256 -4.329790
SCALE 1.000000 1.000000 1.000000
X 0.047993 -0.945873 0.320968
Y 0.941178 0.150430 0.302579
Z -0.334485 0.287566 0.897455

PART 52
OFFSET 14.105755 -5.482680 -5.995319
SCALE 1.000000 1.000000 1.000000
X 0.895798 -0.421702 0.140404
Y 0.406527 0.649687 -0.642373
Z 0.179671 0.632515 0.753421

PART 53
OFFSET 13.435497 -7.736478 -6.495069
SCALE 1.000000 1.000000 1.000000
X 0.016734 -0.856007 0.516694
Y 0.983058 -0.080254 -0.164794
Z 0.182532 0.510697 0.840161

PART 54
OFFSET 13.907871 -7.723436 -5.900471
SCALE 1.000000 1.000000 1.000000
X -0.094983 -0.873784 0.476949
Y 0.927612 -0.251563 -0.276139
Z 0.361269 0.416195 0.834426

PART 55
OFFSET 11.573539 -4.890875 -4.957717
SCALE 1.000000 1.000000 1.000000
X -0.870646 -0.459968 0.174371
Y 0.414045 -0.876637 -0.245100
Z 0.265599 -0.141198 0.953688

PART 56
OFFSET 24.172970 0.749825 -5.500808
SCALE 1.000000 1.000000 1.000000
X -0.587706 -0.412914 -0.695776
Y -0.764187 0.565756 0.309739
Z 0.265743 0.713738 -0.648042

PART 57
OFFSET 24.389554 1.287968 -5.961013
SCALE 1.000000 1.000000 1.000000
X -0.710114 -0.266463 -0.651717
Y -0.696487 0.401472 0.594749
Z 0.103168 0.876252 -0.470679

PART 58
OFFSET 23.637168 3.499114 -5.561885
SCALE 1.000000 1.000000 1.000000
X 0.597235 -0.648815 -0.471539
Y -0.701832 -0.138159 -0.698816
Z 0.388255 0.748299 -0.537873

PART 59
OFFSET 24.037140 2.901734 -5.020735
SCALE 1.000000 1.000000 1.000000
X 0.164912 -0.744991 -0.646369
Y -0.915376 0.128427 -0.381568
Z 0.367275 0.654596 -0.660767

PART 60
OFFSET 23.111077 0.323784 -5.714327
SCALE 1.000000 1.000000 1.000000
X 0.921551 0.336182 -0.194229
Y 0.384606 -0.858889 0.338214
Z -0.053120 -0.386383 -0.920808

PART 61
OFFSET 15.524617 -4.868090 -4.669888
SCALE 1.000000 1.000000 1.000000
X 0.456669 -0.829576 0.321335
Y 0.839103 0.521652 0.154225
Z -0.295566 0.199204 0.934322

PART 62
OFFSET 12.767426 -4.907905 -6.168679
SCALE 1.000000 1.000000 1.000000
X 0.829131 0.316471 -0.460856
Y -0.539564 0.668764 -0.511494
Z 0.146331 0.672757 0.725249

PART 63
OFFSET 13.418058 -6.558247 -7.211562
SCALE 1.000000 1.000000 1.000000
X 0.611769 -0.780444 0.129019
Y 0.768537 0.547786 -0.330576
Z 0.187322 0.301392 0.934919

PART 64
OFFSET 14.068172 -6.225760 -6.709637
SCALE 1.000000 1.000000 1.000000
X 0.786404 -0.616725 -0.034926
Y 0.509850 0.679967 -0.526970
Z 0.348744 0.396604 0.849166

PART 65
OFFSET 13.011284 -4.493643 -5.328119
SCALE 1.000000 1.000000 1.000000
X -0.916635 0.278126 0.287101
Y -0.319851 -0.941120 -0.109495
Z 0.239743 -0.192196 0.951622

PART 66
OFFSET 23.509198 0.283415 -6.286697
SCALE 1.000000 1.000000 1.000000
X 0.955896 -0.174941 -0.235922
Y 0.291396 0.464344 0.836345
Z -0.036762 -0.868205 0.494841

PART 67
OFFSET 23.586517 0.992099 -6.702884
SCALE 1.000000 1.000000 1.000000
X 0.982042 -0.111784 0.151979
Y -0.068057 0.541421 0.837993
Z -0.175959 -0.833287 0.524091

PART 68
OFFSET 24.170702 2.912711 -5.989204
SCALE 1.000000 1.000000 1.000000
X -0.423756 -0.477277 -0.769830
Y -0.817203 0.568013 0.097678
Z 0.390654 0.670499 -0.630731

PART 69
OFFSET 24.227888 1.893633 -5.975436
SCALE 1.000000 1.000000 1.000000
X -0.613140 -0.215764 -0.759938
Y -0.703670 0.586381 0.401255
Z 0.359037 0.780771 -0.511360

PART 70
OFFSET 24.111767 0.655020 -5.960775
SCALE 1.000000 1.000000 1.000000
X 0.793669 0.319329 0.517802
Y -0.606873 0.356315 0.710454
Z 0.042368 -0.878105 0.476589

PART 71
OFFSET 15.008859 -3.931087 -5.032796
SCALE 1.000000 1.000000 1.000000
X -0.989281 -0.144677 0.019768
Y -0.141205 0.913357 -0.381891
Z 0.037196 -0.380589 -0.923996

PART 72
OFFSET 11.826966 -5.270634 -5.652182
SCALE 1.000000 1.000000 1.000000
X -0.301112 -0.715459 0.630436
Y -0.933460 0.356271 -0.041524
Z -0.194897 -0.600990 -0.775130

PART 73
OFFSET 12.871153 -5.862823 -7.325510
SCALE 1.000000 1.000000 1.000000
X 0.920838 0.038881 -0.388003
Y -0.118224 0.976021 -0.182772
Z 0.371593 0.214174 0.903354

PART 74
OFFSET 12.948286 -5.397466 -6.654778
SCALE 1.000000 1.000000 1.000000
X 0.918522 0.196860 -0.342874
Y -0.323202 0.873364 -0.364383
Z 0.227721 0.445512 0.865830

PART 75
OFFSET 13.997044 -4.769618 -5.680265
SCALE 1.000000 1.000000 1.000000
X -0.896568 0.134791 -0.421898
Y 0.442898 0.266931 -0.855914
Z -0.002752 -0.954243 -0.299020

PART 76
OFFSET 23.768124 2.459285 -6.720561
SCALE 1.000000 1.000000 1.000000
X 0.780061 -0.089166 0.619318
Y -0.295010 0.820462 0.489705
Z -0.551792 -0.564704 0.613706

PART 77
OFFSET 23.562989 1.659631 -6.799576
SCALE 1.000000 1.000000 1.000000
X 0.923404 -0.116098 0.365849
Y -0.239288 0.571133 0.785206
Z -0.300109 -0.812606 0.499606

PART 78
OFFSET 11.996321 -5.899766 -6.956906
SCALE 1.000000 1.000000 1.000000
X -0.684159 -0.673507 0.279848
Y -0.635051 0.738810 0.225544
Z -0.358660 -0.023409 -0.933175

PART 79
OFFSET 11.952112 -5.610909 -6.282920
SCALE 1.000000 1.000000 1.000000
X -0.555588 -0.636020 0.535537
Y -0.800461 0.583379 -0.137593
Z -0.224909 -0.505121 -0.833228

PART 80
OFFSET 0.000000 0.000000 0.000000
SCALE 1.000000 1.000000 1.000000
X 1.000000 0.000000 0.000000
Y 0.000000 1.000000 0.000000
Z 0.000000 0.000000 1.000000

PART 81
OFFSET 0.000000 0.000000 0.000000
SCALE 1.000000 1.000000 1.000000
X 1.000000 0.000000 0.000000
Y 0.000000 1.000000 0.000000
Z 0.000000 0.000000 1.000000

PART 82
OFFSET 1.540551 0.000000 4.135827
SCALE 1.000000 1.000000 1.000000
X 1.000000 0.000000 0.000000
Y 0.000000 1.000000 0.000000
Z 0.000000 0.000000 1.000000

PART 83
OFFSET -4.631835 0.000000 -1.376957
SCALE 1.000000 1.000000 1.000000
X 1.000000 0.000000 0.000000
Y 0.000000 1.000000 0.000000
Z 0.000000 0.000000 1.000000

FRAME 1
PART 0
OFFSET 0.000000 0.000000 0.000000
SCALE 1.000000 1.000000 1.000000
X 1.000000 0.000000 0.000000
Y 0.000000 1.000000 0.000000
Z 0.000000 0.000000 1.000000

PART 1
OFFSET 3.576423 -1.466293 -2.907968
SCALE 1.000000 1.000000 1.000000
X 0.472535 0.683981 -0.555770
Y 0.562219 -0.719583 -0.407566
Z -0.678690 -0.119876 -0.724575

PART 2
OFFSET -4.728509 -7.358197 2.667659
SCALE 1.000000 1.000000 1.000000
X -0.427799 0.510837 0.745676
Y -0.238680 -0.859540 0.451910
Z 0.871791 0.015349 0.489637

PART 3
OFFSET 12.266035 -5.736847 -5.568594
SCALE 1.000000 1.000000 1.000000
X 1.000000 0.000000 -0.000000
Y -0.000000 0.848099 -0.529838
Z 0.000000 0.529838 0.848099

PART 4
OFFSET 13.745596 17.667068 -17.903065
SCALE 1.000000 1.000000 1.000000
X 0.998737 0.041892 -0.027740
Y 0.021387 0.145113 0.989184
Z 0.045465 -0.988528 0.144033

PART 5
OFFSET 9.510494 7.945385 -10.321356
SCALE 1.000000 1.000000 1.000000
X 0.802906 -0.430425 0.412403
Y -0.596052 -0.570363 0.565162
Z -0.008041 -0.699586 -0.714503

PART 6
OFFSET 0.644593 -14.465854 -7.129850
SCALE 1.000000 1.000000 1.000000
X -0.805439 -0.562282 -0.187366
Y 0.467940 -0.409294 -0.783269
Z 0.363731 -0.718552 0.592776

PART 7
OFFSET 12.266035 -5.736847 -5.568594
SCALE 1.000000 1.000000 1.000000
X 1.000000 0.000000 -0.000000
Y -0.000000 0.848099 -0.529838
Z 0.000000 0.529838 0.848099

PART 8
OFFSET 18.097792 4.912939 -6.193775
SCALE 1.000000 1.000000 1.000000
X 0.806472 -0.425105 0.410960
Y 0.014336 0.708898 0.705165
Z -0.591098 -0.562805 0.577801

PART 9
OFFSET 17.896318 4.053133 -7.626884
SCALE 1.000000 1.000000 1.000000
X 0.806472 -0.425105 0.410960
Y 0.014336 0.708898 0.705165
Z -0.591098 -0.562805 0.577801

PART 10
OFFSET 17.004784 3.161362 -4.621041
SCALE 1.000000 1.000000 1.000000
X 0.806472 -0.425105 0.410960
Y 0.014336 0.708898 0.705165
Z -0.591098 -0.562805 0.577801

PART 11
OFFSET 16.785528 2.154326 -5.486665
SCALE 1.000000 1.000000 1.000000
X 0.806472 -0.425105 0.410960
Y 0.014336 0.708898 0.705165
Z -0.591098 -0.562805 0.577801

PART 12
OFFSET 17.044162 2.442726 -6.620516
SCALE 1.000000 1.000000 1.000000
X 0.806472 -0.425105 0.410960
Y 0.014336 0.708898 0.705165
Z -0.591098 -0.562805 0.577801

PART 13
OFFSET 18.819148 2.656764 -5.646378
SCALE 1.000000 1.000000 1.000000
X 0.912387 0.010845 0.409184
Y 0.021221 -0.999558 -0.020825
Z 0.408778 0.027683 -0.912214

PART 14
OFFSET 16.339472 4.284374 -6.812865
SCALE 1.000000 1.000000 1.000000
X 0.802906 -0.430425 0.412403
Y -0.596052 -0.570363 0.565162
Z -0.008041 -0.699586 -0.714503

PART 15
OFFSET 8.634981 -8.560798 -3.548286
SCALE 1.000000 1.000000 1.000000
X -0.809207 -0.557871 -0.184294
Y -0.368144 0.725922 -0.580954
Z 0.457880 -0.402266 -0.792798

PART 16
OFFSET 7.971928 -7.576524 -4.183157
SCALE 1.000000 1.000000 1.000000
X -0.809207 -0.557871 -0.184294
Y -0.368144 0.725922 -0.580954
Z 0.457880 -0.402266 -0.792798

PART 17
OFFSET 7.891025 -7.749516 -5.366054
SCALE 1.000000 1.000000 1.000000
X -0.809207 -0.557871 -0.184294
Y -0.368144 0.725922 -0.580954
Z 0.457880 -0.402266 -0.792798

PART 18
OFFSET 9.955435 -7.844710 -4.918765
SCALE 1.000000 1.000000 1.000000
X -0.969751 -0.242272 0.029803
Y 0.167207 -0.748261 -0.641987
Z 0.177836 -0.617584 0.766136

PART 19
OFFSET 7.497026 -9.681058 -5.535936
SCALE 1.000000 1.000000 1.000000
X -0.805439 -0.562282 -0.187366
Y 0.467940 -0.409294 -0.783269
Z 0.363731 -0.718552 0.592776

PART 20
OFFSET 24.292089 -3.597089 -2.142531
SCALE 1.000000 1.000000 1.000000
X 1.000000 0.000000 -0.000000
Y -0.000000 0.848099 -0.529838
Z 0.000000 0.529838 0.848099

PART 21
OFFSET 14.008998 -3.602241 -2.139314
SCALE 1.000000 1.000000 1.000000
X 1.000000 0.000000 -0.000000
Y -0.000000 0.848099 -0.529838
Z 0.000000 0.529838 0.848099

PART 22
OFFSET 22.442662 -3.912740 -1.965847
SCALE 1.000000 1.000000 1.000000
X 0.000000 -0.469686 0.882833
Y 1.000000 0.000000 0.000000
Z -0.000000 0.882833 0.469686

PART 23
OFFSET 31.649539 -3.597089 -2.142531
SCALE 1.000000 1.000000 1.000000
X 1.000000 0.000000 -0.000000
Y -0.000000 0.848099 -0.529838
Z 0.000000 0.529838 0.848099

PART 24
OFFSET 12.266035 -5.736847 -5.568594
SCALE 1.000000 1.000000 1.000000
X 1.000000 0.000000 -0.000000
Y -0.000000 0.848099 -0.529838
Z 0.000000 0.529838 0.848099

PART 25
OFFSET 25.079223 -3.597089 -2.142531
SCALE 1.000000 1.000000 1.000000
X 1.000000 0.000000 -0.000000
Y -0.000000 0.848099 -0.529838
Z 0.000000 0.529838 0.848099

PART 26
OFFSET 29.405556 -5.225151 -2.102744
SCALE 1.000000 1.000000 1.000000
X 1.000000 0.000000 -0.000000
Y -0.000000 0.848099 -0.529838
Z 0.000000 0.529838 0.848099

PART 27
OFFSET 21.118839 -1.616953 -3.671923
SCALE 1.000000 1.000000 1.000000
X 1.000000 0.000000 -0.000000
Y -0.000000 0.848099 -0.529838
Z 0.000000 0.529838 0.848099

PART 28
OFFSET 11.827589 -3.067802 -1.295316
SCALE 1.000000 1.000000 1.000000
X 1.000000 0.000000 -0.000000
Y -0.000000 0.848099 -0.529838
Z 0.000000 0.529838 0.848099

PART 29
OFFSET 11.827589 -3.067802 -1.295316
SCALE 1.000000 1.000000 1.000000
X 1.000000 0.000000 -0.000000
Y -0.000000 0.848099 -0.529838
Z 0.000000 0.529838 0.848099

PART 30
OFFSET 11.332761 -4.455173 -3.517051
SCALE 1.000000 1.000000 1.000000
X 1.000000 0.000000 -0.000000
Y -0.000000 0.848099 -0.529838
Z 0.000000 0.529838 0.848099

PART 31
OFFSET 22.412359 -0.217072 -4.241202
SCALE 1.000000 1.000000 1.000000
X 1.000000 0.000000 -0.000000
Y -0.000000 0.848099 -0.529838
Z 0.000000 0.529838 0.848099

PART 32
OFFSET 22.297958 1.919470 -3.798921
SCALE 1.000000 1.000000 1.000000
X 0.848628 -0.321955 -0.419732
Y -0.477660 -0.125418 -0.869547
Z 0.227313 0.938411 -0.260218

PART 33
OFFSET 22.251374 3.044684 -3.917179
SCALE 1.000000 1.000000 1.000000
X 0.712064 -0.542019 -0.446296
Y -0.585700 -0.108017 -0.803298
Z 0.387195 0.833396 -0.394376

PART 34
OFFSET 19.683642 4.086217 -5.418583
SCALE 1.000000 1.000000 1.000000
X 0.997189 -0.045243 -0.059732
Y -0.074809 -0.555283 -0.828290
Z 0.004306 0.830430 -0.557107

PART 35
OFFSET 19.732490 3.188012 -5.137362
SCALE 1.000000 1.000000 1.000000
X 0.975646 0.130397 0.176384
Y 0.206044 -0.269000 -0.940842
Z -0.075235 0.954272 -0.289317

PART 36
OFFSET 19.465112 1.655438 -5.826748
SCALE 1.000000 1.000000 1.000000
X 0.789872 -0.609729 0.065823
Y -0.613268 -0.784927 0.088272
Z -0.002156 -0.110090 -0.993919

PART 37
OFFSET 21.884567 1.117973 -4.907005
SCALE 1.000000 1.000000 1.000000
X 0.968022 0.211193 0.135388
Y -0.124873 -0.062419 0.990207
Z 0.217576 -0.975449 -0.034050

PART 38
OFFSET 21.904287 3.267036 -5.915887
SCALE 1.000000 1.000000 1.000000
X -0.343799 0.930585 -0.125753
Y -0.408720 -0.027726 0.912239
Z 0.845429 0.365024 0.389881

PART 39
OFFSET 13.655586 -6.587460 -4.244579
SCALE 1.000000 1.000000 1.000000
X -0.977859 -0.208720 0.015073
Y 0.141031 -0.604089 0.784338
Z -0.154602 0.769098 0.620150

PART 40
OFFSET 13.785464 -7.253565 -5.143447
SCALE 1.000000 1.000000 1.000000
X -0.003195 -0.889325 0.457264
Y 0.996947 0.032840 0.070836
Z -0.078013 0.456095 0.886505

PART 41
OFFSET 10.923698 -8.359480 -5.808228
SCALE 1.000000 1.000000 1.000000
X -0.870284 -0.278603 0.406184
Y 0.486297 -0.616997 0.618732
Z 0.078234 0.735999 0.672447

PART 42
OFFSET 11.016445 -7.847636 -5.290020
SCALE 1.000000 1.000000 1.000000
X -0.969191 -0.108882 0.220938
Y 0.241926 -0.589298 0.770843
Z 0.046267 0.800545 0.597484

PART 43
OFFSET 10.235550 -6.881173 -4.754281
SCALE 1.000000 1.000000 1.000000
X -0.434401 -0.894005 0.109773
Y 0.778732 -0.434013 -0.453000
Z 0.452627 -0.111300 0.884726

PART 44
OFFSET 5.873415 -8.551300 -3.841205
SCALE 1.000000 1.000000 1.000000
X -0.895325 -0.254976 0.365212
Y -0.445258 0.490775 -0.748923
Z 0.011721 -0.833143 -0.552933

PART 45
OFFSET 22.412359 -3.828828 -1.984806
SCALE 1.000000 1.000000 1.000000
X 1.000000 0.000000 -0.000000
Y -0.000000 0.848099 -0.529838
Z 0.000000 0.529838 0.848099

PART 46
OFFSET 23.803618 1.391213 -4.518384
SCALE 1.000000 1.000000 1.000000
X 0.267192 -0.477658 -0.836930
Y -0.917517 0.139385 -0.372470
Z 0.294569 0.867419 -0.401016

PART 47
OFFSET 23.648403 2.015263 -4.748056
SCALE 1.000000 1.000000 1.000000
X 0.340426 -0.490339 -0.802295
Y -0.940235 -0.185016 -0.285880
Z -0.008260 0.851667 -0.524019

PART 48
OFFSET 21.916116 3.788898 -5.584154
SCALE 1.000000 1.000000 1.000000
X 0.975017 -0.221564 0.015875
Y -0.107999 -0.535286 -0.837738
Z 0.194110 0.815094 -0.545841

PART 49
OFFSET 22.253277 3.660442 -4.709829
SCALE 1.000000 1.000000 1.000000
X 0.852768 -0.486354 -0.190386
Y -0.420860 -0.424010 -0.801930
Z 0.309296 0.763986 -0.566269

PART 50
OFFSET 21.146573 0.231416 -5.693890
SCALE 1.000000 1.000000 1.000000
X 0.992555 -0.083489 0.088681
Y -0.096339 -0.983641 0.152212
Z 0.074522 -0.159622 -0.984361

PART 51
OFFSET 15.227893 -5.940440 -4.413760
SCALE 1.000000 1.000000 1.000000
X 0.288935 -0.892781 0.345627
Y 0.908910 0.369198 0.193842
Z -0.300663 0.258137 0.918132

PART 52
OFFSET 13.760934 -5.501657 -6.038391
SCALE 1.000000 1.000000 1.000000
X 0.896824 -0.401694 0.185335
Y 0.419903 0.641079 -0.642417
Z 0.139241 0.653957 0.743607

PART 53
OFFSET 13.038781 -7.687178 -6.599143
SCALE 1.000000 1.000000 1.000000
X 0.055443 -0.849086 0.525337
Y 0.990280 -0.020458 -0.137578
Z 0.127563 0.527859 0.839698

PART 54
OFFSET 13.525673 -7.665501 -5.967326
SCALE 1.000000 1.000000 1.000000
X -0.080590 -0.868540 0.489022
Y 0.951496 -0.213185 -0.221827
Z 0.296918 0.447426 0.843593

PART 55
OFFSET 11.121378 -4.857448 -5.017166
SCALE 1.000000 1.000000 1.000000
X -0.877424 -0.436361 0.199289
Y 0.393853 -0.892446 -0.220046
Z 0.273874 -0.114583 0.954915

PART 56
OFFSET 23.802469 0.738454 -5.496938
SCALE 1.000000 1.000000 1.000000
X -0.587893 -0.412546 -0.695836
Y -0.763773 0.566481 0.309437
Z 0.266521 0.713376 -0.648122

PART 57
OFFSET 24.019632 1.276314 -5.957199
SCALE 1.000000 1.000000 1.000000
X -0.710186 -0.265980 -0.651837
Y -0.696284 0.402197 0.594496
Z 0.104042 0.876066 -0.470832

PART 58
OFFSET 23.269066 3.488193 -5.558706
SCALE 1.000000 1.000000 1.000000
X 0.596788 -0.649428 -0.471261
Y -0.701781 -0.137693 -0.698960
Z 0.389035 0.747853 -0.537930

PART 59
OFFSET 23.668387 2.890577 -5.017336
SCALE 1.000000 1.000000 1.000000
X 0.164425 -0.745265 -0.646177
Y -0.915171 0.129142 -0.381818
Z 0.368004 0.654143 -0.660810

PART 60
OFFSET 22.740260 0.313289 -5.710631
SCALE 1.000000 1.000000 1.000000
X 0.921890 0.335344 -0.194072
Y 0.383779 -0.859153 0.338482
Z -0.053229 -0.386524 -0.920742

PART 61
OFFSET 14.880757 -4.834903 -4.778535
SCALE 1.000000 1.000000 1.000000
X 0.520838 -0.789383 0.324966
Y 0.810504 0.576778 0.102031
Z -0.267975 0.210244 0.940206

PART 62
OFFSET 12.420613 -4.955856 -6.277524
SCALE 1.000000 1.000000 1.000000
X 0.840831 0.320188 -0.436444
Y -0.530752 0.646062 -0.548550
Z 0.106331 0.692881 0.713169

PART 63
OFFSET 12.967964 -6.516334 -7.328275
SCALE 1.000000 1.000000 1.000000
X 0.662935 -0.734057 0.147232
Y 0.734622 0.599861 -0.317015
Z 0.144388 0.318320 0.936923

PART 64
OFFSET 13.659094 -6.172230 -6.801313
SCALE 1.000000 1.000000 1.000000
X 0.822410 -0.568889 -0.002573
Y 0.487379 0.706894 -0.512604
Z 0.293433 0.420317 0.858621

PART 65
OFFSET 12.564889 -4.490484 -5.419095
SCALE 1.000000 1.000000 1.000000
X -0.913691 0.281141 0.293476
Y -0.316407 -0.945284 -0.079531
Z 0.255059 -0.165525 0.952652

PART 66
OFFSET 23.138486 0.272459 -6.282895
SCALE 1.000000 1.000000 1.000000
X 0.955801 -0.175817 -0.235652
Y 0.291594 0.464261 0.836322
Z -0.037636 -0.868072 0.495009

PART 67
OFFSET 23.216521 0.980991 -6.699207
SCALE 1.000000 1.000000 1.000000
X 0.981908 -0.112604 0.152242
Y -0.067793 0.541650 0.837866
Z -0.176809 -0.833028 0.524217

PART 68
OFFSET 23.802196 2.901241 -5.985774
SCALE 1.000000 1.000000 1.000000
X -0.423981 -0.477066 -0.769836
Y -0.816734 0.568741 0.097362
Z 0.391389 0.670031 -0.630771

PART 69
OFFSET 23.858495 1.882117 -5.971785
SCALE 1.000000 1.000000 1.000000
X -0.613141 -0.215387 -0.760044
Y -0.703260 0.587072 0.400963
Z 0.359839 0.780355 -0.511431

PART 70
OFFSET 23.741297 0.643608 -5.956900
SCALE 1.000000 1.000000 1.000000
X 0.793818 0.318747 0.517932
Y -0.606738 0.356986 0.710232
Z 0.041490 -0.878044 0.476778

PART 71
OFFSET 14.292522 -3.943295 -5.145544
SCALE 1.000000 1.000000 1.000000
X -0.976569 -0.204395 0.067353
Y -0.214064 0.890394 -0.401714
Z 0.022138 -0.406719 -0.913285

PART 72
OFFSET 11.467190 -5.322953 -5.788616
SCALE 1.000000 1.000000 1.000000
X -0.312981 -0.705186 0.636204
Y -0.937166 0.338027 -0.086360
Z -0.154154 -0.623257 -0.766672

PART 73
OFFSET 12.375449 -5.862367 -7.458492
SCALE 1.000000 1.000000 1.000000
X 0.924139 0.102902 -0.367939
Y -0.183549 0.964207 -0.191351
Z 0.335079 0.244370 0.909948

PART 74
OFFSET 12.493923 -5.409631 -6.788560
SCALE 1.000000 1.000000 1.000000
X 0.914552 0.241569 -0.324405
Y -0.359154 0.853893 -0.376663
Z 0.186017 0.460990 0.867690

PART 75
OFFSET 13.546708 -4.770868 -5.778693
SCALE 1.000000 1.000000 1.000000
X -0.903523 0.119026 -0.411677
Y 0.428533 0.246176 -0.869342
Z -0.002129 -0.961889 -0.273432

PART 76
OFFSET 23.399404 2.448015 -6.717138
SCALE 1.000000 1.000000 1.000000
X 0.779832 -0.089716 0.619527
Y -0.294418 0.820817 0.489466
Z -0.552431 -0.564101 0.613685

PART 77
OFFSET 23.193596 1.648523 -6.796040
SCALE 1.000000 1.000000 1.000000
X 0.923214 -0.116823 0.366099
Y -0.238985 0.571500 0.785031
Z -0.300936 -0.812244 0.499698

PART 78
OFFSET 11.497482 -5.960132 -7.108949
SCALE 1.000000 1.000000 1.000000
X -0.640365 -0.719452 0.268927
Y -0.691093 0.692493 0.206986
Z -0.335147 -0.053308 -0.940657

PART 79
OFFSET 11.502051 -5.671563 -6.436733
SCALE 1.000000 1.000000 1.000000
X -0.534050 -0.660692 0.527520
Y -0.825876 0.541174 -0.158306
Z -0.180889 -0.520209 -0.834663

PART 80
OFFSET 0.000000 0.000000 0.000000
SCALE 1.000000 1.000000 1.000000
X 1.000000 0.000000 0.000000
Y 0.000000 1.000000 0.000000
Z 0.000000 0.000000 1.000000

PART 81
OFFSET 0.000000 0.000000 0.000000
SCALE 1.000000 1.000000 1.000000
X 1.000000 0.000000 0.000000
Y 0.000000 1.000000 0.000000
Z 0.000000 0.000000 1.000000

PART 82
OFFSET 1.540551 0.000000 4.135827
SCALE 1.000000 1.000000 1.000000
X 1.000000 0.000000 0.000000
Y 0.000000 1.000000 0.000000
Z 0.000000 0.000000 1.000000

PART 83
OFFSET -4.631835 0.000000 -1.376957
SCALE 1.000000 1.000000 1.000000
X 1.000000 0.000000 0.000000
Y 0.000000 1.000000 0.000000
Z 0.000000 0.000000 1.000000

FRAME 2
PART 0
OFFSET 0.000000 0.000000 0.000000
SCALE 1.000000 1.000000 1.000000
X 1.000000 0.000000 0.000000
Y 0.000000 1.000000 0.000000
Z 0.000000 0.000000 1.000000

PART 1
OFFSET 3.533190 -1.462128 -2.913150
SCALE 1.000000 1.000000 1.000000
X 0.485015 0.678451 -0.551783
Y 0.556112 -0.726235 -0.404130
Z -0.674907 -0.110844 -0.729530

PART 2
OFFSET -4.768998 -7.381334 2.680532
SCALE 1.000000 1.000000 1.000000
X -0.439511 0.501369 0.745291
Y -0.237218 -0.865057 0.442045
Z 0.866347 0.017487 0.499136

PART 3
OFFSET 12.480551 -5.736847 -5.568594
SCALE 1.000000 1.000000 1.000000
X 1.000000 0.000000 -0.000000
Y -0.000000 0.848099 -0.529838
Z 0.000000 0.529838 0.848099

PART 4
OFFSET 13.745596 17.667068 -17.903065
SCALE 1.000000 1.000000 1.000000
X 0.998737 0.041892 -0.027740
Y 0.021387 0.145113 0.989184
Z 0.045465 -0.988528 0.144033

PART 5
OFFSET 9.609350 7.835603 -10.249495
SCALE 1.000000 1.000000 1.000000
X 0.811022 -0.420879 0.406330
Y -0.584991 -0.577112 0.569849
Z -0.005340 -0.699859 -0.714261

PART 6
OFFSET 0.736050 -14.330453 -7.080032
SCALE 1.000000 1.000000 1.000000
X -0.813965 -0.551353 -0.182948
Y 0.458444 -0.416256 -0.785213
Z 0.356777 -0.723008 0.591583

PART 7
OFFSET 12.480551 -5.736847 -5.568594
SCALE 1.000000 1.000000 1.000000
X 1.000000 0.000000 -0.000000
Y -0.000000 0.848099 -0.529838
Z 0.000000 0.529838 0.848099

PART 8
OFFSET 18.262913 4.905057 -6.187219
SCALE 1.000000 1.000000 1.000000
X 0.814515 -0.415518 0.404858
Y 0.011454 0.709241 0.704873
Z -0.580030 -0.569492 0.582447

PART 9
OFFSET 18.060522 4.042499 -7.618545
SCALE 1.000000 1.000000 1.000000
X 0.814515 -0.415518 0.404858
Y 0.011454 0.709241 0.704873
Z -0.580030 -0.569492 0.582447

PART 10
OFFSET 17.202550 3.141324 -4.605746
SCALE 1.000000 1.000000 1.000000
X 0.814515 -0.415518 0.404858
Y 0.011454 0.709241 0.704873
Z -0.580030 -0.569492 0.582447

PART 11
OFFSET 16.988451 2.131519 -5.469432
SCALE 1.000000 1.000000 1.000000
X 0.814515 -0.415518 0.404858
Y 0.011454 0.709241 0.704873
Z -0.580030 -0.569492 0.582447

PART 12
OFFSET 17.234994 2.422561 -6.605300
SCALE 1.000000 1.000000 1.000000
X 0.814515 -0.415518 0.404858
Y 0.011454 0.709241 0.704873
Z -0.580030 -0.569492 0.582447

PART 13
OFFSET 19.011995 2.662137 -5.648035
SCALE 1.000000 1.000000 1.000000
X 0.912470 0.011546 0.408981
Y 0.022036 -0.999538 -0.020947
Z 0.408550 0.028126 -0.912302

PART 14
OFFSET 16.507366 4.255785 -6.792659
SCALE 1.000000 1.000000 1.000000
X 0.811022 -0.420879 0.406330
Y -0.584991 -0.577112 0.569849
Z -0.005340 -0.699859 -0.714261

PART 15
OFFSET 8.823957 -8.532535 -3.542589
SCALE 1.000000 1.000000 1.000000
X -0.817657 -0.546888 -0.179861
Y -0.361030 0.730447 -0.579745
Z 0.448435 -0.409098 -0.794698

PART 16
OFFSET 8.171316 -7.539767 -4.175020
SCALE 1.000000 1.000000 1.000000
X -0.817657 -0.546888 -0.179861
Y -0.361030 0.730447 -0.579745
Z 0.448435 -0.409098 -0.794698

PART 17
OFFSET 8.082245 -7.712539 -5.357361
SCALE 1.000000 1.000000 1.000000
X -0.817657 -0.546888 -0.179861
Y -0.361030 0.730447 -0.579745
Z 0.448435 -0.409098 -0.794698

PART 18
OFFSET 10.147063 -7.840677 -4.921790
SCALE 1.000000 1.000000 1.000000
X -0.969680 -0.242527 0.030026
Y 0.167243 -0.748169 -0.642085
Z 0.178188 -0.617595 0.766046

PART 19
OFFSET 7.661033 -9.638639 -5.523705
SCALE 1.000000 1.000000 1.000000
X -0.813965 -0.551353 -0.182948
Y 0.458444 -0.416256 -0.785213
Z 0.356777 -0.723008 0.591583

PART 20
OFFSET 24.506605 -3.597089 -2.142531
SCALE 1.000000 1.000000 1.000000
X 1.000000 0.000000 -0.000000
Y -0.000000 0.848099 -0.529838
Z 0.000000 0.529838 0.848099

PART 21
OFFSET 14.742559 -3.602241 -2.139314
SCALE 1.000000 1.000000 1.000000
X 1.000000 0.000000 -0.000000
Y -0.000000 0.848099 -0.529838
Z 0.000000 0.529838 0.848099

PART 22
OFFSET 22.657178 -3.912740 -1.965847
SCALE 1.000000 1.000000 1.000000
X 0.000000 -0.469686 0.882833
Y 1.000000 0.000000 0.000000
Z -0.000000 0.882833 0.469686

PART 23
OFFSET 31.864055 -3.597089 -2.142531
SCALE 1.000000 1.000000 1.000000
X 1.000000 0.000000 -0.000000
Y -0.000000 0.848099 -0.529838
Z 0.000000 0.529838 0.848099

PART 24
OFFSET 12.480551 -5.736847 -5.568594
SCALE 1.000000 1.000000 1.000000
X 1.000000 0.000000 -0.000000
Y -0.000000 0.848099 -0.529838
Z 0.000000 0.529838 0.848099

PART 25
OFFSET 25.293739 -3.597089 -2.142531
SCALE 1.000000 1.000000 1.000000
X 1.000000 0.000000 -0.000000
Y -0.000000 0.848099 -0.529838
Z 0.000000 0.529838 0.848099

PART 26
OFFSET 29.620071 -5.225151 -2.102744
SCALE 1.000000 1.000000 1.000000
X 1.000000 0.000000 -0.000000
Y -0.000000 0.848099 -0.529838
Z 0.000000 0.529838 0.848099

PART 27
OFFSET 21.333355 -1.616953 -3.671923
SCALE 1.000000 1.000000 1.000000
X 1.000000 0.000000 -0.000000
Y -0.000000 0.848099 -0.529838
Z 0.000000 0.529838 0.848099

PART 28
OFFSET 12.042104 -3.067802 -1.295316
SCALE 1.000000 1.000000 1.000000
X 1.000000 0.000000 -0.000000
Y -0.000000 0.848099 -0.529838
Z 0.000000 0.529838 0.848099

PART 29
OFFSET 12.042104 -3.067802 -1.295316
SCALE 1.000000 1.000000 1.000000
X 1.000000 0.000000 -0.000000
Y -0.000000 0.848099 -0.529838
Z 0.000000 0.529838 0.848099

PART 30
OFFSET 11.547276 -4.455173 -3.517051
SCALE 1.000000 1.000000 1.000000
X 1.000000 0.000000 -0.000000
Y -0.000000 0.848099 -0.529838
Z 0.000000 0.529838 0.848099

PART 31
OFFSET 22.626874 -0.217072 -4.241202
SCALE 1.000000 1.000000 1.000000
X 1.000000 0.000000 -0.000000
Y -0.000000 0.848099 -0.529838
Z 0.000000 0.529838 0.848099

PART 32
OFFSET 22.491823 1.927480 -3.801444
SCALE 1.000000 1.000000 1.000000
X 0.848798 -0.321209 -0.419960
Y -0.477751 -0.125708 -0.869455
Z 0.226485 0.938628 -0.260159

PART 33
OFFSET 22.444289 3.052670 -3.919559
SCALE 1.000000 1.000000 1.000000
X 0.712409 -0.541381 -0.446519
Y -0.585791 -0.108403 -0.803180
Z 0.386422 0.833759 -0.394364

PART 34
OFFSET 19.875367 4.092272 -5.420264
SCALE 1.000000 1.000000 1.000000
X 0.997212 -0.044418 -0.059961
Y -0.074539 -0.555247 -0.828338
Z 0.003500 0.830498 -0.557010

PART 35
OFFSET 19.925015 3.194074 -5.139161
SCALE 1.000000 1.000000 1.000000
X 0.975578 0.131177 0.176181
Y 0.206054 -0.268720 -0.940920
Z -0.076083 0.954244 -0.289187

PART 36
OFFSET 19.658740 1.661363 -5.828667
SCALE 1.000000 1.000000 1.000000
X 0.790387 -0.609089 0.065574
Y -0.612604 -0.785440 0.088317
Z -0.002288 -0.109975 -0.993932

PART 37
OFFSET 22.078842 1.125776 -4.909530
SCALE 1.000000 1.000000 1.000000
X 0.967879 0.211972 0.135196
Y -0.124600 -0.062638 0.990228
Z 0.218369 -0.975266 -0.034214

PART 38
OFFSET 22.096572 3.274973 -5.918163
SCALE 1.000000 1.000000 1.000000
X -0.344591 0.930317 -0.125566
Y -0.408493 -0.028169 0.912327
Z 0.845217 0.365672 0.389734

PART 39
OFFSET 13.850695 -6.578447 -4.249425
SCALE 1.000000 1.000000 1.000000
X -0.970428 -0.230626 0.071284
Y 0.192938 -0.563577 0.803216
Z -0.145068 0.793216 0.591408

PART 40
OFFSET 13.976023 -7.246090 -5.137568
SCALE 1.000000 1.000000 1.000000
X -0.028230 -0.867015 0.497482
Y 0.986962 0.054717 0.151367
Z -0.158458 0.495269 0.854166

PART 41
OFFSET 11.172456 -8.350345 -5.802111
SCALE 1.000000 1.000000 1.000000
X -0.816710 -0.309279 0.487166
Y 0.567293 -0.584909 0.579707
Z 0.105657 0.749818 0.653153

PART 42
OFFSET 11.229125 -7.861369 -5.267592
SCALE 1.000000 1.000000 1.000000
X -0.946924 -0.154145 0.282091
Y 0.318318 -0.572000 0.755970
Z 0.044827 0.805640 0.590707

PART 43
OFFSET 10.398123 -6.896985 -4.758514
SCALE 1.000000 1.000000 1.000000
X -0.364730 -0.918304 0.153917
Y 0.789253 -0.392613 -0.472160
Z 0.494016 -0.050731 0.867972

PART 44
OFFSET 6.065496 -8.548414 -3.843268
SCALE 1.000000 1.000000 1.000000
X -0.895168 -0.255237 0.365415
Y -0.445573 0.490715 -0.748775
Z 0.011801 -0.833098 -0.552999

PART 45
OFFSET 22.626874 -3.828828 -1.984806
SCALE 1.000000 1.000000 1.000000
X 1.000000 0.000000 -0.000000
Y -0.000000 0.848099 -0.529838
Z 0.000000 0.529838 0.848099

PART 46
OFFSET 23.997754 1.400544 -4.521306
SCALE 1.000000 1.000000 1.000000
X 0.267396 -0.477339 -0.837046
Y -0.917715 0.138676 -0.372248
Z 0.293767 0.867707 -0.400980

PART 47
OFFSET 23.841977 2.024494 -4.750869
SCALE 1.000000 1.000000 1.000000
X 0.340649 -0.489965 -0.802429
Y -0.940147 -0.185754 -0.285691
Z -0.009076 0.851721 -0.523916

PART 48
OFFSET 22.108047 3.796805 -5.586371
SCALE 1.000000 1.000000 1.000000
X 0.975202 -0.220765 0.015630
Y -0.107747 -0.535275 -0.837777
Z 0.193319 0.815318 -0.545788

PART 49
OFFSET 22.445509 3.668523 -4.712136
SCALE 1.000000 1.000000 1.000000
X 0.853124 -0.485632 -0.190635
Y -0.420691 -0.424261 -0.801886
Z 0.308542 0.764307 -0.566248

PART 50
OFFSET 21.341399 0.238706 -5.696354
SCALE 1.000000 1.000000 1.000000
X 0.992643 -0.082685 0.088449
Y -0.095497 -0.983738 0.152117
Z 0.074433 -0.159445 -0.984397

PART 51
OFFSET 15.241851 -5.837943 -4.559691
SCALE 1.000000 1.000000 1.000000
X 0.681265 -0.667774 0.299926
Y 0.703443 0.710577 -0.015759
Z -0.202597 0.221717 0.953832

PART 52
OFFSET 13.997507 -5.537567 -6.114513
SCALE 1.000000 1.000000 1.000000
X 0.894398 -0.359738 0.265782
Y 0.442799 0.628344 -0.639619
Z 0.063092 0.689763 0.721281

PART 53
OFFSET 13.163848 -7.604308 -6.795191
SCALE 1.000000 1.000000 1.000000
X 0.138569 -0.833275 0.535211
Y 0.990098 0.104295 -0.093963
Z 0.022477 0.542932 0.839476

PART 54
OFFSET 13.679989 -7.561112 -6.097175
SCALE 1.000000 1.000000 1.000000
X -0.047185 -0.863512 0.502116
Y 0.983745 -0.127364 -0.126589
Z 0.173263 0.487981 0.855485

PART 55
OFFSET 11.150583 -4.808903 -5.128696
SCALE 1.000000 1.000000 1.000000
