// Export time: Fri Jun 17 00:35:41 2022

ANIMATION
VERSION 3

NUMPARTS 84
PART 0 "tag_torso"
PART 1 "j_shoulder_le"
PART 2 "j_shoulder_ri"
PART 3 "tag_weapon"
PART 4 "tag_weapon1"
PART 5 "j_elbow_le"
PART 6 "j_elbow_ri"
PART 7 "j_gun"
PART 8 "j_sleave_reshape_bottom_le_1"
PART 9 "j_sleave_reshape_bottom_le_2"
PART 10 "j_sleave_reshape_top_le_1"
PART 11 "j_sleave_reshape_top_le_2"
PART 12 "j_sleave_reshape_top_le_3"
PART 13 "j_wrist_le"
PART 14 "j_wristtwist_le"
PART 15 "j_sleave_reshape_top_ri_1"
PART 16 "j_sleave_reshape_top_ri_2"
PART 17 "j_sleave_reshape_top_ri_3"
PART 18 "j_wrist_ri"
PART 19 "j_wristtwist_ri"
PART 20 "tag_barrel"
PART 21 "tag_bolt_animate"
PART 22 "tag_brass"
PART 23 "tag_flash"
PART 24 "tag_grip"
PART 25 "tag_handguard"
PART 26 "tag_laser"
PART 27 "tag_mag_release_animate"
PART 28 "tag_sights_off"
PART 29 "tag_sights_on"
PART 30 "tag_stock"
PART 31 "tag_ext_mag_animate"
PART 32 "j_index_le_0"
PART 33 "j_mid_le_0"
PART 34 "j_pinkypalm_le"
PART 35 "j_ringpalm_le"
PART 36 "j_thumb_le_0"
PART 37 "j_webbing_le"
PART 38 "tag_knife_attach"
PART 39 "j_index_ri_0"
PART 40 "j_mid_ri_0"
PART 41 "j_pinkypalm_ri"
PART 42 "j_ringpalm_ri"
PART 43 "j_thumb_ri_0"
PART 44 "j_webbing_ri"
PART 45 "tag_ext_mag_bullet_animate"
PART 46 "j_index_le_1"
PART 47 "j_mid_le_1"
PART 48 "j_pinky_le_0"
PART 49 "j_ring_le_0"
PART 50 "j_thumb_le_1"
PART 51 "j_index_ri_1"
PART 52 "j_mid_ri_1"
PART 53 "j_pinky_ri_0"
PART 54 "j_ring_ri_0"
PART 55 "j_thumb_ri_1"
PART 56 "j_index_le_2"
PART 57 "j_mid_le_2"
PART 58 "j_pinky_le_1"
PART 59 "j_ring_le_1"
PART 60 "j_thumb_le_2"
PART 61 "j_index_ri_2"
PART 62 "j_mid_ri_2"
PART 63 "j_pinky_ri_1"
PART 64 "j_ring_ri_1"
PART 65 "j_thumb_ri_2"
PART 66 "j_index_le_3"
PART 67 "j_mid_le_3"
PART 68 "j_pinky_le_2"
PART 69 "j_ring_le_2"
PART 70 "j_thumb_le_3"
PART 71 "j_index_ri_3"
PART 72 "j_mid_ri_3"
PART 73 "j_pinky_ri_2"
PART 74 "j_ring_ri_2"
PART 75 "j_thumb_ri_3"
PART 76 "j_pinky_le_3"
PART 77 "j_ring_le_3"
PART 78 "j_pinky_ri_3"
PART 79 "j_ring_ri_3"
PART 80 "tag_cambone"
PART 81 "tag_camera"
PART 82 "tag_gasmask"
PART 83 "tag_gasmask2"

FRAMERATE 30
NUMFRAMES 6
FRAME 0
PART 0
OFFSET 0.000000 0.000000 0.000000
SCALE 1.000000 1.000000 1.000000
X 1.000000 0.000000 0.000000
Y 0.000000 1.000000 0.000000
Z 0.000000 0.000000 1.000000

PART 1
OFFSET 3.492755 -1.458195 -2.918761
SCALE 1.000000 1.000000 1.000000
X 0.496628 0.673222 -0.547843
Y 0.550230 -0.732341 -0.401153
Z -0.671273 -0.102215 -0.734128

PART 2
OFFSET -4.806000 -7.401901 2.691043
SCALE 1.000000 1.000000 1.000000
X -0.450189 0.493087 0.744443
Y -0.236332 -0.869771 0.433181
Z 0.861090 0.019077 0.508094

PART 3
OFFSET 12.630611 -5.736847 -5.568594
SCALE 1.000000 1.000000 1.000000
X 1.000000 0.000000 -0.000000
Y -0.000000 0.848099 -0.529838
Z 0.000000 0.529838 0.848099

PART 4
OFFSET 13.745596 17.667068 -17.903065
SCALE 1.000000 1.000000 1.000000
X 0.998737 0.041892 -0.027740
Y 0.021387 0.145113 0.989184
Z 0.045465 -0.988528 0.144033

PART 5
OFFSET 9.701247 7.732622 -10.180436
SCALE 1.000000 1.000000 1.000000
X 0.818294 -0.412232 0.400574
Y -0.574792 -0.583254 0.573959
Z -0.002968 -0.699914 -0.714221

PART 6
OFFSET 0.819137 -14.210572 -7.028696
SCALE 1.000000 1.000000 1.000000
X -0.821930 -0.540784 -0.178842
Y 0.449514 -0.423022 -0.786759
Z 0.349812 -0.727052 0.590785

PART 7
OFFSET 12.630611 -5.736847 -5.568594
SCALE 1.000000 1.000000 1.000000
X 1.000000 0.000000 -0.000000
Y -0.000000 0.848099 -0.529838
Z 0.000000 0.529838 0.848099

PART 8
OFFSET 18.413922 4.894240 -6.179535
SCALE 1.000000 1.000000 1.000000
X 0.821719 -0.406835 0.399078
Y 0.008916 0.709360 0.704790
Z -0.569823 -0.575581 0.586522

PART 9
OFFSET 18.210573 4.029508 -7.609412
SCALE 1.000000 1.000000 1.000000
X 0.821719 -0.406835 0.399078
Y 0.008916 0.709360 0.704790
Z -0.569823 -0.575581 0.586522

PART 10
OFFSET 17.383539 3.119442 -4.590641
SCALE 1.000000 1.000000 1.000000
X 0.821719 -0.406835 0.399078
Y 0.008916 0.709360 0.704790
Z -0.569823 -0.575581 0.586522

PART 11
OFFSET 17.174059 2.107377 -5.452814
SCALE 1.000000 1.000000 1.000000
X 0.821719 -0.406835 0.399078
Y 0.008916 0.709360 0.704790
Z -0.569823 -0.575581 0.586522

PART 12
OFFSET 17.409461 2.400958 -6.590391
SCALE 1.000000 1.000000 1.000000
X 0.821719 -0.406835 0.399078
Y 0.008916 0.709360 0.704790
Z -0.569823 -0.575581 0.586522

PART 13
OFFSET 19.187809 2.663771 -5.648697
SCALE 1.000000 1.000000 1.000000
X 0.912478 0.011553 0.408963
Y 0.022082 -0.999535 -0.021033
Z 0.408530 0.028223 -0.912308

PART 14
OFFSET 16.661078 4.226324 -6.772585
SCALE 1.000000 1.000000 1.000000
X 0.818294 -0.412232 0.400574
Y -0.574792 -0.583254 0.573959
Z -0.002968 -0.699914 -0.714221

PART 15
OFFSET 8.997857 -8.516004 -3.532407
SCALE 1.000000 1.000000 1.000000
X -0.825549 -0.536268 -0.175743
Y -0.353916 0.734558 -0.578937
Z 0.439559 -0.415743 -0.796207

PART 16
OFFSET 8.355577 -7.515366 -4.163039
SCALE 1.000000 1.000000 1.000000
X -0.825549 -0.536268 -0.175743
Y -0.353916 0.734558 -0.578937
Z 0.439559 -0.415743 -0.796207

PART 17
OFFSET 8.259101 -7.688119 -5.344802
SCALE 1.000000 1.000000 1.000000
X -0.825549 -0.536268 -0.175743
Y -0.353916 0.734558 -0.578937
Z 0.439559 -0.415743 -0.796207

PART 18
OFFSET 10.323702 -7.847683 -4.919715
SCALE 1.000000 1.000000 1.000000
X -0.969789 -0.242112 0.029866
Y 0.167032 -0.748255 -0.642040
Z 0.177793 -0.617654 0.766089

PART 19
OFFSET 7.811977 -9.608721 -5.507334
SCALE 1.000000 1.000000 1.000000
X -0.821930 -0.540784 -0.178842
Y 0.449514 -0.423022 -0.786759
Z 0.349812 -0.727052 0.590785

PART 20
OFFSET 24.656665 -3.597089 -2.142531
SCALE 1.000000 1.000000 1.000000
X 1.000000 0.000000 -0.000000
Y -0.000000 0.848099 -0.529838
Z 0.000000 0.529838 0.848099

PART 21
OFFSET 16.378987 -3.602241 -2.139314
SCALE 1.000000 1.000000 1.000000
X 1.000000 0.000000 -0.000000
Y -0.000000 0.848099 -0.529838
Z 0.000000 0.529838 0.848099

PART 22
OFFSET 22.807238 -3.912740 -1.965847
SCALE 1.000000 1.000000 1.000000
X 0.000000 -0.469686 0.882833
Y 1.000000 0.000000 0.000000
Z -0.000000 0.882833 0.469686

PART 23
OFFSET 32.014115 -3.597089 -2.142531
SCALE 1.000000 1.000000 1.000000
X 1.000000 0.000000 -0.000000
Y -0.000000 0.848099 -0.529838
Z 0.000000 0.529838 0.848099

PART 24
OFFSET 12.630611 -5.736847 -5.568594
SCALE 1.000000 1.000000 1.000000
X 1.000000 0.000000 -0.000000
Y -0.000000 0.848099 -0.529838
Z 0.000000 0.529838 0.848099

PART 25
OFFSET 25.443799 -3.597089 -2.142531
SCALE 1.000000 1.000000 1.000000
X 1.000000 0.000000 -0.000000
Y -0.000000 0.848099 -0.529838
Z 0.000000 0.529838 0.848099

PART 26
OFFSET 29.770132 -5.225151 -2.102744
SCALE 1.000000 1.000000 1.000000
X 1.000000 0.000000 -0.000000
Y -0.000000 0.848099 -0.529838
Z 0.000000 0.529838 0.848099

PART 27
OFFSET 21.483415 -1.616953 -3.671923
SCALE 1.000000 1.000000 1.000000
X 1.000000 0.000000 -0.000000
Y -0.000000 0.848099 -0.529838
Z 0.000000 0.529838 0.848099

PART 28
OFFSET 12.192165 -3.067802 -1.295316
SCALE 1.000000 1.000000 1.000000
X 1.000000 0.000000 -0.000000
Y -0.000000 0.848099 -0.529838
Z 0.000000 0.529838 0.848099

PART 29
OFFSET 12.192165 -3.067802 -1.295316
SCALE 1.000000 1.000000 1.000000
X 1.000000 0.000000 -0.000000
Y -0.000000 0.848099 -0.529838
Z 0.000000 0.529838 0.848099

PART 30
OFFSET 11.697337 -4.455173 -3.517051
SCALE 1.000000 1.000000 1.000000
X 1.000000 0.000000 -0.000000
Y -0.000000 0.848099 -0.529838
Z 0.000000 0.529838 0.848099

PART 31
OFFSET 22.776935 -0.217072 -4.241202
SCALE 1.000000 1.000000 1.000000
X 1.000000 0.000000 -0.000000
Y -0.000000 0.848099 -0.529838
Z 0.000000 0.529838 0.848099

PART 32
OFFSET 22.667737 1.929123 -3.802233
SCALE 1.000000 1.000000 1.000000
X 0.848804 -0.321134 -0.420005
Y -0.477764 -0.125655 -0.869455
Z 0.226436 0.938661 -0.260083

PART 33
OFFSET 22.620121 3.054324 -3.920258
SCALE 1.000000 1.000000 1.000000
X 0.712424 -0.541311 -0.446581
Y -0.585803 -0.108361 -0.803177
Z 0.386376 0.833811 -0.394301

PART 34
OFFSET 20.051153 4.093924 -5.420823
SCALE 1.000000 1.000000 1.000000
X 0.997213 -0.044367 -0.059985
Y -0.074530 -0.555180 -0.828384
Z 0.003450 0.830546 -0.556939

PART 35
OFFSET 20.100845 3.195708 -5.139793
SCALE 1.000000 1.000000 1.000000
X 0.975576 0.131206 0.176172
Y 0.206047 -0.268630 -0.940948
Z -0.076133 0.954265 -0.289104

PART 36
OFFSET 19.834595 1.663043 -5.829428
SCALE 1.000000 1.000000 1.000000
X 0.790416 -0.609058 0.065505
Y -0.612566 -0.785476 0.088262
Z -0.002304 -0.109890 -0.993941

PART 37
OFFSET 22.254741 1.127487 -4.910389
SCALE 1.000000 1.000000 1.000000
X 0.967872 0.212005 0.135194
Y -0.124576 -0.062728 0.990225
Z 0.218413 -0.975253 -0.034302

PART 38
OFFSET 22.272352 3.276771 -5.918838
SCALE 1.000000 1.000000 1.000000
X -0.344636 0.930312 -0.125479
Y -0.408472 -0.028265 0.912333
Z 0.845208 0.365678 0.389748

PART 39
OFFSET 14.022092 -6.593368 -4.245490
SCALE 1.000000 1.000000 1.000000
X -0.980685 -0.195069 -0.014323
Y 0.113232 -0.625914 0.771629
Z -0.159486 0.755103 0.635912

PART 40
OFFSET 14.154001 -7.258208 -5.150029
SCALE 1.000000 1.000000 1.000000
X 0.009609 -0.901507 0.432658
Y 0.999353 0.023659 0.027103
Z -0.034670 0.432118 0.901151

PART 41
OFFSET 11.261328 -8.364814 -5.816979
SCALE 1.000000 1.000000 1.000000
X -0.895439 -0.260642 0.360908
Y 0.440632 -0.634525 0.634997
Z 0.063498 0.727629 0.683026

PART 42
OFFSET 11.374504 -7.840872 -5.305148
SCALE 1.000000 1.000000 1.000000
X -0.978587 -0.083915 0.187952
Y 0.200331 -0.598025 0.776037
Z 0.047279 0.797073 0.602030

PART 43
OFFSET 10.619548 -6.874002 -4.753519
SCALE 1.000000 1.000000 1.000000
X -0.470530 -0.878267 0.085134
Y 0.770646 -0.456022 -0.445139
Z 0.429774 -0.143843 0.891406

PART 44
OFFSET 6.241649 -8.553651 -3.841873
SCALE 1.000000 1.000000 1.000000
X -0.895339 -0.254846 0.365268
Y -0.445235 0.490889 -0.748862
Z 0.011539 -0.833115 -0.552979

PART 45
OFFSET 22.776935 -3.828828 -1.984806
SCALE 1.000000 1.000000 1.000000
X 1.000000 0.000000 -0.000000
Y -0.000000 0.848099 -0.529838
Z 0.000000 0.529838 0.848099

PART 46
OFFSET 24.173688 1.402307 -4.522172
SCALE 1.000000 1.000000 1.000000
X 0.267400 -0.477256 -0.837093
Y -0.917729 0.138666 -0.372217
Z 0.293719 0.867755 -0.400912

PART 47
OFFSET 24.017843 2.026282 -4.751678
SCALE 1.000000 1.000000 1.000000
X 0.340654 -0.489881 -0.802478
Y -0.940144 -0.185773 -0.285687
Z -0.009126 0.851766 -0.523843

PART 48
OFFSET 22.283868 3.798554 -5.586993
SCALE 1.000000 1.000000 1.000000
X 0.975212 -0.220722 0.015591
Y -0.107740 -0.535209 -0.837821
Z 0.193270 0.815373 -0.545723

PART 49
OFFSET 22.621333 3.670251 -4.712776
SCALE 1.000000 1.000000 1.000000
X 0.853142 -0.485576 -0.190694
Y -0.420689 -0.424212 -0.801914
Z 0.308495 0.764369 -0.566189

PART 50
OFFSET 21.517310 0.240462 -5.697246
SCALE 1.000000 1.000000 1.000000
X 0.992649 -0.082647 0.088421
Y -0.095449 -0.983755 0.152035
Z 0.074419 -0.159357 -0.984412

PART 51
OFFSET 15.669069 -6.027313 -4.329721
SCALE 1.000000 1.000000 1.000000
X 0.047993 -0.945873 0.320968
Y 0.941178 0.150430 0.302579
Z -0.334485 0.287566 0.897455

PART 52
OFFSET 14.106053 -5.482747 -5.995244
SCALE 1.000000 1.000000 1.000000
X 0.895798 -0.421702 0.140404
Y 0.406527 0.649687 -0.642373
Z 0.179671 0.632515 0.753421

PART 53
OFFSET 13.435730 -7.736537 -6.495011
SCALE 1.000000 1.000000 1.000000
X 0.016734 -0.856007 0.516694
Y 0.983058 -0.080254 -0.164794
Z 0.182532 0.510697 0.840161

PART 54
OFFSET 13.908121 -7.723485 -5.900414
SCALE 1.000000 1.000000 1.000000
X -0.094983 -0.873784 0.476949
Y 0.927612 -0.251563 -0.276139
Z 0.361269 0.416195 0.834426

PART 55
OFFSET 11.573800 -4.890910 -4.957668
SCALE 1.000000 1.000000 1.000000
X -0.870646 -0.459968 0.174371
Y 0.414045 -0.876637 -0.245100
Z 0.265599 -0.141198 0.953688

PART 56
OFFSET 24.172866 0.749744 -5.500849
SCALE 1.000000 1.000000 1.000000
X -0.587706 -0.412914 -0.695776
Y -0.764187 0.565756 0.309739
Z 0.265743 0.713738 -0.648042

PART 57
OFFSET 24.389402 1.287899 -5.961045
SCALE 1.000000 1.000000 1.000000
X -0.710114 -0.266463 -0.651717
Y -0.696487 0.401472 0.594749
Z 0.103168 0.876252 -0.470679

PART 58
OFFSET 23.637093 3.499017 -5.561946
SCALE 1.000000 1.000000 1.000000
X 0.597235 -0.648815 -0.471539
Y -0.701832 -0.138159 -0.698816
Z 0.388255 0.748299 -0.537873

PART 59
OFFSET 24.037042 2.901677 -5.020786
SCALE 1.000000 1.000000 1.000000
X 0.164912 -0.744991 -0.646369
Y -0.915376 0.128427 -0.381568
Z 0.367275 0.654596 -0.660767

PART 60
OFFSET 23.110924 0.323712 -5.714350
SCALE 1.000000 1.000000 1.000000
X 0.921551 0.336182 -0.194229
Y 0.384606 -0.858889 0.338214
Z -0.053120 -0.386383 -0.920808

PART 61
OFFSET 15.524903 -4.868139 -4.669819
SCALE 1.000000 1.000000 1.000000
X 0.456669 -0.829576 0.321335
Y 0.839103 0.521652 0.154225
Z -0.295566 0.199204 0.934322

PART 62
OFFSET 12.767718 -4.907981 -6.168604
SCALE 1.000000 1.000000 1.000000
X 0.829131 0.316471 -0.460856
Y -0.539564 0.668764 -0.511494
Z 0.146331 0.672757 0.725249

PART 63
OFFSET 13.418285 -6.558320 -7.211500
SCALE 1.000000 1.000000 1.000000
X 0.611769 -0.780444 0.129019
Y 0.768537 0.547786 -0.330576
Z 0.187322 0.301392 0.934919

PART 64
OFFSET 14.068417 -6.225804 -6.709584
SCALE 1.000000 1.000000 1.000000
X 0.786404 -0.616725 -0.034926
Y 0.509850 0.679967 -0.526970
Z 0.348744 0.396604 0.849166

PART 65
OFFSET 13.011538 -4.493681 -5.328049
SCALE 1.000000 1.000000 1.000000
X -0.916635 0.278126 0.287101
Y -0.319851 -0.941120 -0.109495
Z 0.239743 -0.192196 0.951622

PART 66
OFFSET 23.509094 0.283334 -6.286738
SCALE 1.000000 1.000000 1.000000
X 0.955896 -0.174941 -0.235922
Y 0.291396 0.464344 0.836345
Z -0.036762 -0.868205 0.494841

PART 67
OFFSET 23.586366 0.992031 -6.702917
SCALE 1.000000 1.000000 1.000000
X 0.982042 -0.111784 0.151979
Y -0.068057 0.541421 0.837993
Z -0.175959 -0.833287 0.524091

PART 68
OFFSET 24.170632 2.912604 -5.989263
SCALE 1.000000 1.000000 1.000000
X -0.423756 -0.477277 -0.769830
Y -0.817203 0.568013 0.097678
Z 0.390654 0.670499 -0.630731

PART 69
OFFSET 24.227789 1.893580 -5.975484
SCALE 1.000000 1.000000 1.000000
X -0.613140 -0.215764 -0.759938
Y -0.703670 0.586381 0.401255
Z 0.359037 0.780771 -0.511360

PART 70
OFFSET 24.111614 0.654948 -5.960797
SCALE 1.000000 1.000000 1.000000
X 0.793669 0.319329 0.517802
Y -0.606873 0.356315 0.710454
Z 0.042368 -0.878105 0.476589

PART 71
OFFSET 15.009145 -3.931136 -5.032727
SCALE 1.000000 1.000000 1.000000
X -0.989281 -0.144677 0.019768
Y -0.141205 0.913357 -0.381891
Z 0.037196 -0.380589 -0.923996

PART 72
OFFSET 11.827258 -5.270710 -5.652107
SCALE 1.000000 1.000000 1.000000
X -0.301112 -0.715459 0.630436
Y -0.933460 0.356271 -0.041524
Z -0.194897 -0.600990 -0.775130

PART 73
OFFSET 12.871382 -5.862896 -7.325449
SCALE 1.000000 1.000000 1.000000
X 0.920838 0.038881 -0.388003
Y -0.118224 0.976021 -0.182772
Z 0.371593 0.214174 0.903354

PART 74
OFFSET 12.948533 -5.397515 -6.654723
SCALE 1.000000 1.000000 1.000000
X 0.918522 0.196860 -0.342874
Y -0.323202 0.873364 -0.364383
Z 0.227721 0.445512 0.865830

PART 75
OFFSET 13.997299 -4.769656 -5.680195
SCALE 1.000000 1.000000 1.000000
X -0.896568 0.134791 -0.421898
Y 0.442898 0.266931 -0.855914
Z -0.002752 -0.954243 -0.299020

PART 76
OFFSET 23.768053 2.459178 -6.720620
SCALE 1.000000 1.000000 1.000000
X 0.780061 -0.089166 0.619318
Y -0.295010 0.820462 0.489705
Z -0.551792 -0.564704 0.613706

PART 77
OFFSET 23.562891 1.659577 -6.799624
SCALE 1.000000 1.000000 1.000000
X 0.923404 -0.116098 0.365849
Y -0.239288 0.571133 0.785206
Z -0.300109 -0.812606 0.499606

PART 78
OFFSET 11.996550 -5.899839 -6.956845
SCALE 1.000000 1.000000 1.000000
X -0.684159 -0.673507 0.279848
Y -0.635051 0.738810 0.225544
Z -0.358660 -0.023409 -0.933175

PART 79
OFFSET 11.952359 -5.610958 -6.282866
SCALE 1.000000 1.000000 1.000000
X -0.555588 -0.636020 0.535537
Y -0.800461 0.583379 -0.137593
Z -0.224909 -0.505121 -0.833228

PART 80
OFFSET 0.000000 0.000000 0.000000
SCALE 1.000000 1.000000 1.000000
X 1.000000 0.000000 0.000000
Y 0.000000 1.000000 0.000000
Z 0.000000 0.000000 1.000000

PART 81
OFFSET 0.000000 0.000000 0.000000
SCALE 1.000000 1.000000 1.000000
X 1.000000 0.000000 0.000000
Y 0.000000 1.000000 0.000000
Z 0.000000 0.000000 1.000000

PART 82
OFFSET 1.540551 0.000000 4.135827
SCALE 1.000000 1.000000 1.000000
X 1.000000 0.000000 0.000000
Y 0.000000 1.000000 0.000000
Z 0.000000 0.000000 1.000000

PART 83
OFFSET -4.631835 0.000000 -1.376957
SCALE 1.000000 1.000000 1.000000
X 1.000000 0.000000 0.000000
Y 0.000000 1.000000 0.000000
Z 0.000000 0.000000 1.000000

FRAME 1
PART 0
OFFSET 0.000000 0.000000 0.000000
SCALE 1.000000 1.000000 1.000000
X 1.000000 0.000000 0.000000
Y 0.000000 1.000000 0.000000
Z 0.000000 0.000000 1.000000

PART 1
OFFSET 3.642039 -1.406752 -2.836261
SCALE 1.000000 1.000000 1.000000
X 0.450802 0.682996 -0.574711
Y 0.595131 -0.709837 -0.376763
Z -0.665280 -0.172183 -0.726468

PART 2
OFFSET -4.577835 -7.242349 2.586346
SCALE 1.000000 1.000000 1.000000
X -0.382517 0.550371 0.742140
Y -0.223654 -0.834495 0.503584
Z 0.896471 0.026646 0.442301

PART 3
OFFSET 11.634106 -5.792759 -5.807412
SCALE 1.000000 1.000000 1.000000
X 0.999972 0.002319 0.007166
Y 0.001281 0.885236 -0.465140
Z -0.007422 0.465136 0.885208

PART 4
OFFSET 13.745596 17.667068 -17.903065
SCALE 1.000000 1.000000 1.000000
X 0.998737 0.041892 -0.027740
Y 0.021387 0.145113 0.989184
Z 0.045465 -0.988528 0.144033

PART 5
OFFSET 9.371371 8.122743 -10.604915
SCALE 1.000000 1.000000 1.000000
X 0.758487 -0.448014 0.473266
Y -0.651649 -0.529333 0.543286
Z 0.007115 -0.720479 -0.693440

PART 6
OFFSET 0.253598 -14.953377 -7.221713
SCALE 1.000000 1.000000 1.000000
X -0.786185 -0.596741 -0.160664
Y 0.470717 -0.409787 -0.781345
Z 0.400423 -0.689909 0.603065

PART 7
OFFSET 11.634106 -5.792759 -5.807412
SCALE 1.000000 1.000000 1.000000
X 0.999972 0.002319 0.007166
Y 0.001281 0.885236 -0.465140
Z -0.007422 0.465136 0.885208

PART 8
OFFSET 17.563948 4.891529 -5.870437
SCALE 1.000000 1.000000 1.000000
X 0.762345 -0.442883 0.471895
Y 0.000104 0.729250 0.684247
Z -0.647171 -0.521584 0.555986

PART 9
OFFSET 17.415222 3.996275 -7.288204
SCALE 1.000000 1.000000 1.000000
X 0.762345 -0.442883 0.471895
Y 0.000104 0.729250 0.684247
Z -0.647171 -0.521584 0.555986

PART 10
OFFSET 16.308113 3.232602 -4.318979
SCALE 1.000000 1.000000 1.000000
X 0.762345 -0.442883 0.471895
Y 0.000104 0.729250 0.684247
Z -0.647171 -0.521584 0.555986

PART 11
OFFSET 16.101357 2.208496 -5.167481
SCALE 1.000000 1.000000 1.000000
X 0.762345 -0.442883 0.471895
Y 0.000104 0.729250 0.684247
Z -0.647171 -0.521584 0.555986

PART 12
OFFSET 16.439585 2.451616 -6.290949
SCALE 1.000000 1.000000 1.000000
X 0.762345 -0.442883 0.471895
Y 0.000104 0.729250 0.684247
Z -0.647171 -0.521584 0.555986

PART 13
OFFSET 18.170784 2.604183 -5.214706
SCALE 1.000000 1.000000 1.000000
X 0.909676 -0.016853 0.414977
Y 0.025140 -0.995110 -0.095523
Z 0.414557 0.097328 -0.904804

PART 14
OFFSET 15.822450 4.312132 -6.578795
SCALE 1.000000 1.000000 1.000000
X 0.758487 -0.448014 0.473266
Y -0.651649 -0.529333 0.543286
Z 0.007115 -0.720479 -0.693440

PART 15
OFFSET 8.067951 -8.665759 -3.913337
SCALE 1.000000 1.000000 1.000000
X -0.790070 -0.592404 -0.157632
Y -0.404925 0.697386 -0.591344
Z 0.460245 -0.403374 -0.790863

PART 16
OFFSET 7.357607 -7.722755 -4.559596
SCALE 1.000000 1.000000 1.000000
X -0.790070 -0.592404 -0.157632
Y -0.404925 0.697386 -0.591344
Z 0.460245 -0.403374 -0.790863

PART 17
OFFSET 7.264517 -7.926821 -5.736629
SCALE 1.000000 1.000000 1.000000
X -0.790070 -0.592404 -0.157632
Y -0.404925 0.697386 -0.591344
Z 0.460245 -0.403374 -0.790863

PART 18
OFFSET 9.327657 -7.951025 -5.339521
SCALE 1.000000 1.000000 1.000000
X -0.969312 -0.245783 0.005055
Y 0.173316 -0.697812 -0.694996
Z 0.174346 -0.672792 0.718996

PART 19
OFFSET 6.942265 -9.875458 -5.855022
SCALE 1.000000 1.000000 1.000000
X -0.786185 -0.596741 -0.160664
Y 0.470717 -0.409787 -0.781345
Z 0.400423 -0.689909 0.603065

PART 20
OFFSET 23.629839 -3.886492 -2.145310
SCALE 1.000000 1.000000 1.000000
X 0.999972 0.002319 0.007166
Y 0.001281 0.885236 -0.465140
Z -0.007422 0.465136 0.885208

PART 21
OFFSET 13.347031 -3.915722 -2.216185
SCALE 1.000000 1.000000 1.000000
X 0.999972 0.002319 0.007166
Y 0.001281 0.885236 -0.465140
Z -0.007422 0.465136 0.885208

PART 22
OFFSET 21.780131 -4.218725 -2.005901
SCALE 1.000000 1.000000 1.000000
X -0.004819 -0.534194 0.845348
Y 0.999972 0.002319 0.007166
Z -0.005788 0.845359 0.534168

PART 23
OFFSET 30.987080 -3.869433 -2.092590
SCALE 1.000000 1.000000 1.000000
X 0.999972 0.002319 0.007166
Y 0.001281 0.885236 -0.465140
Z -0.007422 0.465136 0.885208

PART 24
OFFSET 11.634106 -5.792759 -5.807412
SCALE 1.000000 1.000000 1.000000
X 0.999972 0.002319 0.007166
Y 0.001281 0.885236 -0.465140
Z -0.007422 0.465136 0.885208

PART 25
OFFSET 24.416951 -3.884667 -2.139670
SCALE 1.000000 1.000000 1.000000
X 0.999972 0.002319 0.007166
Y 0.001281 0.885236 -0.465140
Z -0.007422 0.465136 0.885208

PART 26
OFFSET 28.747517 -5.501130 -2.190337
SCALE 1.000000 1.000000 1.000000
X 0.999972 0.002319 0.007166
Y 0.001281 0.885236 -0.465140
Z -0.007422 0.465136 0.885208

PART 27
OFFSET 20.461707 -1.805213 -3.545563
SCALE 1.000000 1.000000 1.000000
X 0.999972 0.002319 0.007166
Y 0.001281 0.885236 -0.465140
Z -0.007422 0.465136 0.885208

PART 28
OFFSET 11.158278 -3.450742 -1.350341
SCALE 1.000000 1.000000 1.000000
X 0.999972 0.002319 0.007166
Y 0.001281 0.885236 -0.465140
Z -0.007422 0.465136 0.885208

PART 29
OFFSET 11.158278 -3.450742 -1.350341
SCALE 1.000000 1.000000 1.000000
X 0.999972 0.002319 0.007166
Y 0.001281 0.885236 -0.465140
Z -0.007422 0.465136 0.885208

PART 30
OFFSET 10.682905 -4.669763 -3.672789
SCALE 1.000000 1.000000 1.000000
X 0.999972 0.002319 0.007166
Y 0.001281 0.885236 -0.465140
Z -0.007422 0.465136 0.885208

PART 31
OFFSET 21.755175 -0.363792 -3.999639
SCALE 1.000000 1.000000 1.000000
X 0.999972 0.002319 0.007166
Y 0.001281 0.885236 -0.465140
Z -0.007422 0.465136 0.885208

PART 32
OFFSET 21.640375 1.741946 -3.404314
SCALE 1.000000 1.000000 1.000000
X 0.852537 -0.286792 -0.436957
Y -0.471551 -0.061459 -0.879695
Z 0.225435 0.956019 -0.187633

PART 33
OFFSET 21.590268 2.872703 -3.438240
SCALE 1.000000 1.000000 1.000000
X 0.716982 -0.504694 -0.480855
Y -0.580082 -0.049428 -0.813057
Z 0.386577 0.861882 -0.328203

PART 34
OFFSET 19.028401 4.015376 -4.874625
SCALE 1.000000 1.000000 1.000000
X 0.997718 -0.037356 -0.056243
Y -0.067350 -0.491879 -0.868055
Z 0.004762 0.869862 -0.493272

PART 35
OFFSET 19.078829 3.098787 -4.661174
SCALE 1.000000 1.000000 1.000000
X 0.973985 0.120020 0.192221
Y 0.213139 -0.197041 -0.956947
Z -0.076977 0.973021 -0.217496

PART 36
OFFSET 18.821686 1.621327 -5.465250
SCALE 1.000000 1.000000 1.000000
X 0.791733 -0.610344 0.025262
Y -0.610849 -0.791350 0.025078
Z 0.004685 -0.035286 -0.999366

PART 37
OFFSET 21.237166 1.024400 -4.572108
SCALE 1.000000 1.000000 1.000000
X 0.966320 0.203637 0.157344
Y -0.131033 -0.136877 0.981883
Z 0.221484 -0.969431 -0.105583

PART 38
OFFSET 21.255267 3.243093 -5.416961
SCALE 1.000000 1.000000 1.000000
X -0.346501 0.936256 -0.057978
Y -0.414500 -0.097372 0.904825
Z 0.841503 0.337555 0.421817

PART 39
OFFSET 13.020145 -6.740248 -4.548224
SCALE 1.000000 1.000000 1.000000
X -0.977406 -0.211249 -0.007190
Y 0.137386 -0.660771 0.737907
Z -0.160633 0.720247 0.674864

PART 40
OFFSET 13.157618 -7.337010 -5.493489
SCALE 1.000000 1.000000 1.000000
X -0.003962 -0.921038 0.389454
Y 0.996373 0.029467 0.079824
Z -0.084996 0.388357 0.917581

PART 41
OFFSET 10.303021 -8.395901 -6.258442
SCALE 1.000000 1.000000 1.000000
X -0.872260 -0.310013 0.378225
Y 0.483737 -0.660554 0.574166
Z 0.071839 0.683784 0.726140

PART 42
OFFSET 10.391103 -7.924038 -5.702784
SCALE 1.000000 1.000000 1.000000
X -0.970351 -0.127041 0.205618
Y 0.238311 -0.644814 0.726239
Z 0.040323 0.753708 0.655971

PART 43
OFFSET 9.604252 -7.001914 -5.101564
SCALE 1.000000 1.000000 1.000000
X -0.432859 -0.900588 0.039681
Y 0.782789 -0.397342 -0.478916
Z 0.447073 -0.176241 0.876963

PART 44
OFFSET 5.240427 -8.744480 -4.345402
SCALE 1.000000 1.000000 1.000000
X -0.897064 -0.283386 0.339070
Y -0.441555 0.544510 -0.713118
Z 0.017461 -0.789431 -0.613591

PART 45
OFFSET 21.749721 -4.133703 -2.018770
SCALE 1.000000 1.000000 1.000000
X 0.999972 0.002319 0.007166
Y 0.001281 0.885236 -0.465140
Z -0.007422 0.465136 0.885208

PART 46
OFFSET 23.152654 1.274053 -4.151190
SCALE 1.000000 1.000000 1.000000
X 0.274403 -0.412698 -0.868553
Y -0.915612 0.163891 -0.367144
Z 0.293867 0.896002 -0.332899

PART 47
OFFSET 22.996531 1.913062 -4.334491
SCALE 1.000000 1.000000 1.000000
X 0.347459 -0.427699 -0.834473
Y -0.937660 -0.166161 -0.305261
Z -0.008098 0.888518 -0.458771

PART 48
OFFSET 21.263034 3.738635 -5.046976
SCALE 1.000000 1.000000 1.000000
X 0.975726 -0.218919 0.005788
Y -0.100554 -0.471338 -0.876202
Z 0.194546 0.854351 -0.481910

PART 49
OFFSET 21.594999 3.546152 -4.182482
SCALE 1.000000 1.000000 1.000000
X 0.855816 -0.467905 -0.220552
Y -0.414059 -0.364091 -0.834262
Z 0.310054 0.805297 -0.505335

PART 50
OFFSET 20.507623 0.196904 -5.428134
SCALE 1.000000 1.000000 1.000000
X 0.992270 -0.086633 0.088853
Y -0.093595 -0.992595 0.077425
Z 0.081487 -0.085142 -0.993031

PART 51
OFFSET 14.591896 -6.079195 -4.657918
SCALE 1.000000 1.000000 1.000000
X 0.288910 -0.915542 0.279847
Y 0.906675 0.355513 0.227048
Z -0.307361 0.188134 0.932810

PART 52
OFFSET 13.134575 -5.523129 -6.255071
SCALE 1.000000 1.000000 1.000000
X 0.896595 -0.412614 0.160833
Y 0.422505 0.688176 -0.589834
Z 0.132692 0.596795 0.791346

PART 53
OFFSET 12.421585 -7.661936 -6.982322
SCALE 1.000000 1.000000 1.000000
X 0.054117 -0.885895 0.460718
Y 0.991227 -0.008058 -0.131926
Z 0.120585 0.463816 0.877687

PART 54
OFFSET 12.904257 -7.686727 -6.347636
SCALE 1.000000 1.000000 1.000000
X -0.081195 -0.902550 0.422860
Y 0.953335 -0.194107 -0.231246
Z 0.290791 0.384351 0.876193

PART 55
OFFSET 10.486701 -4.962407 -5.206407
SCALE 1.000000 1.000000 1.000000
X -0.877616 -0.451817 0.160162
Y 0.397543 -0.872689 -0.283500
Z 0.267862 -0.185133 0.945503

PART 56
OFFSET 23.160303 0.696476 -5.175882
SCALE 1.000000 1.000000 1.000000
X -0.581816 -0.361161 -0.728733
Y -0.767897 0.539175 0.345868
Z 0.268001 0.760824 -0.591036

PART 57
OFFSET 23.378350 1.268048 -5.593065
SCALE 1.000000 1.000000 1.000000
X -0.704945 -0.218709 -0.674699
Y -0.701630 0.354209 0.618264
Z 0.103765 0.909232 -0.403151

PART 58
OFFSET 22.616929 3.441325 -5.035037
SCALE 1.000000 1.000000 1.000000
X 0.602277 -0.610309 -0.514573
Y -0.696721 -0.087224 -0.712019
Z 0.389668 0.787347 -0.477748

PART 59
OFFSET 23.014980 2.806167 -4.537284
SCALE 1.000000 1.000000 1.000000
X 0.171419 -0.694188 -0.699084
Y -0.913166 0.154385 -0.377217
Z 0.369788 0.703042 -0.607444

PART 60
OFFSET 22.101066 0.285039 -5.427958
SCALE 1.000000 1.000000 1.000000
X 0.921848 0.351981 -0.162190
Y 0.384834 -0.880839 0.275726
Z -0.045813 -0.316594 -0.947454

PART 61
OFFSET 14.244370 -4.950174 -4.941345
SCALE 1.000000 1.000000 1.000000
X 0.520681 -0.810414 0.268553
Y 0.808347 0.569180 0.150362
Z -0.274710 0.138793 0.951457

PART 62
OFFSET 11.794479 -4.963695 -6.461772
SCALE 1.000000 1.000000 1.000000
X 0.842875 0.353632 -0.405593
Y -0.528757 0.684201 -0.502279
Z 0.099885 0.637819 0.763682

PART 63
OFFSET 12.352623 -6.439983 -7.622293
SCALE 1.000000 1.000000 1.000000
X 0.663823 -0.741645 0.096447
Y 0.735179 0.623418 -0.266200
Z 0.137299 0.247615 0.959081

PART 64
OFFSET 13.038674 -6.135494 -7.067921
SCALE 1.000000 1.000000 1.000000
X 0.823885 -0.565362 -0.039739
Y 0.488544 0.743983 -0.455866
Z 0.287295 0.356167 0.889161

PART 65
OFFSET 11.931896 -4.563493 -5.569973
SCALE 1.000000 1.000000 1.000000
X -0.916316 0.256553 0.307483
Y -0.313491 -0.937322 -0.152153
Z 0.249175 -0.235813 0.939310

PART 66
OFFSET 22.503183 0.288522 -5.998999
SCALE 1.000000 1.000000 1.000000
X 0.957964 -0.154512 -0.241727
Y 0.284422 0.401225 0.870703
Z -0.037547 -0.902854 0.428305

PART 67
OFFSET 22.581176 1.026531 -6.360504
SCALE 1.000000 1.000000 1.000000
X 0.981323 -0.120465 0.149981
Y -0.075258 0.477097 0.875623
Z -0.177038 -0.870555 0.459120

PART 68
OFFSET 23.155032 2.889784 -5.501290
SCALE 1.000000 1.000000 1.000000
X -0.417186 -0.419413 -0.806256
Y -0.819495 0.557151 0.134208
Z 0.392918 0.716712 -0.576142

PART 69
OFFSET 23.215070 1.872722 -5.563313
SCALE 1.000000 1.000000 1.000000
X -0.607395 -0.159828 -0.778156
Y -0.708055 0.553047 0.439086
Z 0.360179 0.817676 -0.449085

PART 70
OFFSET 23.102415 0.636182 -5.642041
SCALE 1.000000 1.000000 1.000000
X 0.789241 0.281639 0.545690
Y -0.612664 0.300745 0.730887
Z 0.041732 -0.911171 0.409911

PART 71
OFFSET 13.656312 -4.034813 -5.244636
SCALE 1.000000 1.000000 1.000000
X -0.976471 -0.210847 0.045263
Y -0.213664 0.917507 -0.335453
Z 0.029200 -0.337231 -0.940969

PART 72
OFFSET 10.838787 -5.368256 -6.008131
SCALE 1.000000 1.000000 1.000000
X -0.315382 -0.751423 0.579567
Y -0.937427 0.341642 -0.067171
Z -0.147531 -0.564486 -0.812151

PART 73
OFFSET 11.759313 -5.779331 -7.707282
SCALE 1.000000 1.000000 1.000000
X 0.926311 0.132056 -0.352859
Y -0.184746 0.975441 -0.119934
Z 0.328355 0.176285 0.927958

PART 74
OFFSET 11.871464 -5.378458 -7.005768
SCALE 1.000000 1.000000 1.000000
X 0.915817 0.266936 -0.300039
Y -0.359164 0.878664 -0.314564
Z 0.179665 0.395847 0.900570

PART 75
OFFSET 12.916773 -4.814207 -5.942871
SCALE 1.000000 1.000000 1.000000
X -0.901081 0.147665 -0.407736
Y 0.433647 0.311386 -0.845570
Z 0.002102 -0.938741 -0.344618

PART 76
OFFSET 22.758695 2.491330 -6.267253
SCALE 1.000000 1.000000 1.000000
X 0.776145 -0.133334 0.616296
Y -0.300682 0.780846 0.547604
Z -0.554246 -0.610329 0.565959

PART 77
OFFSET 22.556402 1.699381 -6.407211
SCALE 1.000000 1.000000 1.000000
X 0.921264 -0.140896 0.362520
Y -0.246217 0.510259 0.824022
Z -0.301081 -0.848401 0.435392

PART 78
OFFSET 10.879282 -5.904792 -7.372066
SCALE 1.000000 1.000000 1.000000
X -0.640295 -0.738881 0.209948
Y -0.694242 0.673633 0.253467
Z -0.328710 0.016539 -0.944286

PART 79
OFFSET 10.878220 -5.667902 -6.680363
SCALE 1.000000 1.000000 1.000000
X -0.535422 -0.699122 0.473869
Y -0.826345 0.549608 -0.122819
Z -0.174577 -0.457339 -0.871988

PART 80
OFFSET 0.000000 0.000000 0.000000
SCALE 1.000000 1.000000 1.000000
X 1.000000 0.000000 0.000000
Y 0.000000 1.000000 0.000000
Z 0.000000 0.000000 1.000000

PART 81
OFFSET 0.000000 0.000000 0.000000
SCALE 1.000000 1.000000 1.000000
X 1.000000 0.000000 0.000000
Y 0.000000 1.000000 0.000000
Z 0.000000 0.000000 1.000000

PART 82
OFFSET 1.540551 0.000000 4.135827
SCALE 1.000000 1.000000 1.000000
X 1.000000 0.000000 0.000000
Y 0.000000 1.000000 0.000000
Z 0.000000 0.000000 1.000000

PART 83
OFFSET -4.631835 0.000000 -1.376957
SCALE 1.000000 1.000000 1.000000
X 1.000000 0.000000 0.000000
Y 0.000000 1.000000 0.000000
Z 0.000000 0.000000 1.000000

FRAME 2
PART 0
OFFSET 0.000000 0.000000 0.000000
SCALE 1.000000 1.000000 1.000000
X 1.000000 0.000000 0.000000
Y 0.000000 1.000000 0.000000
Z 0.000000 0.000000 1.000000

PART 1
OFFSET 3.579037 -1.436764 -2.877571
SCALE 1.000000 1.000000 1.000000
X 0.470596 0.680278 -0.561926
Y 0.573915 -0.719721 -0.390670
Z -0.670194 -0.138650 -0.729120

PART 2
OFFSET -4.676105 -7.311242 2.636031
SCALE 1.000000 1.000000 1.000000
X -0.411941 0.525338 0.744530
Y -0.229681 -0.850558 0.473072
Z 0.881789 0.023874 0.471040

PART 3
OFFSET 12.100281 -5.784427 -5.743727
SCALE 1.000000 1.000000 1.000000
X 0.999994 0.001430 0.003018
Y 0.000240 0.870613 -0.491968
Z -0.003330 0.491966 0.870608

PART 4
OFFSET 13.745596 17.667068 -17.903065
SCALE 1.000000 1.000000 1.000000
X 0.998737 0.041892 -0.027740
Y 0.021387 0.145113 0.989184
Z 0.045465 -0.988528 0.144033

PART 5
OFFSET 9.511168 7.963573 -10.406364
SCALE 1.000000 1.000000 1.000000
X 0.787479 -0.433810 0.437820
Y -0.616342 -0.554878 0.558778
Z 0.000534 -0.709873 -0.704330

PART 6
OFFSET 0.496509 -14.621024 -7.145833
SCALE 1.000000 1.000000 1.000000
X -0.804763 -0.570028 -0.165605
Y 0.458103 -0.418992 -0.783956
Z 0.377489 -0.706763 0.598321

PART 7
OFFSET 12.100281 -5.784427 -5.743727
SCALE 1.000000 1.000000 1.000000
X 0.999994 0.001430 0.003018
Y 0.000240 0.870613 -0.491968
Z -0.003330 0.491966 0.870608

PART 8
OFFSET 17.959440 4.890485 -6.029473
SCALE 1.000000 1.000000 1.000000
X 0.791143 -0.428554 0.436387
Y 0.006097 0.718971 0.695013
Z -0.611601 -0.547194 0.571422

PART 9
OFFSET 17.781869 4.012148 -7.454484
SCALE 1.000000 1.000000 1.000000
X 0.791143 -0.428554 0.436387
Y 0.006097 0.718971 0.695013
Z -0.611601 -0.547194 0.571422

PART 10
OFFSET 16.807756 3.175316 -4.458486
SCALE 1.000000 1.000000 1.000000
X 0.791143 -0.428554 0.436387
Y 0.006097 0.718971 0.695013
Z -0.611601 -0.547194 0.571422

PART 11
OFFSET 16.597015 2.158333 -5.314541
SCALE 1.000000 1.000000 1.000000
X 0.791143 -0.428554 0.436387
Y 0.006097 0.718971 0.695013
Z -0.611601 -0.547194 0.571422

PART 12
OFFSET 16.886242 2.426938 -6.445861
SCALE 1.000000 1.000000 1.000000
X 0.791143 -0.428554 0.436387
Y 0.006097 0.718971 0.695013
Z -0.611601 -0.547194 0.571422

PART 13
OFFSET 18.644056 2.624973 -5.435942
SCALE 1.000000 1.000000 1.000000
X 0.911372 -0.005028 0.411552
Y 0.023926 -0.997587 -0.065171
Z 0.410887 0.069242 -0.909053

PART 14
OFFSET 16.208864 4.273763 -6.681719
SCALE 1.000000 1.000000 1.000000
X 0.787479 -0.433810 0.437820
Y -0.616342 -0.554878 0.558778
Z 0.000534 -0.709873 -0.704330

PART 15
OFFSET 8.505254 -8.611554 -3.785792
SCALE 1.000000 1.000000 1.000000
X -0.808510 -0.565590 -0.162544
Y -0.381762 0.714295 -0.586549
Z 0.447851 -0.412178 -0.793435

PART 16
OFFSET 7.826164 -7.641576 -4.425693
SCALE 1.000000 1.000000 1.000000
X -0.808510 -0.565590 -0.162544
Y -0.381762 0.714295 -0.586549
Z 0.447851 -0.412178 -0.793435

PART 17
OFFSET 7.727742 -7.833994 -5.604253
SCALE 1.000000 1.000000 1.000000
X -0.808510 -0.565590 -0.162544
Y -0.381762 0.714295 -0.586549
Z 0.447851 -0.412178 -0.793435

PART 18
OFFSET 9.793369 -7.926533 -5.200111
SCALE 1.000000 1.000000 1.000000
X -0.969552 -0.244337 0.016363
Y 0.169829 -0.719030 -0.673910
Z 0.176426 -0.650612 0.738633

PART 19
OFFSET 7.343265 -9.770378 -5.737096
SCALE 1.000000 1.000000 1.000000
X -0.804763 -0.570028 -0.165605
Y 0.458103 -0.418992 -0.783956
Z 0.377489 -0.706763 0.598321

PART 20
OFFSET 24.112815 -3.780469 -2.190471
SCALE 1.000000 1.000000 1.000000
X 0.999994 0.001430 0.003018
Y 0.000240 0.870613 -0.491968
Z -0.003330 0.491966 0.870608

PART 21
OFFSET 14.348825 -3.799672 -2.216895
SCALE 1.000000 1.000000 1.000000
X 0.999994 0.001430 0.003018
Y 0.000240 0.870613 -0.491968
Z -0.003330 0.491966 0.870608

PART 22
OFFSET 22.263370 -4.106241 -2.033442
SCALE 1.000000 1.000000 1.000000
X -0.001873 -0.508118 0.861286
Y 0.999994 0.001430 0.003018
Z -0.002765 0.861287 0.508112

PART 23
OFFSET 31.470224 -3.769951 -2.168269
SCALE 1.000000 1.000000 1.000000
X 0.999994 0.001430 0.003018
Y 0.000240 0.870613 -0.491968
Z -0.003330 0.491966 0.870608

PART 24
OFFSET 12.100281 -5.784427 -5.743727
SCALE 1.000000 1.000000 1.000000
X 0.999994 0.001430 0.003018
Y 0.000240 0.870613 -0.491968
Z -0.003330 0.491966 0.870608

PART 25
OFFSET 24.899945 -3.779344 -2.188095
SCALE 1.000000 1.000000 1.000000
X 0.999994 0.001430 0.003018
Y 0.000240 0.870613 -0.491968
Z -0.003330 0.491966 0.870608

PART 26
OFFSET 29.228677 -5.401392 -2.206999
SCALE 1.000000 1.000000 1.000000
X 0.999994 0.001430 0.003018
Y 0.000240 0.870613 -0.491968
Z -0.003330 0.491966 0.870608

PART 27
OFFSET 20.941006 -1.739426 -3.640734
SCALE 1.000000 1.000000 1.000000
X 0.999994 0.001430 0.003018
Y 0.000240 0.870613 -0.491968
Z -0.003330 0.491966 0.870608

PART 28
OFFSET 11.645057 -3.306834 -1.358382
SCALE 1.000000 1.000000 1.000000
X 0.999994 0.001430 0.003018
Y 0.000240 0.870613 -0.491968
Z -0.003330 0.491966 0.870608

PART 29
OFFSET 11.645057 -3.306834 -1.358382
SCALE 1.000000 1.000000 1.000000
X 0.999994 0.001430 0.003018
Y 0.000240 0.870613 -0.491968
Z -0.003330 0.491966 0.870608

PART 30
OFFSET 11.158956 -4.595700 -3.640550
SCALE 1.000000 1.000000 1.000000
X 0.999994 0.001430 0.003018
Y 0.000240 0.870613 -0.491968
Z -0.003330 0.491966 0.870608

PART 31
OFFSET 22.234013 -0.313981 -4.143898
SCALE 1.000000 1.000000 1.000000
X 0.999994 0.001430 0.003018
Y 0.000240 0.870613 -0.491968
Z -0.003330 0.491966 0.870608

PART 32
OFFSET 22.120405 1.815167 -3.614334
SCALE 1.000000 1.000000 1.000000
X 0.850484 -0.300818 -0.431492
Y -0.475240 -0.087862 -0.875458
Z 0.225442 0.949626 -0.217686

PART 33
OFFSET 22.071087 2.944407 -3.682594
SCALE 1.000000 1.000000 1.000000
X 0.714569 -0.519831 -0.468153
Y -0.583485 -0.073699 -0.808773
Z 0.385923 0.851084 -0.355976

PART 34
OFFSET 19.504234 4.045085 -5.142675
SCALE 1.000000 1.000000 1.000000
X 0.997446 -0.040003 -0.059179
Y -0.071348 -0.518109 -0.852334
Z 0.003435 0.854379 -0.519639

PART 35
OFFSET 19.554792 3.135399 -4.901523
SCALE 1.000000 1.000000 1.000000
X 0.974871 0.124914 0.184455
Y 0.209012 -0.226391 -0.951347
Z -0.077077 0.965994 -0.246811

PART 36
OFFSET 19.293107 1.634304 -5.659008
SCALE 1.000000 1.000000 1.000000
X 0.791329 -0.610038 0.040645
Y -0.611390 -0.789634 0.051762
Z 0.000518 -0.065810 -0.997832

PART 37
OFFSET 21.711773 1.062656 -4.757987
SCALE 1.000000 1.000000 1.000000
X 0.967131 0.207433 0.147070
Y -0.127078 -0.106686 0.986138
Z 0.220248 -0.972414 -0.076819

PART 38
OFFSET 21.728200 3.254480 -5.670314
SCALE 1.000000 1.000000 1.000000
X -0.345968 0.934376 -0.085136
Y -0.410829 -0.069286 0.909076
Z 0.843520 0.349488 0.407839

PART 39
OFFSET 13.493886 -6.692408 -4.461509
SCALE 1.000000 1.000000 1.000000
X -0.970445 -0.234230 0.058079
Y 0.190977 -0.598284 0.778193
Z -0.147529 0.766285 0.625334

PART 40
OFFSET 13.622475 -7.320189 -5.377822
SCALE 1.000000 1.000000 1.000000
X -0.028964 -0.888111 0.458715
Y 0.986454 0.048730 0.156632
Z -0.161460 0.457038 0.874670

PART 41
OFFSET 10.821859 -8.396170 -6.098903
SCALE 1.000000 1.000000 1.000000
X -0.817899 -0.331050 0.470582
Y 0.566061 -0.609458 0.555099
Z 0.103034 0.720393 0.685870

PART 42
OFFSET 10.876489 -7.931158 -5.543204
SCALE 1.000000 1.000000 1.000000
X -0.947648 -0.167078 0.272117
Y 0.316493 -0.604531 0.731010
Z 0.042368 0.778863 0.625761

PART 43
OFFSET 10.043108 -6.990755 -4.994659
SCALE 1.000000 1.000000 1.000000
X -0.364385 -0.924464 0.112203
Y 0.791013 -0.370842 -0.486594
Z 0.491448 -0.088554 0.866393

PART 44
OFFSET 5.709202 -8.684139 -4.166235
SCALE 1.000000 1.000000 1.000000
X -0.896038 -0.271755 0.351091
Y -0.443750 0.522895 -0.727782
Z 0.014194 -0.807917 -0.589125

PART 45
OFFSET 22.232991 -4.021618 -2.048778
SCALE 1.000000 1.000000 1.000000
X 0.999994 0.001430 0.003018
Y 0.000240 0.870613 -0.491968
Z -0.003330 0.491966 0.870608

PART 46
OFFSET 23.629193 1.323238 -4.352778
SCALE 1.000000 1.000000 1.000000
X 0.270464 -0.439304 -0.856657
Y -0.916989 0.153464 -0.368211
Z 0.293223 0.885133 -0.361331

PART 47
OFFSET 23.472837 1.956495 -4.554878
SCALE 1.000000 1.000000 1.000000
X 0.343649 -0.453326 -0.822436
Y -0.939052 -0.174522 -0.296180
Z -0.009267 0.874092 -0.485672

PART 48
OFFSET 21.737906 3.761088 -5.315681
SCALE 1.000000 1.000000 1.000000
X 0.975561 -0.219565 0.008462
Y -0.104569 -0.497795 -0.860968
Z 0.193251 0.839042 -0.508589

PART 49
OFFSET 22.073289 3.594796 -4.447081
SCALE 1.000000 1.000000 1.000000
X 0.854511 -0.475237 -0.209669
Y -0.417809 -0.389019 -0.821036
Z 0.308621 0.789186 -0.530979

PART 50
OFFSET 20.978011 0.210083 -5.585317
SCALE 1.000000 1.000000 1.000000
X 0.992558 -0.084819 0.087376
Y -0.094089 -0.989677 0.108106
Z 0.077304 -0.115522 -0.990292

PART 51
OFFSET 14.885358 -5.937969 -4.734588
SCALE 1.000000 1.000000 1.000000
X 0.680916 -0.679858 0.272300
Y 0.702888 0.711080 0.017720
Z -0.205674 0.179330 0.962049

PART 52
OFFSET 13.645519 -5.570300 -6.278466
SCALE 1.000000 1.000000 1.000000
X 0.893537 -0.371058 0.252801
Y 0.444900 0.655883 -0.609821
Z 0.060470 0.657368 0.751139

PART 53
OFFSET 12.815582 -7.605701 -7.052161
SCALE 1.000000 1.000000 1.000000
X 0.137855 -0.856098 0.498089
Y 0.990264 0.109326 -0.086168
Z 0.019314 0.505118 0.862834

PART 54
OFFSET 13.329596 -7.592928 -6.351213
SCALE 1.000000 1.000000 1.000000
X -0.047797 -0.884998 0.463134
Y 0.984276 -0.120665 -0.128997
Z 0.170046 0.449686 0.876850

PART 55
OFFSET 10.794860 -4.887830 -5.270209
SCALE 1.000000 1.000000 1.000000
X -0.888288 -0.401709 0.222655
Y 0.358708 -0.909543 -0.209905
