// Export time: Wed Jun 15 01:48:39 2022

ANIMATION
VERSION 3

NUMPARTS 76
PART 0 "tag_torso"
PART 1 "j_shoulder_le"
PART 2 "j_shoulder_ri"
PART 3 "tag_weapon"
PART 4 "tag_weapon1"
PART 5 "j_elbow_le"
PART 6 "j_elbow_ri"
PART 7 "j_gun"
PART 8 "j_sleave_reshape_bottom_le_1"
PART 9 "j_sleave_reshape_bottom_le_2"
PART 10 "j_sleave_reshape_top_le_1"
PART 11 "j_sleave_reshape_top_le_2"
PART 12 "j_sleave_reshape_top_le_3"
PART 13 "j_wrist_le"
PART 14 "j_wristtwist_le"
PART 15 "j_sleave_reshape_top_ri_1"
PART 16 "j_sleave_reshape_top_ri_2"
PART 17 "j_sleave_reshape_top_ri_3"
PART 18 "j_wrist_ri"
PART 19 "j_wristtwist_ri"
PART 20 "tag_bolt_animate"
PART 21 "tag_brass"
PART 22 "tag_bullet_animate"
PART 23 "tag_flash"
PART 24 "tag_clip"
PART 25 "j_index_le_0"
PART 26 "j_mid_le_0"
PART 27 "j_pinkypalm_le"
PART 28 "j_ringpalm_le"
PART 29 "j_thumb_le_0"
PART 30 "j_webbing_le"
PART 31 "tag_knife_attach"
PART 32 "j_index_ri_0"
PART 33 "j_mid_ri_0"
PART 34 "j_pinkypalm_ri"
PART 35 "j_ringpalm_ri"
PART 36 "j_thumb_ri_0"
PART 37 "j_webbing_ri"
PART 38 "j_index_le_1"
PART 39 "j_mid_le_1"
PART 40 "j_pinky_le_0"
PART 41 "j_ring_le_0"
PART 42 "j_thumb_le_1"
PART 43 "j_index_ri_1"
PART 44 "j_mid_ri_1"
PART 45 "j_pinky_ri_0"
PART 46 "j_ring_ri_0"
PART 47 "j_thumb_ri_1"
PART 48 "j_index_le_2"
PART 49 "j_mid_le_2"
PART 50 "j_pinky_le_1"
PART 51 "j_ring_le_1"
PART 52 "j_thumb_le_2"
PART 53 "j_index_ri_2"
PART 54 "j_mid_ri_2"
PART 55 "j_pinky_ri_1"
PART 56 "j_ring_ri_1"
PART 57 "j_thumb_ri_2"
PART 58 "j_index_le_3"
PART 59 "j_mid_le_3"
PART 60 "j_pinky_le_2"
PART 61 "j_ring_le_2"
PART 62 "j_thumb_le_3"
PART 63 "j_index_ri_3"
PART 64 "j_mid_ri_3"
PART 65 "j_pinky_ri_2"
PART 66 "j_ring_ri_2"
PART 67 "j_thumb_ri_3"
PART 68 "j_pinky_le_3"
PART 69 "j_ring_le_3"
PART 70 "j_pinky_ri_3"
PART 71 "j_ring_ri_3"
PART 72 "tag_cambone"
PART 73 "tag_camera"
PART 74 "tag_gasmask"
PART 75 "tag_gasmask2"

FRAMERATE 30
NUMFRAMES 26
FRAME 0
PART 0
OFFSET 0.000000 0.000000 0.000000
SCALE 1.000000 1.000000 1.000000
X 1.000000 0.000000 0.000000
Y 0.000000 1.000000 0.000000
Z 0.000000 0.000000 1.000000

PART 1
OFFSET 4.684877 4.613925 -4.506458
SCALE 1.000000 1.000000 1.000000
X -0.335901 0.144050 -0.930817
Y 0.805818 -0.467719 -0.363176
Z -0.487676 -0.872060 0.041029

PART 2
OFFSET -2.486628 -6.909387 -0.854141
SCALE 1.000000 1.000000 1.000000
X 0.029452 0.385933 0.922057
Y -0.976416 0.208488 -0.056075
Z -0.213879 -0.898659 0.382971

PART 3
OFFSET 3.359340 -17.059984 -9.977943
SCALE 1.000000 1.000000 1.000000
X 0.394567 -0.255101 -0.882746
Y 0.196896 0.961847 -0.189952
Z 0.897524 -0.098860 0.429741

PART 4
OFFSET 13.908927 18.076323 -17.331985
SCALE 1.000000 1.000000 1.000000
X 0.998737 0.041892 -0.027740
Y 0.021387 0.145113 0.989184
Z 0.045465 -0.988528 0.144033

PART 5
OFFSET 0.085868 6.407580 -16.237527
SCALE 1.000000 1.000000 1.000000
X 0.790082 0.473143 -0.389751
Y 0.450945 -0.017923 0.892372
Z 0.415234 -0.880803 -0.227522

PART 6
OFFSET -3.257323 -12.442911 -14.081994
SCALE 1.000000 1.000000 1.000000
X -0.390635 0.428054 -0.814968
Y 0.352122 -0.748500 -0.561924
Z -0.850538 -0.506475 0.141663

PART 7
OFFSET 3.359340 -17.059984 -9.977943
SCALE 1.000000 1.000000 1.000000
X 0.394567 -0.255101 -0.882746
Y 0.196896 0.961847 -0.189952
Z 0.897524 -0.098860 0.429741

PART 8
OFFSET 7.060846 11.901565 -20.835368
SCALE 1.000000 1.000000 1.000000
X 0.786241 0.475635 -0.394457
Y -0.423873 0.879639 0.215793
Z 0.449618 -0.002466 0.893217

PART 9
OFFSET 7.344163 10.290921 -21.234392
SCALE 1.000000 1.000000 1.000000
X 0.786241 0.475635 -0.394457
Y -0.423873 0.879639 0.215793
Z 0.449618 -0.002466 0.893217

PART 10
OFFSET 8.666569 12.007146 -18.799027
SCALE 1.000000 1.000000 1.000000
X 0.786241 0.475635 -0.394457
Y -0.423873 0.879639 0.215793
Z 0.449618 -0.002466 0.893217

PART 11
OFFSET 9.235317 10.789309 -18.869015
SCALE 1.000000 1.000000 1.000000
X 0.786241 0.475635 -0.394457
Y -0.423873 0.879639 0.215793
Z 0.449618 -0.002466 0.893217

PART 12
OFFSET 8.750956 10.090750 -19.713463
SCALE 1.000000 1.000000 1.000000
X 0.786241 0.475635 -0.394457
Y -0.423873 0.879639 0.215793
Z 0.449618 -0.002466 0.893217

PART 13
OFFSET 9.065858 12.187017 -21.110087
SCALE 1.000000 1.000000 1.000000
X 0.999516 0.009365 -0.029675
Y 0.020439 0.521486 0.853015
Z 0.023464 -0.853209 0.521042

PART 14
OFFSET 6.703633 10.706283 -19.498767
SCALE 1.000000 1.000000 1.000000
X 0.758643 0.438232 -0.482092
Y -0.131517 0.827744 0.545475
Z 0.638094 -0.350418 0.685598

PART 15
OFFSET -0.375181 -16.194366 -4.639355
SCALE 1.000000 1.000000 1.000000
X -0.390418 0.433895 -0.811978
Y 0.846493 0.515955 -0.131304
Z 0.361972 -0.738597 -0.568727

PART 16
OFFSET 0.636679 -15.319224 -4.786873
SCALE 1.000000 1.000000 1.000000
X -0.390418 0.433895 -0.811978
Y 0.846493 0.515955 -0.131304
Z 0.361972 -0.738597 -0.568727

PART 17
OFFSET 1.340195 -15.565904 -5.724919
SCALE 1.000000 1.000000 1.000000
X -0.390418 0.433895 -0.811978
Y 0.846493 0.515955 -0.131304
Z 0.361972 -0.738597 -0.568727

PART 18
OFFSET 1.757673 -17.848641 -4.150198
SCALE 1.000000 1.000000 1.000000
X -0.285857 0.015524 0.958147
Y -0.946728 -0.159312 -0.279869
Z 0.148299 -0.987106 0.060237

PART 19
OFFSET 0.241591 -16.175459 -7.298405
SCALE 1.000000 1.000000 1.000000
X -0.411449 0.345594 -0.843371
Y -0.470764 -0.872920 -0.128034
Z -0.780443 0.344349 0.521855

PART 20
OFFSET 8.357183 -18.713280 -13.167700
SCALE 1.000000 1.000000 1.000000
X 0.394567 -0.255101 -0.882746
Y 0.196896 0.961847 -0.189952
Z 0.897524 -0.098860 0.429741

PART 21
OFFSET 9.116243 -19.041035 -14.101771
SCALE 1.000000 1.000000 1.000000
X 0.278116 -0.882473 0.379333
Y 0.394567 -0.255101 -0.882746
Z 0.875767 0.395178 0.277247

PART 22
OFFSET 8.525547 -19.102605 -14.965971
SCALE 1.000000 1.000000 1.000000
X 0.394567 -0.255101 -0.882746
Y 0.196896 0.961847 -0.189952
Z 0.897524 -0.098860 0.429741

PART 23
OFFSET 13.526147 -22.109139 -25.005166
SCALE 1.000000 1.000000 1.000000
X 0.394567 -0.255101 -0.882746
Y 0.196896 0.961847 -0.189952
Z 0.897524 -0.098860 0.429741

PART 24
OFFSET 6.232424 -18.849574 -16.061662
SCALE 1.000000 1.000000 1.000000
X 0.468180 -0.262461 -0.843755
Y 0.196900 0.961849 -0.189940
Z 0.861416 -0.077209 0.501997

PART 25
OFFSET 12.960443 12.931461 -20.785043
SCALE 1.000000 1.000000 1.000000
X 0.914687 -0.388226 -0.112377
Y -0.319138 -0.864387 0.388569
Z -0.247990 -0.319555 -0.914541

PART 26
OFFSET 12.832848 12.216480 -21.602799
SCALE 1.000000 1.000000 1.000000
X 0.931055 -0.326081 0.163731
Y -0.358842 -0.737003 0.572765
Z -0.066097 -0.592029 -0.803202

PART 27
OFFSET 9.837281 11.439163 -21.959328
SCALE 1.000000 1.000000 1.000000
X 0.933838 -0.322920 -0.153850
Y -0.150600 -0.745078 0.649753
Z -0.324448 -0.583594 -0.744414

PART 28
OFFSET 10.106784 11.873509 -21.408807
SCALE 1.000000 1.000000 1.000000
X 0.958789 -0.117692 -0.258595
Y 0.021702 -0.877173 0.479684
Z -0.283288 -0.465528 -0.838470

PART 29
OFFSET 9.574160 12.338456 -20.086575
SCALE 1.000000 1.000000 1.000000
X 0.847766 -0.194698 0.493341
Y -0.218244 0.719718 0.659072
Z -0.483386 -0.666408 0.567661

PART 30
OFFSET 12.192095 12.586554 -19.567896
SCALE 1.000000 1.000000 1.000000
X 0.943016 -0.329267 -0.047999
Y 0.268795 0.838836 -0.473396
Z 0.196137 0.433519 0.879541

PART 31
OFFSET 11.800466 10.631180 -20.856244
SCALE 1.000000 1.000000 1.000000
X -0.373979 -0.490783 -0.786938
Y -0.023400 0.853232 -0.521007
Z 0.927142 -0.176431 -0.330575

PART 32
OFFSET 3.654989 -18.190676 -7.614428
SCALE 1.000000 1.000000 1.000000
X -0.174778 0.087237 0.980736
Y 0.399250 -0.904225 0.151582
Z 0.900029 0.418052 0.123209

PART 33
OFFSET 2.559153 -18.104049 -7.940531
SCALE 1.000000 1.000000 1.000000
X -0.341439 -0.927473 0.152362
Y 0.236018 -0.241514 -0.941258
Z 0.909789 -0.285422 0.301362

PART 34
OFFSET 0.934443 -17.848427 -5.290907
SCALE 1.000000 1.000000 1.000000
X 0.042936 -0.278087 0.959596
Y 0.084411 -0.956038 -0.280833
Z 0.995506 0.093058 -0.017575

PART 35
OFFSET 1.644362 -17.888034 -5.279369
SCALE 1.000000 1.000000 1.000000
X -0.062358 -0.121866 0.990586
Y 0.197676 -0.974363 -0.107426
Z 0.978282 0.189117 0.084849

PART 36
OFFSET 2.685901 -17.292472 -4.392094
SCALE 1.000000 1.000000 1.000000
X -0.623279 -0.500489 0.600862
Y -0.695837 0.004335 -0.718187
Z 0.356840 -0.865732 -0.350961

PART 37
OFFSET 1.448032 -18.178414 0.106404
SCALE 1.000000 1.000000 1.000000
X -0.044652 -0.229051 0.972390
Y -0.261880 0.942005 0.209869
Z -0.964067 -0.245278 -0.102047

PART 38
OFFSET 14.555200 12.199123 -20.961650
SCALE 1.000000 1.000000 1.000000
X 0.342769 -0.810678 0.474669
Y -0.932166 -0.230843 0.278886
Z -0.116513 -0.538064 -0.834813

PART 39
OFFSET 14.643443 11.602209 -21.308514
SCALE 1.000000 1.000000 1.000000
X 0.548276 -0.708322 0.444605
Y -0.734911 -0.154354 0.660364
Z -0.399124 -0.688807 -0.605182

PART 40
OFFSET 11.985787 10.765644 -22.130576
SCALE 1.000000 1.000000 1.000000
X 0.880960 -0.463741 0.094095
Y -0.384428 -0.585468 0.713752
Z -0.275907 -0.664959 -0.694049

PART 41
OFFSET 12.552307 11.514862 -22.221886
SCALE 1.000000 1.000000 1.000000
X 0.969627 -0.242516 -0.031768
Y -0.114239 -0.563893 0.817908
Z -0.216270 -0.789437 -0.574471

PART 42
OFFSET 11.358372 11.933241 -18.920017
SCALE 1.000000 1.000000 1.000000
X 0.956056 -0.274766 0.102277
Y 0.051342 0.500364 0.864291
Z -0.288654 -0.821060 0.492483

PART 43
OFFSET 3.925126 -18.453819 -9.293532
SCALE 1.000000 1.000000 1.000000
X -0.242891 -0.400749 0.883405
Y 0.240127 -0.907173 -0.345508
Z 0.939863 0.128208 0.316574

PART 44
OFFSET 3.228769 -16.279309 -8.221569
SCALE 1.000000 1.000000 1.000000
X -0.015558 -0.704250 -0.709782
Y 0.087791 0.706164 -0.702585
Z 0.996017 -0.073243 0.050841

PART 45
OFFSET 0.941970 -17.254344 -7.501118
SCALE 1.000000 1.000000 1.000000
X -0.277860 -0.844514 0.457810
Y 0.017844 -0.481033 -0.876521
Z 0.960456 -0.235380 0.148729

PART 46
OFFSET 1.668625 -17.588732 -7.868777
SCALE 1.000000 1.000000 1.000000
X -0.370474 -0.856672 0.358972
Y -0.082478 -0.354605 -0.931371
Z 0.925174 -0.374657 0.060716

PART 47
OFFSET 4.091183 -16.147488 -5.625323
SCALE 1.000000 1.000000 1.000000
X -0.250340 -0.323898 0.912371
Y -0.878889 -0.319219 -0.354478
Z 0.406060 -0.890612 -0.204757

PART 48
OFFSET 14.954992 11.259845 -20.298176
SCALE 1.000000 1.000000 1.000000
X 0.017692 -0.761865 0.647494
Y -0.995812 0.044671 0.079772
Z -0.089700 -0.646193 -0.757884

PART 49
OFFSET 15.462475 10.577650 -20.676965
SCALE 1.000000 1.000000 1.000000
X -0.130282 -0.586491 0.799409
Y -0.885168 0.432032 0.172705
Z -0.446660 -0.685111 -0.575429

PART 50
OFFSET 13.155090 10.146589 -22.014105
SCALE 1.000000 1.000000 1.000000
X 0.691053 -0.549397 0.469691
Y -0.715301 -0.426423 0.553631
Z -0.103877 -0.718559 -0.687665

PART 51
OFFSET 14.138565 11.129845 -22.285862
SCALE 1.000000 1.000000 1.000000
X 0.567107 -0.571563 0.593048
Y -0.801409 -0.216742 0.557464
Z -0.190087 -0.791415 -0.580972

PART 52
OFFSET 12.709350 11.470727 -18.444923
SCALE 1.000000 1.000000 1.000000
X 0.547968 -0.233952 0.803117
Y -0.402356 0.768018 0.498255
Z -0.733376 -0.596167 0.326718

PART 53
OFFSET 4.271289 -17.818338 -10.260907
SCALE 1.000000 1.000000 1.000000
X -0.199274 -0.856297 0.476493
Y 0.359631 -0.516221 -0.777291
Z 0.911568 0.016468 0.410820

PART 54
OFFSET 3.180598 -15.274945 -7.153380
SCALE 1.000000 1.000000 1.000000
X 0.226340 0.168735 -0.959322
Y -0.053712 0.985545 0.160674
Z 0.972566 0.015160 0.232132

PART 55
OFFSET 1.345505 -16.035609 -8.152319
SCALE 1.000000 1.000000 1.000000
X -0.300650 -0.768329 -0.565049
Y 0.435741 0.416352 -0.797986
Z 0.848375 -0.486129 0.209616

PART 56
OFFSET 2.319635 -16.093410 -8.475751
SCALE 1.000000 1.000000 1.000000
X -0.212053 -0.621647 -0.754048
Y 0.347993 0.672985 -0.652681
Z 0.913200 -0.400806 0.073620

PART 57
OFFSET 4.187730 -15.717020 -7.118227
SCALE 1.000000 1.000000 1.000000
X 0.361079 -0.066554 0.930157
Y -0.860917 -0.407130 0.305070
Z 0.358391 -0.910942 -0.204304

PART 58
OFFSET 14.975023 10.399321 -19.566842
SCALE 1.000000 1.000000 1.000000
X 0.867695 0.025337 -0.496452
Y -0.302595 0.819273 -0.487061
Z 0.394388 0.572844 0.718545

PART 59
OFFSET 15.312383 9.908248 -19.775770
SCALE 1.000000 1.000000 1.000000
X 0.695477 0.220483 -0.683886
Y -0.624470 0.656286 -0.423469
Z 0.355457 0.721579 0.594116

PART 60
OFFSET 13.771140 9.654155 -21.592048
SCALE 1.000000 1.000000 1.000000
X -0.277936 -0.495877 0.822714
Y -0.959013 0.192450 -0.207985
Z -0.055197 -0.846799 -0.529041

PART 61
OFFSET 14.959509 10.349442 -21.502309
SCALE 1.000000 1.000000 1.000000
X -0.055007 -0.633540 0.771752
Y -0.964213 0.234472 0.123756
Z -0.259359 -0.737327 -0.623765

PART 62
OFFSET 13.261497 11.203505 -17.552981
SCALE 1.000000 1.000000 1.000000
X 0.792650 0.368536 0.485682
Y 0.361026 0.358207 -0.861016
Z -0.491290 0.857828 0.150881

PART 63
OFFSET 4.496398 -16.851207 -10.799113
SCALE 1.000000 1.000000 1.000000
X -0.002629 0.749190 0.662350
Y 0.174492 0.652534 -0.737395
Z -0.984655 0.113636 -0.132443

PART 64
OFFSET 2.917347 -15.465495 -6.068394
SCALE 1.000000 1.000000 1.000000
X -0.205523 -0.759629 0.617029
Y -0.115346 0.644896 0.755516
Z -0.971831 0.084104 -0.220161

PART 65
OFFSET 1.607158 -15.369099 -7.667548
SCALE 1.000000 1.000000 1.000000
X 0.018321 -0.071724 -0.997256
Y 0.570352 0.819967 -0.048495
Z 0.821196 -0.567899 0.055930

PART 66
OFFSET 2.568839 -15.273979 -7.373908
SCALE 1.000000 1.000000 1.000000
X 0.303891 0.200823 -0.931300
Y 0.293960 0.910069 0.292166
Z 0.906222 -0.362552 0.217528

PART 67
OFFSET 3.795498 -15.596453 -8.119981
SCALE 1.000000 1.000000 1.000000
X -0.141107 0.452091 0.880740
Y -0.223206 0.852206 -0.473205
Z -0.964504 -0.263359 -0.019343

PART 68
OFFSET 13.507095 9.183060 -20.810449
SCALE 1.000000 1.000000 1.000000
X 0.822494 0.381802 -0.421581
Y -0.552091 0.357722 -0.753147
Z -0.136744 0.852210 0.505014

PART 69
OFFSET 14.899889 9.662380 -20.665383
SCALE 1.000000 1.000000 1.000000
X 0.581718 0.345392 -0.736416
Y -0.746766 0.585646 -0.315215
Z 0.322406 0.733296 0.598607

PART 70
OFFSET 1.589741 -15.300952 -6.720122
SCALE 1.000000 1.000000 1.000000
X -0.491604 -0.377049 0.784958
Y 0.522267 0.593637 0.612235
Z -0.696823 0.710935 -0.094914

PART 71
OFFSET 2.239299 -15.491737 -6.363866
SCALE 1.000000 1.000000 1.000000
X -0.368034 -0.703709 0.607737
Y 0.028747 0.644689 0.763904
Z -0.929368 0.298613 -0.217038

PART 72
OFFSET 0.000000 0.000000 0.000000
SCALE 1.000000 1.000000 1.000000
X 1.000000 0.000000 0.000000
Y 0.000000 1.000000 0.000000
Z 0.000000 0.000000 1.000000

PART 73
OFFSET 0.000000 0.000000 0.000000
SCALE 1.000000 1.000000 1.000000
X 1.000000 0.000000 0.000000
Y 0.000000 1.000000 0.000000
Z 0.000000 0.000000 1.000000

PART 74
OFFSET 1.540542 -0.000003 4.135832
SCALE 1.000000 1.000000 1.000000
X 1.000000 0.000000 0.000000
Y 0.000000 1.000000 0.000000
Z 0.000000 0.000000 1.000000

PART 75
OFFSET -4.631835 0.000000 -1.376957
SCALE 1.000000 1.000000 1.000000
X 1.000000 0.000000 0.000000
Y 0.000000 1.000000 0.000000
Z 0.000000 0.000000 1.000000

FRAME 1
PART 0
OFFSET 0.000000 0.000000 0.000000
SCALE 1.000000 1.000000 1.000000
X 1.000000 0.000000 0.000000
Y 0.000000 1.000000 0.000000
Z 0.000000 0.000000 1.000000

PART 1
OFFSET 4.562218 4.531023 -4.519674
SCALE 1.000000 1.000000 1.000000
X -0.340742 0.167111 -0.925186
Y 0.792298 -0.478723 -0.378269
Z -0.506121 -0.861915 0.030719

PART 2
OFFSET -2.544837 -6.951118 -0.830311
SCALE 1.000000 1.000000 1.000000
X -0.003507 0.371559 0.928403
Y -0.987167 0.146936 -0.062535
Z -0.159651 -0.916708 0.366275

PART 3
OFFSET 4.212828 -16.533194 -9.818250
SCALE 1.000000 1.000000 1.000000
X 0.459549 -0.255679 -0.850554
Y 0.154585 0.966076 -0.206884
Z 0.874596 -0.036409 0.483484

PART 4
OFFSET 13.908927 18.076323 -17.331985
SCALE 1.000000 1.000000 1.000000
X 0.998737 0.041892 -0.027740
Y 0.021387 0.145113 0.989184
Z 0.045465 -0.988528 0.144033

PART 5
OFFSET -0.167902 6.644275 -16.264761
SCALE 1.000000 1.000000 1.000000
X 0.824491 0.449734 -0.343443
Y 0.412685 -0.062619 0.908719
Z 0.387176 -0.890965 -0.237227

PART 6
OFFSET -2.830188 -12.354141 -14.195556
SCALE 1.000000 1.000000 1.000000
X -0.401895 0.388580 -0.829148
Y 0.419954 -0.726433 -0.543998
Z -0.813707 -0.566834 0.128764

PART 7
OFFSET 4.212828 -16.533194 -9.818250
SCALE 1.000000 1.000000 1.000000
X 0.459549 -0.255679 -0.850554
Y 0.154585 0.966076 -0.206884
Z 0.874596 -0.036409 0.483484

PART 8
OFFSET 7.213373 11.962779 -20.412609
SCALE 1.000000 1.000000 1.000000
X 0.820955 0.452521 -0.348221
Y -0.395365 0.890506 0.225133
Z 0.411970 -0.047150 0.909977

PART 9
OFFSET 7.445500 10.353474 -20.848406
SCALE 1.000000 1.000000 1.000000
X 0.820955 0.452521 -0.348221
Y -0.395365 0.890506 0.225133
Z 0.411970 -0.047150 0.909977

PART 10
OFFSET 8.736905 11.941449 -18.311519
SCALE 1.000000 1.000000 1.000000
X 0.820955 0.452521 -0.348221
Y -0.395365 0.890506 0.225133
Z 0.411970 -0.047150 0.909977

PART 11
OFFSET 9.256799 10.702834 -18.395448
SCALE 1.000000 1.000000 1.000000
X 0.820955 0.452521 -0.348221
Y -0.395365 0.890506 0.225133
Z 0.411970 -0.047150 0.909977

PART 12
OFFSET 8.778918 10.049989 -19.279251
SCALE 1.000000 1.000000 1.000000
X 0.820955 0.452521 -0.348221
Y -0.395365 0.890506 0.225133
Z 0.411970 -0.047150 0.909977

PART 13
OFFSET 9.225928 12.153874 -20.591368
SCALE 1.000000 1.000000 1.000000
X 0.999920 0.011153 -0.005984
Y -0.000289 0.492739 0.870177
Z 0.012654 -0.870105 0.492703

PART 14
OFFSET 6.753169 10.744328 -19.127187
SCALE 1.000000 1.000000 1.000000
X 0.795451 0.419483 -0.437370
Y -0.114483 0.812731 0.571282
Z 0.595107 -0.404355 0.694511

PART 15
OFFSET 0.097707 -15.774176 -4.641793
SCALE 1.000000 1.000000 1.000000
X -0.402183 0.394453 -0.826230
Y 0.808725 0.576102 -0.118623
Z 0.429201 -0.715900 -0.550702

PART 16
OFFSET 1.045012 -14.827766 -4.777505
SCALE 1.000000 1.000000 1.000000
X -0.402183 0.394453 -0.826230
Y 0.808725 0.576102 -0.118623
Z 0.429201 -0.715900 -0.550702

PART 17
OFFSET 1.786956 -15.031839 -5.695976
SCALE 1.000000 1.000000 1.000000
X -0.402183 0.394453 -0.826230
Y 0.808725 0.576102 -0.118623
Z 0.429201 -0.715900 -0.550702

PART 18
OFFSET 2.316958 -17.255052 -4.076346
SCALE 1.000000 1.000000 1.000000
X -0.342275 0.024875 0.939270
Y -0.918395 -0.220030 -0.328841
Z 0.198488 -0.975176 0.098156

PART 19
OFFSET 0.769625 -15.732169 -7.280272
SCALE 1.000000 1.000000 1.000000
X -0.413877 0.307627 -0.856780
Y -0.371113 -0.916429 -0.149774
Z -0.831253 0.255974 0.493453

PART 20
OFFSET 9.474042 -17.984770 -12.664111
SCALE 1.000000 1.000000 1.000000
X 0.459549 -0.255679 -0.850554
Y 0.154585 0.966076 -0.206884
Z 0.874596 -0.036409 0.483484

PART 21
OFFSET 10.303927 -18.293673 -13.542720
SCALE 1.000000 1.000000 1.000000
X 0.303300 -0.854918 0.420862
Y 0.459549 -0.255679 -0.850554
Z 0.834760 0.451380 0.315329

PART 22
OFFSET 9.769692 -18.411529 -14.437291
SCALE 1.000000 1.000000 1.000000
X 0.459549 -0.255679 -0.850554
Y 0.154585 0.966076 -0.206884
Z 0.874596 -0.036409 0.483484

PART 23
OFFSET 15.513437 -21.395357 -24.077667
SCALE 1.000000 1.000000 1.000000
X 0.459549 -0.255679 -0.850554
Y 0.154585 0.966076 -0.206884
Z 0.874596 -0.036409 0.483484

PART 24
OFFSET 7.534990 -18.317997 -15.670309
SCALE 1.000000 1.000000 1.000000
X 0.531019 -0.257820 -0.807185
Y 0.154588 0.966078 -0.206873
Z 0.833139 -0.014927 0.552862

PART 25
OFFSET 13.110391 12.891294 -20.150586
SCALE 1.000000 1.000000 1.000000
X 0.922181 -0.372950 -0.102420
Y -0.317307 -0.880981 0.350983
Z -0.221129 -0.291171 -0.930764

PART 26
OFFSET 13.002570 12.202919 -20.994486
SCALE 1.000000 1.000000 1.000000
X 0.930181 -0.326164 0.168464
Y -0.363927 -0.759102 0.539742
Z -0.048163 -0.563366 -0.824802

PART 27
OFFSET 10.017417 11.435340 -21.445755
SCALE 1.000000 1.000000 1.000000
X 0.937167 -0.316475 -0.146841
Y -0.161523 -0.766646 0.621421
Z -0.309239 -0.558657 -0.769593

PART 28
OFFSET 10.275315 11.852170 -20.875248
SCALE 1.000000 1.000000 1.000000
X 0.964037 -0.110097 -0.241890
Y 0.011167 -0.892572 0.450766
Z -0.265532 -0.437256 -0.859244

PART 29
OFFSET 9.709484 12.271838 -19.551469
SCALE 1.000000 1.000000 1.000000
X 0.835377 -0.209382 0.508236
Y -0.236391 0.697892 0.676067
Z -0.496250 -0.684913 0.533507

PART 30
OFFSET 12.314706 12.504225 -18.964087
SCALE 1.000000 1.000000 1.000000
X 0.944399 -0.326723 -0.036907
Y 0.278436 0.854385 -0.438748
Z 0.174882 0.404077 0.897852

PART 31
OFFSET 11.956330 10.592628 -20.325728
SCALE 1.000000 1.000000 1.000000
X -0.354744 -0.464543 -0.811391
Y -0.012592 0.870127 -0.492666
Z 0.934879 -0.164554 -0.314522

PART 32
OFFSET 4.431154 -17.581463 -7.414207
SCALE 1.000000 1.000000 1.000000
X -0.236831 0.103334 0.966040
Y 0.438684 -0.875821 0.201230
Z 0.866872 0.471443 0.162091

PART 33
OFFSET 3.353352 -17.565707 -7.805100
SCALE 1.000000 1.000000 1.000000
X -0.298365 -0.940911 0.160201
Y 0.304016 -0.252792 -0.918515
Z 0.904739 -0.225349 0.361477

PART 34
OFFSET 1.563654 -17.331842 -5.261909
SCALE 1.000000 1.000000 1.000000
X 0.001491 -0.249519 0.968369
Y 0.153212 -0.956880 -0.246795
Z 0.988192 0.148733 0.036802

PART 35
OFFSET 2.272759 -17.330896 -5.208473
SCALE 1.000000 1.000000 1.000000
X -0.113869 -0.098735 0.988577
Y 0.256891 -0.964136 -0.066704
Z 0.959709 0.246361 0.135149

PART 36
OFFSET 3.225879 -16.653905 -4.281111
SCALE 1.000000 1.000000 1.000000
X -0.629188 -0.518748 0.578812
Y -0.651465 -0.054200 -0.756740
Z 0.423929 -0.853207 -0.303845

PART 37
OFFSET 1.775456 -17.488168 0.163433
SCALE 1.000000 1.000000 1.000000
X -0.089260 -0.205194 0.974642
Y -0.325148 0.930941 0.166216
Z -0.941441 -0.302066 -0.149815

PART 38
OFFSET 14.719206 12.187628 -20.313831
SCALE 1.000000 1.000000 1.000000
X 0.348902 -0.821098 0.451736
Y -0.932898 -0.258386 0.250876
Z -0.089272 -0.508955 -0.856151

PART 39
OFFSET 14.811348 11.590081 -20.690955
SCALE 1.000000 1.000000 1.000000
X 0.551379 -0.718278 0.424332
Y -0.740587 -0.187260 0.645341
Z -0.384074 -0.670082 -0.635199

PART 40
OFFSET 12.169714 10.767981 -21.595329
SCALE 1.000000 1.000000 1.000000
X 0.885606 -0.457167 0.081855
Y -0.381801 -0.616283 0.688784
Z -0.264444 -0.641244 -0.720330

PART 41
OFFSET 12.737271 11.518210 -21.647740
SCALE 1.000000 1.000000 1.000000
X 0.970913 -0.238028 -0.025906
Y -0.124099 -0.592801 0.795730
Z -0.204763 -0.769370 -0.605097

PART 42
OFFSET 11.464357 11.831594 -18.353523
SCALE 1.000000 1.000000 1.000000
X 0.953721 -0.276706 0.117685
Y 0.028355 0.472397 0.880930
Z -0.299352 -0.836824 0.458381

PART 43
OFFSET 4.813877 -17.873589 -9.066416
SCALE 1.000000 1.000000 1.000000
X -0.272177 -0.390146 0.879605
Y 0.309551 -0.901025 -0.303862
Z 0.911097 0.189579 0.366009

PART 44
OFFSET 3.937125 -15.714148 -8.101723
SCALE 1.000000 1.000000 1.000000
X 0.065029 -0.722682 -0.688115
Y 0.090142 0.691009 -0.717203
Z 0.993804 -0.015389 0.110079

PART 45
OFFSET 1.668843 -16.797446 -7.484830
SCALE 1.000000 1.000000 1.000000
X -0.257560 -0.846371 0.466175
Y 0.095893 -0.502459 -0.859267
Z 0.961492 -0.176610 0.210574

PART 46
OFFSET 2.433183 -17.099872 -7.800016
SCALE 1.000000 1.000000 1.000000
X -0.343389 -0.866374 0.362602
Y -0.007812 -0.383430 -0.923537
Z 0.939161 -0.319965 0.124897

PART 47
OFFSET 4.636410 -15.464543 -5.465376
SCALE 1.000000 1.000000 1.000000
X -0.285530 -0.313093 0.905784
Y -0.837594 -0.377775 -0.394616
Z 0.465734 -0.871354 -0.154379

PART 48
OFFSET 15.127703 11.232562 -19.678841
SCALE 1.000000 1.000000 1.000000
X 0.027464 -0.786214 0.617344
Y -0.997717 0.016555 0.065470
Z -0.061694 -0.617733 -0.783964

PART 49
OFFSET 15.637252 10.553289 -20.090693
SCALE 1.000000 1.000000 1.000000
X -0.124800 -0.619489 0.775022
Y -0.893240 0.410187 0.184034
Z -0.431911 -0.669313 -0.604544

PART 50
OFFSET 13.343969 10.158361 -21.495186
SCALE 1.000000 1.000000 1.000000
X 0.699877 -0.556714 0.447483
Y -0.708188 -0.459322 0.536185
Z -0.092963 -0.692165 -0.715727

PART 51
OFFSET 14.323607 11.141720 -21.701773
SCALE 1.000000 1.000000 1.000000
X 0.566795 -0.589039 0.576000
Y -0.804172 -0.243636 0.542170
Z -0.179025 -0.770502 -0.611781

PART 52
OFFSET 12.808861 11.359277 -17.862185
SCALE 1.000000 1.000000 1.000000
X 0.540519 -0.251644 0.802817
Y -0.421850 0.744541 0.517399
Z -0.727930 -0.618332 0.296282

PART 53
OFFSET 5.181047 -17.245567 -10.030912
SCALE 1.000000 1.000000 1.000000
X -0.179684 -0.853187 0.489679
Y 0.432651 -0.515593 -0.739579
Z 0.883474 0.078969 0.461776

PART 54
OFFSET 3.770957 -14.685986 -7.068589
SCALE 1.000000 1.000000 1.000000
X 0.272900 0.155624 -0.949372
Y -0.117148 0.984861 0.127767
Z 0.954883 0.076350 0.286999

PART 55
OFFSET 2.042516 -15.575634 -8.147976
SCALE 1.000000 1.000000 1.000000
X -0.224150 -0.798906 -0.558127
Y 0.458504 0.418908 -0.783767
Z 0.859960 -0.431585 0.272404

PART 56
OFFSET 3.035744 -15.586847 -8.413118
SCALE 1.000000 1.000000 1.000000
X -0.132757 -0.652548 -0.746028
Y 0.348388 0.673937 -0.651486
Z 0.927902 -0.346397 0.137870

PART 57
OFFSET 4.797024 -15.069274 -6.962490
SCALE 1.000000 1.000000 1.000000
X 0.308716 -0.021185 0.950918
Y -0.853741 -0.446906 0.267211
Z 0.419310 -0.894330 -0.156053

PART 58
OFFSET 15.158772 10.344537 -18.981559
SCALE 1.000000 1.000000 1.000000
X 0.874134 0.066663 -0.481089
Y -0.316127 0.830082 -0.459378
Z 0.368720 0.553643 0.746676

PART 59
OFFSET 15.493478 9.846642 -19.217332
SCALE 1.000000 1.000000 1.000000
X 0.695423 0.258650 -0.670438
Y -0.633074 0.661954 -0.401290
Z 0.340006 0.703503 0.624083

PART 60
OFFSET 13.967369 9.660165 -21.093951
SCALE 1.000000 1.000000 1.000000
X -0.262298 -0.535370 0.802856
Y -0.964084 0.181360 -0.194036
Z -0.041725 -0.824917 -0.563712

PART 61
OFFSET 15.145988 10.339630 -20.943121
SCALE 1.000000 1.000000 1.000000
X -0.048783 -0.664233 0.745933
Y -0.967172 0.217889 0.130773
Z -0.249395 -0.715066 -0.653057

PART 62
OFFSET 13.352869 11.071509 -16.971635
SCALE 1.000000 1.000000 1.000000
X 0.779635 0.364875 0.508956
Y 0.367023 0.392284 -0.843450
Z -0.507409 0.844381 0.171920

PART 63
OFFSET 5.384034 -16.281948 -10.584009
SCALE 1.000000 1.000000 1.000000
X -0.082830 0.765240 0.638394
Y 0.181561 0.641462 -0.745360
Z -0.979885 0.054169 -0.192070

PART 64
OFFSET 3.455055 -14.862119 -5.995281
SCALE 1.000000 1.000000 1.000000
X -0.199509 -0.753312 0.626671
Y -0.194943 0.657258 0.728018
Z -0.960309 0.023081 -0.277982

PART 65
OFFSET 2.238123 -14.882695 -7.669150
SCALE 1.000000 1.000000 1.000000
X 0.081003 -0.097145 -0.991968
Y 0.526314 0.849340 -0.040199
Z 0.846423 -0.518830 0.119928

PART 66
OFFSET 3.174160 -14.725520 -7.323813
SCALE 1.000000 1.000000 1.000000
X 0.346789 0.192770 -0.917920
Y 0.225796 0.932713 0.281182
Z 0.910359 -0.304773 0.279928

PART 67
OFFSET 4.458512 -14.997855 -7.988259
SCALE 1.000000 1.000000 1.000000
X -0.217413 0.466713 0.857269
Y -0.241390 0.825287 -0.510521
Z -0.945760 -0.317930 -0.066768

PART 68
OFFSET 13.718180 9.151551 -20.331217
SCALE 1.000000 1.000000 1.000000
X 0.811756 0.415778 -0.410099
Y -0.564286 0.377523 -0.734205
Z -0.150444 0.827409 0.541074

PART 69
OFFSET 15.093118 9.619283 -20.134196
SCALE 1.000000 1.000000 1.000000
X 0.578845 0.381202 -0.720849
Y -0.753169 0.588745 -0.293456
Z 0.312531 0.712786 0.627901

PART 70
OFFSET 2.161155 -14.790398 -6.726748
SCALE 1.000000 1.000000 1.000000
X -0.515577 -0.383190 0.766385
Y 0.451859 0.638355 0.623159
Z -0.728013 0.667584 -0.155973

PART 71
OFFSET 2.798092 -14.934542 -6.328282
SCALE 1.000000 1.000000 1.000000
X -0.364026 -0.706934 0.606407
Y -0.051798 0.665437 0.744655
Z -0.929947 0.239663 -0.278854

PART 72
OFFSET 0.000000 0.000000 0.000000
SCALE 1.000000 1.000000 1.000000
X 1.000000 0.000000 0.000000
Y 0.000000 1.000000 0.000000
Z 0.000000 0.000000 1.000000

PART 73
OFFSET 0.000000 0.000000 0.000000
SCALE 1.000000 1.000000 1.000000
X 0.999997 0.002243 -0.000001
Y -0.002243 0.999997 -0.001175
Z -0.000001 0.001175 0.999999

PART 74
OFFSET 1.540532 0.008312 4.135827
SCALE 1.000000 1.000000 1.000000
X 0.999997 0.002243 -0.000001
Y -0.002243 0.999997 -0.001175
Z -0.000001 0.001175 0.999999

PART 75
OFFSET -4.631821 -0.012007 -1.376950
SCALE 1.000000 1.000000 1.000000
X 0.999997 0.002243 -0.000001
Y -0.002243 0.999997 -0.001175
Z -0.000001 0.001175 0.999999

FRAME 2
PART 0
OFFSET 0.000000 0.000000 0.000000
SCALE 1.000000 1.000000 1.000000
X 1.000000 0.000000 0.000000
Y 0.000000 1.000000 0.000000
Z 0.000000 0.000000 1.000000

PART 1
OFFSET 4.222317 4.234309 -4.578108
SCALE 1.000000 1.000000 1.000000
X -0.340207 0.249574 -0.906627
Y 0.748722 -0.511422 -0.421737
Z -0.568923 -0.822290 -0.012872

PART 2
OFFSET -2.644865 -7.000686 -0.752829
SCALE 1.000000 1.000000 1.000000
X -0.062025 0.349977 0.934703
Y -0.998018 -0.011770 -0.061819
Z -0.010634 -0.936684 0.350013

PART 3
OFFSET 6.239273 -15.338836 -9.440578
SCALE 1.000000 1.000000 1.000000
X 0.607453 -0.230219 -0.760263
Y 0.067803 0.968616 -0.239137
Z 0.791457 0.093716 0.603998

PART 4
OFFSET 13.908927 18.076323 -17.331985
SCALE 1.000000 1.000000 1.000000
X 0.998737 0.041892 -0.027740
Y 0.021387 0.145113 0.989184
Z 0.045465 -0.988528 0.144033

PART 5
OFFSET -0.636662 7.503269 -16.281372
SCALE 1.000000 1.000000 1.000000
X 0.902546 0.365116 -0.228256
Y 0.310814 -0.185552 0.932183
Z 0.298002 -0.912283 -0.280953

PART 6
OFFSET -2.053132 -12.197119 -14.252439
SCALE 1.000000 1.000000 1.000000
X -0.446946 0.307941 -0.839888
Y 0.547257 -0.648574 -0.529019
Z -0.707636 -0.696078 0.121355

PART 7
OFFSET 6.239273 -15.338836 -9.440578
SCALE 1.000000 1.000000 1.000000
X 0.607453 -0.230219 -0.760263
Y 0.067803 0.968616 -0.239137
Z 0.791457 0.093716 0.603998

PART 8
OFFSET 7.705088 12.132813 -19.274174
SCALE 1.000000 1.000000 1.000000
X 0.899859 0.368698 -0.233057
Y -0.304959 0.913823 0.268194
Z 0.311856 -0.170264 0.934749

PART 9
OFFSET 7.782567 10.545724 -19.829879
SCALE 1.000000 1.000000 1.000000
X 0.899859 0.368698 -0.233057
Y -0.304959 0.913823 0.268194
Z 0.311856 -0.170264 0.934749

PART 10
OFFSET 9.001058 11.752536 -17.057863
SCALE 1.000000 1.000000 1.000000
X 0.899859 0.368698 -0.233057
Y -0.304959 0.913823 0.268194
Z 0.311856 -0.170264 0.934749

PART 11
OFFSET 9.373056 10.467571 -17.206122
SCALE 1.000000 1.000000 1.000000
X 0.899859 0.368698 -0.233057
Y -0.304959 0.913823 0.268194
Z 0.311856 -0.170264 0.934749

PART 12
OFFSET 8.908872 9.952250 -18.183190
SCALE 1.000000 1.000000 1.000000
X 0.899859 0.368698 -0.233057
Y -0.304959 0.913823 0.268194
Z 0.311856 -0.170264 0.934749

PART 13
OFFSET 9.694875 12.030892 -19.248782
SCALE 1.000000 1.000000 1.000000
X 0.998299 0.012771 0.056892
Y -0.057070 0.414032 0.908472
Z -0.011953 -0.910173 0.414056

PART 14
OFFSET 6.978366 10.883982 -18.146882
SCALE 1.000000 1.000000 1.000000
X 0.879471 0.347190 -0.325562
Y -0.064952 0.765171 0.640542
Z 0.471500 -0.542192 0.695496

PART 15
OFFSET 1.239108 -14.993433 -4.614733
SCALE 1.000000 1.000000 1.000000
X -0.448282 0.313703 -0.837039
Y 0.700966 0.704441 -0.111399
Z 0.554698 -0.636674 -0.535683

PART 16
OFFSET 2.013931 -13.900641 -4.744931
SCALE 1.000000 1.000000 1.000000
X -0.448282 0.313703 -0.837039
Y 0.700966 0.704441 -0.111399
Z 0.554698 -0.636674 -0.535683

PART 17
OFFSET 2.796404 -13.982617 -5.648663
SCALE 1.000000 1.000000 1.000000
X -0.448282 0.313703 -0.837039
Y 0.700966 0.704441 -0.111399
Z 0.554698 -0.636674 -0.535683

PART 18
OFFSET 3.602418 -16.061487 -3.980909
SCALE 1.000000 1.000000 1.000000
X -0.478646 0.019894 0.877782
Y -0.826539 -0.347470 -0.442829
Z 0.296193 -0.937480 0.182758

PART 19
OFFSET 1.921169 -14.840453 -7.223061
SCALE 1.000000 1.000000 1.000000
X -0.440723 0.237340 -0.865698
Y -0.100932 -0.971399 -0.214935
Z -0.891951 -0.007350 0.452073

PART 20
OFFSET 11.998452 -16.231181 -11.420970
SCALE 1.000000 1.000000 1.000000
X 0.607453 -0.230219 -0.760263
Y 0.067803 0.968616 -0.239137
Z 0.791457 0.093716 0.603998

PART 21
OFFSET 12.979982 -16.468674 -12.153281
SCALE 1.000000 1.000000 1.000000
X 0.336903 -0.792071 0.509038
Y 0.607453 -0.230219 -0.760263
Z 0.719373 0.565351 0.403585

PART 22
OFFSET 12.601864 -16.689192 -13.106147
SCALE 1.000000 1.000000 1.000000
X 0.607453 -0.230219 -0.760263
Y 0.067803 0.968616 -0.239137
Z 0.791457 0.093716 0.603998

PART 23
OFFSET 20.022456 -19.316325 -21.642169
SCALE 1.000000 1.000000 1.000000
X 0.607453 -0.230219 -0.760263
Y 0.067803 0.968616 -0.239137
Z 0.791457 0.093716 0.603998

PART 24
OFFSET 10.579187 -16.928056 -14.647152
SCALE 1.000000 1.000000 1.000000
X 0.671459 -0.221577 -0.707140
Y 0.067804 0.968618 -0.239126
Z 0.737934 0.112616 0.665411

PART 25
OFFSET 13.539004 12.733836 -18.504666
SCALE 1.000000 1.000000 1.000000
X 0.940120 -0.333439 -0.070660
Y -0.306927 -0.918332 0.249926
Z -0.148224 -0.213273 -0.965683

PART 26
OFFSET 13.486660 12.119750 -19.411386
SCALE 1.000000 1.000000 1.000000
X 0.928061 -0.324724 0.182364
Y -0.372424 -0.811355 0.450559
Z 0.001654 -0.486063 -0.873922

PART 27
OFFSET 10.539917 11.391078 -20.109006
SCALE 1.000000 1.000000 1.000000
X 0.945781 -0.298761 -0.127434
Y -0.186136 -0.820069 0.541147
Z -0.266178 -0.488087 -0.831216

PART 28
OFFSET 10.762935 11.757359 -19.491772
SCALE 1.000000 1.000000 1.000000
X 0.977217 -0.088921 -0.192717
Y -0.011450 -0.928769 0.370483
Z -0.211933 -0.359836 -0.908627

PART 29
OFFSET 10.112232 12.057518 -18.174313
SCALE 1.000000 1.000000 1.000000
X 0.802797 -0.251651 0.540545
Y -0.283738 0.636107 0.717538
Z -0.524414 -0.729410 0.439262

PART 30
OFFSET 12.675310 12.239783 -17.409023
SCALE 1.000000 1.000000 1.000000
X 0.947012 -0.321122 -0.007020
Y 0.299269 0.890083 -0.343789
Z 0.116646 0.323472 0.939021

PART 31
OFFSET 12.413984 10.455391 -18.953159
SCALE 1.000000 1.000000 1.000000
X -0.301085 -0.391535 -0.869510
Y 0.012013 0.910192 -0.414013
Z 0.953522 -0.135099 -0.269342

PART 32
OFFSET 6.213105 -16.254761 -6.958265
SCALE 1.000000 1.000000 1.000000
X -0.388441 0.112064 0.914634
Y 0.504856 -0.804467 0.312976
Z 0.770866 0.583331 0.255912

PART 33
OFFSET 5.211270 -16.391190 -7.499022
SCALE 1.000000 1.000000 1.000000
X -0.204872 -0.963695 0.171228
Y 0.465096 -0.249776 -0.849292
Z 0.861228 -0.094359 0.499383

PART 34
OFFSET 3.048320 -16.281209 -5.255124
SCALE 1.000000 1.000000 1.000000
X -0.112873 -0.207489 0.971704
Y 0.300865 -0.939180 -0.165596
Z 0.946963 0.273660 0.168435

PART 35
OFFSET 3.736396 -16.188577 -5.101318
SCALE 1.000000 1.000000 1.000000
X -0.247055 -0.071773 0.966340
Y 0.376730 -0.925913 0.027545
Z 0.892770 0.370854 0.255791

PART 36
OFFSET 4.453698 -15.359307 -4.089120
SCALE 1.000000 1.000000 1.000000
X -0.642082 -0.569891 0.512792
Y -0.520576 -0.166925 -0.837339
Z 0.562790 -0.804587 -0.189492

PART 37
OFFSET 2.468058 -16.187362 0.144703
SCALE 1.000000 1.000000 1.000000
X -0.208168 -0.174755 0.962355
Y -0.454590 0.888469 0.063005
Z -0.866033 -0.424362 -0.264393

PART 38
OFFSET 15.181917 12.105258 -18.621817
SCALE 1.000000 1.000000 1.000000
X 0.367579 -0.842744 0.393280
Y -0.929874 -0.326307 0.169876
Z -0.014832 -0.428144 -0.903589

PART 39
OFFSET 15.290870 11.513978 -19.080432
SCALE 1.000000 1.000000 1.000000
X 0.563440 -0.737423 0.372482
Y -0.752658 -0.272278 0.599476
Z -0.340648 -0.618120 -0.708439

PART 40
OFFSET 12.701393 10.739750 -20.201429
SCALE 1.000000 1.000000 1.000000
X 0.899630 -0.433538 0.052060
Y -0.370471 -0.694726 0.616529
Z -0.231122 -0.573934 -0.785609

PART 41
OFFSET 13.267479 11.491901 -20.142976
SCALE 1.000000 1.000000 1.000000
X 0.975006 -0.222107 -0.005616
Y -0.147559 -0.666237 0.730995
Z -0.166101 -0.711896 -0.682359

PART 42
OFFSET 11.790381 11.517146 -16.909289
SCALE 1.000000 1.000000 1.000000
X 0.946202 -0.284582 0.153998
Y -0.031000 0.394010 0.918583
Z -0.322089 -0.873939 0.363991

PART 43
OFFSET 6.869252 -16.563615 -8.518934
SCALE 1.000000 1.000000 1.000000
X -0.351620 -0.385051 0.853287
Y 0.456193 -0.866420 -0.202991
Z 0.817466 0.317887 0.480308

PART 44
OFFSET 5.608358 -14.494458 -7.818045
SCALE 1.000000 1.000000 1.000000
X 0.252080 -0.736247 -0.628010
Y 0.112995 0.666922 -0.736510
Z 0.961087 0.114697 0.251310

PART 45
OFFSET 3.418614 -15.829244 -7.467957
SCALE 1.000000 1.000000 1.000000
X -0.221553 -0.852317 0.473783
Y 0.281649 -0.521081 -0.805697
Z 0.933589 -0.045064 0.355501

PART 46
OFFSET 4.251796 -16.045416 -7.652606
SCALE 1.000000 1.000000 1.000000
X -0.288046 -0.887209 0.360402
Y 0.175251 -0.418836 -0.890990
Z 0.941444 -0.193485 0.276128

PART 47
OFFSET 5.873142 -14.050888 -5.128293
SCALE 1.000000 1.000000 1.000000
X -0.377781 -0.309293 0.872708
Y -0.718683 -0.496312 -0.487001
Z 0.583761 -0.811180 -0.034786

PART 48
OFFSET 15.616213 11.116815 -18.059435
SCALE 1.000000 1.000000 1.000000
X 0.056922 -0.841372 0.537450
Y -0.998266 -0.056034 0.018007
Z 0.014965 -0.537544 -0.843103

PART 49
OFFSET 16.140436 10.456375 -18.559414
SCALE 1.000000 1.000000 1.000000
X -0.105274 -0.699037 0.707294
Y -0.915178 0.346365 0.206106
Z -0.389058 -0.625603 -0.676207

PART 50
OFFSET 13.890904 10.163211 -20.140893
SCALE 1.000000 1.000000 1.000000
X 0.726233 -0.566913 0.388839
Y -0.684726 -0.546239 0.482466
Z -0.061117 -0.616631 -0.784877

PART 51
OFFSET 14.855036 11.144387 -20.162813
SCALE 1.000000 1.000000 1.000000
X 0.568776 -0.628208 0.530894
Y -0.810231 -0.316911 0.493044
Z -0.141488 -0.710578 -0.689246

PART 52
OFFSET 13.118413 11.016006 -16.382517
SCALE 1.000000 1.000000 1.000000
X 0.525391 -0.298285 0.796863
Y -0.472096 0.676961 0.564667
Z -0.707877 -0.672867 0.214850

PART 53
OFFSET 7.298472 -15.934275 -9.456579
SCALE 1.000000 1.000000 1.000000
X -0.147787 -0.848281 0.508505
Y 0.596013 -0.486691 -0.638671
Z 0.789258 0.208688 0.577513

PART 54
OFFSET 5.169367 -13.454077 -6.881567
SCALE 1.000000 1.000000 1.000000
X 0.390583 0.149838 -0.908292
Y -0.251088 0.966594 0.051483
Z 0.885664 0.207953 0.415157

PART 55
OFFSET 3.738813 -14.598211 -8.141938
SCALE 1.000000 1.000000 1.000000
X -0.042077 -0.842979 -0.536299
Y 0.516867 0.440999 -0.733736
Z 0.855031 -0.308069 0.417152

PART 56
OFFSET 4.754659 -14.494818 -8.261698
SCALE 1.000000 1.000000 1.000000
X 0.058183 -0.694077 -0.717546
Y 0.358789 0.685278 -0.633771
Z 0.931604 -0.220573 0.288898

PART 57
OFFSET 6.206456 -13.700117 -6.607904
SCALE 1.000000 1.000000 1.000000
X 0.164181 0.056891 0.984788
Y -0.824733 -0.539780 0.168680
Z 0.541166 -0.839881 -0.041702

PART 58
OFFSET 15.680555 10.166493 -17.452391
SCALE 1.000000 1.000000 1.000000
X 0.886665 0.172743 -0.428934
Y -0.354332 0.849816 -0.390208
Z 0.297109 0.497969 0.814710

PART 59
OFFSET 16.019096 9.659988 -17.763283
SCALE 1.000000 1.000000 1.000000
X 0.691539 0.357402 -0.627724
Y -0.659227 0.667513 -0.346188
Z 0.295286 0.653215 0.697220

PART 60
OFFSET 14.536198 9.658251 -19.794357
SCALE 1.000000 1.000000 1.000000
X -0.214944 -0.635329 0.741725
Y -0.976623 0.141680 -0.161658
Z -0.002381 -0.759133 -0.650931

PART 61
OFFSET 15.685217 10.295817 -19.469260
SCALE 1.000000 1.000000 1.000000
X -0.027920 -0.739636 0.672428
Y -0.976175 0.164981 0.140938
Z -0.215181 -0.652472 -0.726620

PART 62
OFFSET 13.646125 10.674152 -15.501331
SCALE 1.000000 1.000000 1.000000
X 0.745230 0.351546 0.566610
Y 0.375558 0.480861 -0.792294
Z -0.550989 0.803236 0.226326

PART 63
OFFSET 7.465437 -14.976192 -10.030933
SCALE 1.000000 1.000000 1.000000
X -0.267222 0.774146 0.573839
Y 0.212821 0.628201 -0.748379
Z -0.939840 -0.077858 -0.332623

PART 64
OFFSET 4.720577 -13.624599 -5.855743
SCALE 1.000000 1.000000 1.000000
X -0.199493 -0.746185 0.635146
Y -0.377773 0.656636 0.652776
Z -0.904152 -0.109717 -0.412883

PART 65
OFFSET 3.777259 -13.867111 -7.681812
SCALE 1.000000 1.000000 1.000000
X 0.238581 -0.126662 -0.962827
Y 0.421693 0.906618 -0.014776
Z 0.874788 -0.402492 0.269714

PART 66
OFFSET 4.626165 -13.579040 -7.216486
SCALE 1.000000 1.000000 1.000000
X 0.454036 0.197256 -0.868874
Y 0.068980 0.964476 0.255006
Z 0.888309 -0.175717 0.424300

PART 67
OFFSET 6.018182 -13.714043 -7.673855
SCALE 1.000000 1.000000 1.000000
X -0.396400 0.470231 0.788511
Y -0.259169 0.766624 -0.587468
Z -0.880737 -0.437230 -0.182021

PART 68
OFFSET 14.331997 9.054673 -19.089699
SCALE 1.000000 1.000000 1.000000
X 0.777679 0.507545 -0.370963
Y -0.599271 0.420186 -0.681409
Z -0.189972 0.752225 0.630926

PART 69
OFFSET 15.654972 9.493701 -18.740048
SCALE 1.000000 1.000000 1.000000
X 0.568738 0.476550 -0.670401
Y -0.773915 0.586072 -0.239949
Z 0.278556 0.655301 0.702130

PART 70
OFFSET 3.550587 -13.746774 -6.767097
SCALE 1.000000 1.000000 1.000000
X -0.574557 -0.413514 0.706322
Y 0.275038 0.715252 0.642471
Z -0.770869 0.563401 -0.297221

PART 71
