// Export time: Sat Jun 18 04:19:46 2022

ANIMATION
VERSION 3

NUMPARTS 79
PART 0 "tag_torso"
PART 1 "j_shoulder_le"
PART 2 "j_shoulder_ri"
PART 3 "tag_weapon"
PART 4 "tag_weapon1"
PART 5 "j_elbow_le"
PART 6 "j_elbow_ri"
PART 7 "j_gun"
PART 8 "j_sleave_reshape_bottom_le_1"
PART 9 "j_sleave_reshape_bottom_le_2"
PART 10 "j_sleave_reshape_top_le_1"
PART 11 "j_sleave_reshape_top_le_2"
PART 12 "j_sleave_reshape_top_le_3"
PART 13 "j_wrist_le"
PART 14 "j_wristtwist_le"
PART 15 "j_sleave_reshape_top_ri_1"
PART 16 "j_sleave_reshape_top_ri_2"
PART 17 "j_sleave_reshape_top_ri_3"
PART 18 "j_wrist_ri"
PART 19 "j_wristtwist_ri"
PART 20 "tag_bolt_animate"
PART 21 "tag_brass"
PART 22 "tag_flash"
PART 23 "tag_handguard"
PART 24 "tag_mag_release_animate"
PART 25 "tag_frame"
PART 26 "tag_ext_mag_animate"
PART 27 "j_index_le_0"
PART 28 "j_mid_le_0"
PART 29 "j_pinkypalm_le"
PART 30 "j_ringpalm_le"
PART 31 "j_thumb_le_0"
PART 32 "j_webbing_le"
PART 33 "tag_knife_attach"
PART 34 "j_index_ri_0"
PART 35 "j_mid_ri_0"
PART 36 "j_pinkypalm_ri"
PART 37 "j_ringpalm_ri"
PART 38 "j_thumb_ri_0"
PART 39 "j_webbing_ri"
PART 40 "tag_ext_mag_bullet_animate"
PART 41 "j_index_le_1"
PART 42 "j_mid_le_1"
PART 43 "j_pinky_le_0"
PART 44 "j_ring_le_0"
PART 45 "j_thumb_le_1"
PART 46 "j_index_ri_1"
PART 47 "j_mid_ri_1"
PART 48 "j_pinky_ri_0"
PART 49 "j_ring_ri_0"
PART 50 "j_thumb_ri_1"
PART 51 "j_index_le_2"
PART 52 "j_mid_le_2"
PART 53 "j_pinky_le_1"
PART 54 "j_ring_le_1"
PART 55 "j_thumb_le_2"
PART 56 "j_index_ri_2"
PART 57 "j_mid_ri_2"
PART 58 "j_pinky_ri_1"
PART 59 "j_ring_ri_1"
PART 60 "j_thumb_ri_2"
PART 61 "j_index_le_3"
PART 62 "j_mid_le_3"
PART 63 "j_pinky_le_2"
PART 64 "j_ring_le_2"
PART 65 "j_thumb_le_3"
PART 66 "j_index_ri_3"
PART 67 "j_mid_ri_3"
PART 68 "j_pinky_ri_2"
PART 69 "j_ring_ri_2"
PART 70 "j_thumb_ri_3"
PART 71 "j_pinky_le_3"
PART 72 "j_ring_le_3"
PART 73 "j_pinky_ri_3"
PART 74 "j_ring_ri_3"
PART 75 "tag_cambone"
PART 76 "tag_camera"
PART 77 "tag_gasmask"
PART 78 "tag_gasmask2"

FRAMERATE 30
NUMFRAMES 6
FRAME 0
PART 0
OFFSET 0.000000 0.000000 0.000000
SCALE 1.000000 1.000000 1.000000
X 1.000000 0.000000 0.000000
Y 0.000000 1.000000 0.000000
Z 0.000000 0.000000 1.000000

PART 1
OFFSET 2.012414 1.077328 -2.694908
SCALE 1.000000 1.000000 1.000000
X 0.852873 -0.192102 -0.485495
Y -0.061317 -0.960272 0.272247
Z -0.518506 -0.202423 -0.830768

PART 2
OFFSET -4.806000 -7.401901 2.691043
SCALE 1.000000 1.000000 1.000000
X -0.450189 0.493087 0.744443
Y -0.236332 -0.869771 0.433181
Z 0.861090 0.019077 0.508094

PART 3
OFFSET 12.630611 -5.736847 -5.568594
SCALE 1.000000 1.000000 1.000000
X 1.000000 0.000000 -0.000000
Y -0.000000 0.848099 -0.529838
Z 0.000000 0.529838 0.848099

PART 4
OFFSET 13.745596 17.667068 -17.903065
SCALE 1.000000 1.000000 1.000000
X 0.998737 0.041892 -0.027740
Y 0.021387 0.145113 0.989184
Z 0.045465 -0.988528 0.144033

PART 5
OFFSET 12.103531 -1.421417 -8.040236
SCALE 1.000000 1.000000 1.000000
X 0.915114 -0.300063 0.269309
Y -0.312561 -0.106016 0.943963
Z -0.254698 -0.948010 -0.190805

PART 6
OFFSET 0.819137 -14.210572 -7.028696
SCALE 1.000000 1.000000 1.000000
X -0.821930 -0.540784 -0.178842
Y 0.449514 -0.423022 -0.786759
Z 0.349812 -0.727052 0.590785

PART 7
OFFSET 12.630611 -5.736847 -5.568594
SCALE 1.000000 1.000000 1.000000
X 1.000000 0.000000 -0.000000
Y -0.000000 0.848099 -0.529838
Z 0.000000 0.529838 0.848099

PART 8
OFFSET 21.723739 -3.430616 -6.199302
SCALE 1.000000 1.000000 1.000000
X 0.917655 -0.296846 0.264182
Y 0.256586 0.950271 0.176492
Z -0.303435 -0.094173 0.948187

PART 9
OFFSET 21.021449 -4.837134 -6.801097
SCALE 1.000000 1.000000 1.000000
X 0.917655 -0.296846 0.264182
Y 0.256586 0.950271 0.176492
Z -0.303435 -0.094173 0.948187

PART 10
OFFSET 21.382281 -3.962047 -3.681929
SCALE 1.000000 1.000000 1.000000
X 0.917655 -0.296846 0.264182
Y 0.256586 0.950271 0.176492
Z -0.303435 -0.094173 0.948187

PART 11
OFFSET 20.886280 -5.210939 -3.757766
SCALE 1.000000 1.000000 1.000000
X 0.917655 -0.296846 0.264182
Y 0.256586 0.950271 0.176492
Z -0.303435 -0.094173 0.948187

PART 12
OFFSET 20.680271 -5.568752 -4.882584
SCALE 1.000000 1.000000 1.000000
X 0.917655 -0.296846 0.264182
Y 0.256586 0.950271 0.176492
Z -0.303435 -0.094173 0.948187

PART 13
OFFSET 22.654346 -5.071168 -4.876815
SCALE 1.000000 1.000000 1.000000
X 0.917721 0.384020 -0.101573
Y 0.146501 -0.089534 0.985150
Z 0.369223 -0.918974 -0.138427

PART 14
OFFSET 19.887261 -3.973222 -5.748963
SCALE 1.000000 1.000000 1.000000
X 0.915114 -0.300063 0.269309
Y -0.312561 -0.106016 0.943963
Z -0.254698 -0.948010 -0.190805

PART 15
OFFSET 8.997857 -8.516004 -3.532407
SCALE 1.000000 1.000000 1.000000
X -0.825549 -0.536268 -0.175743
Y -0.353916 0.734558 -0.578937
Z 0.439559 -0.415743 -0.796207

PART 16
OFFSET 8.355577 -7.515366 -4.163039
SCALE 1.000000 1.000000 1.000000
X -0.825549 -0.536268 -0.175743
Y -0.353916 0.734558 -0.578937
Z 0.439559 -0.415743 -0.796207

PART 17
OFFSET 8.259101 -7.688119 -5.344802
SCALE 1.000000 1.000000 1.000000
X -0.825549 -0.536268 -0.175743
Y -0.353916 0.734558 -0.578937
Z 0.439559 -0.415743 -0.796207

PART 18
OFFSET 10.323702 -7.847683 -4.919715
SCALE 1.000000 1.000000 1.000000
X -0.969789 -0.242112 0.029866
Y 0.167032 -0.748255 -0.642040
Z 0.177793 -0.617654 0.766089

PART 19
OFFSET 7.811977 -9.608721 -5.507334
SCALE 1.000000 1.000000 1.000000
X -0.821930 -0.540784 -0.178842
Y 0.449514 -0.423022 -0.786759
Z 0.349812 -0.727052 0.590785

PART 20
OFFSET 16.378987 -3.602241 -2.139314
SCALE 1.000000 1.000000 1.000000
X 1.000000 0.000000 -0.000000
Y -0.000000 0.848099 -0.529838
Z 0.000000 0.529838 0.848099

PART 21
OFFSET 22.807238 -3.912740 -1.965847
SCALE 1.000000 1.000000 1.000000
X 0.000000 -0.469686 0.882833
Y 1.000000 0.000000 0.000000
Z -0.000000 0.882833 0.469686

PART 22
OFFSET 32.014115 -3.597089 -2.142531
SCALE 1.000000 1.000000 1.000000
X 1.000000 0.000000 -0.000000
Y -0.000000 0.848099 -0.529838
Z 0.000000 0.529838 0.848099

PART 23
OFFSET 25.443799 -3.597089 -2.142531
SCALE 1.000000 1.000000 1.000000
X 1.000000 0.000000 -0.000000
Y -0.000000 0.848099 -0.529838
Z 0.000000 0.529838 0.848099

PART 24
OFFSET 21.483415 -1.616953 -3.671923
SCALE 1.000000 1.000000 1.000000
X 1.000000 0.000000 -0.000000
Y -0.000000 0.848099 -0.529838
Z 0.000000 0.529838 0.848099

PART 25
OFFSET 25.615269 -3.569689 -2.099680
SCALE 1.000000 1.000000 1.000000
X 1.000000 0.000000 -0.000000
Y -0.000000 0.848099 -0.529838
Z 0.000000 0.529838 0.848099

PART 26
OFFSET 22.799158 -0.204609 -4.244471
SCALE 1.000000 1.000000 1.000000
X 1.000000 0.000000 -0.000000
Y -0.000000 0.848099 -0.529838
Z 0.000000 0.529838 0.848099

PART 27
OFFSET 26.272786 -3.412144 -4.446480
SCALE 1.000000 1.000000 1.000000
X 0.625864 -0.695121 0.353696
Y -0.740121 -0.672371 -0.011772
Z 0.245998 -0.254410 -0.935286

PART 28
OFFSET 26.101933 -3.427136 -5.580110
SCALE 1.000000 1.000000 1.000000
X 0.462185 -0.690958 0.555844
Y -0.818731 -0.573293 -0.031872
Z 0.340683 -0.440355 -0.830676

PART 29
OFFSET 23.339042 -4.769977 -6.387824
SCALE 1.000000 1.000000 1.000000
X 0.992152 -0.089762 -0.087053
Y -0.033584 -0.861901 0.505963
Z -0.120447 -0.499069 -0.858151

PART 30
OFFSET 23.510884 -4.552101 -5.487154
SCALE 1.000000 1.000000 1.000000
X 0.957055 0.158259 -0.242900
Y 0.204644 -0.962262 0.179366
Z -0.205347 -0.221371 -0.953324

PART 31
OFFSET 23.376509 -5.361789 -4.094952
SCALE 1.000000 1.000000 1.000000
X 0.902427 -0.193324 0.385034
Y -0.409903 -0.110029 0.905468
Z -0.132684 -0.974946 -0.178537

PART 32
OFFSET 25.913921 -4.522088 -3.699946
SCALE 1.000000 1.000000 1.000000
X 0.937816 0.123118 -0.324565
Y -0.080605 0.986670 0.141369
Z 0.337644 -0.106416 0.935239

PART 33
OFFSET 25.626153 -5.382174 -5.894062
SCALE 1.000000 1.000000 1.000000
X -0.462809 -0.052585 -0.884897
Y -0.369160 0.918994 0.138463
Z 0.805934 0.390750 -0.444731

PART 34
OFFSET 14.022091 -6.593367 -4.245490
SCALE 1.000000 1.000000 1.000000
X -0.980685 -0.195069 -0.014323
Y 0.113232 -0.625914 0.771629
Z -0.159486 0.755103 0.635912

PART 35
OFFSET 14.154001 -7.258208 -5.150029
SCALE 1.000000 1.000000 1.000000
X 0.009609 -0.901507 0.432658
Y 0.999353 0.023659 0.027103
Z -0.034670 0.432118 0.901151

PART 36
OFFSET 11.261328 -8.364814 -5.816979
SCALE 1.000000 1.000000 1.000000
X -0.895439 -0.260642 0.360908
Y 0.440632 -0.634525 0.634997
Z 0.063498 0.727629 0.683026

PART 37
OFFSET 11.374504 -7.840872 -5.305148
SCALE 1.000000 1.000000 1.000000
X -0.978587 -0.083915 0.187952
Y 0.200331 -0.598025 0.776037
Z 0.047279 0.797073 0.602030

PART 38
OFFSET 10.619548 -6.874002 -4.753519
SCALE 1.000000 1.000000 1.000000
X -0.470530 -0.878267 0.085134
Y 0.770646 -0.456022 -0.445139
Z 0.429774 -0.143843 0.891406

PART 39
OFFSET 6.241649 -8.553651 -3.841873
SCALE 1.000000 1.000000 1.000000
X -0.895339 -0.254846 0.365268
Y -0.445235 0.490889 -0.748862
Z 0.011539 -0.833115 -0.552979

PART 40
OFFSET 22.799158 -3.816365 -1.988075
SCALE 1.000000 1.000000 1.000000
X 1.000000 0.000000 -0.000000
Y -0.000000 0.848099 -0.529838
Z 0.000000 0.529838 0.848099

PART 41
OFFSET 27.285006 -4.703760 -3.796110
SCALE 1.000000 1.000000 1.000000
X -0.429555 -0.831644 0.351924
Y -0.849283 0.239590 -0.470442
Z 0.306923 -0.500964 -0.809218

PART 42
OFFSET 27.002066 -4.771834 -4.493705
SCALE 1.000000 1.000000 1.000000
X -0.359409 -0.846839 0.392031
Y -0.933170 0.324188 -0.155229
Z 0.004362 -0.421622 -0.906761

PART 43
OFFSET 25.583675 -4.937593 -6.448751
SCALE 1.000000 1.000000 1.000000
X 0.895114 -0.318755 0.311714
Y -0.432320 -0.791421 0.432148
Z 0.108947 -0.521582 -0.846217

PART 44
OFFSET 25.967532 -4.174605 -6.241418
SCALE 1.000000 1.000000 1.000000
X 0.682533 -0.491541 0.540866
Y -0.701652 -0.647804 0.296706
Z 0.204532 -0.582011 -0.787038

PART 45
OFFSET 25.323408 -5.819437 -3.160645
SCALE 1.000000 1.000000 1.000000
X 0.988898 -0.024579 -0.146549
Y 0.141080 -0.154389 0.977886
Z -0.046661 -0.987704 -0.149208

PART 46
OFFSET 15.669068 -6.027311 -4.329721
SCALE 1.000000 1.000000 1.000000
X 0.047993 -0.945873 0.320968
Y 0.941178 0.150430 0.302579
Z -0.334485 0.287566 0.897455

PART 47
OFFSET 14.106053 -5.482747 -5.995244
SCALE 1.000000 1.000000 1.000000
X 0.895798 -0.421702 0.140404
Y 0.406527 0.649687 -0.642373
Z 0.179671 0.632515 0.753421

PART 48
OFFSET 13.435730 -7.736537 -6.495011
SCALE 1.000000 1.000000 1.000000
X 0.016734 -0.856007 0.516694
Y 0.983058 -0.080254 -0.164794
Z 0.182532 0.510697 0.840161

PART 49
OFFSET 13.908121 -7.723485 -5.900414
SCALE 1.000000 1.000000 1.000000
X -0.094983 -0.873784 0.476949
Y 0.927612 -0.251563 -0.276139
Z 0.361269 0.416195 0.834426

PART 50
OFFSET 11.573800 -4.890910 -4.957668
SCALE 1.000000 1.000000 1.000000
X -0.870646 -0.459968 0.174371
Y 0.414045 -0.876637 -0.245100
Z 0.265599 -0.141198 0.953688

PART 51
OFFSET 26.443427 -5.342827 -3.495987
SCALE 1.000000 1.000000 1.000000
X -0.984603 0.089767 -0.149994
Y 0.169261 0.703950 -0.689786
Z 0.043668 -0.704553 -0.708306

PART 52
OFFSET 26.229907 -5.876612 -4.008646
SCALE 1.000000 1.000000 1.000000
X -0.931865 0.191017 -0.308450
Y 0.314514 0.849128 -0.424338
Z 0.180857 -0.492438 -0.851349

PART 53
OFFSET 26.872340 -5.414312 -5.994310
SCALE 1.000000 1.000000 1.000000
X -0.038817 -0.729764 0.682597
Y -0.964782 -0.150489 -0.215751
Z 0.260171 -0.666932 -0.698221

PART 54
OFFSET 27.156651 -5.056709 -5.322928
SCALE 1.000000 1.000000 1.000000
X -0.495316 -0.616033 0.612508
Y -0.856819 0.230163 -0.461395
Z 0.143257 -0.753345 -0.641832

PART 55
OFFSET 26.840469 -5.942318 -3.640674
SCALE 1.000000 1.000000 1.000000
X 0.787543 -0.156025 -0.596182
Y 0.606062 0.020817 0.795145
Z -0.111651 -0.987534 0.110955

PART 56
OFFSET 15.524902 -4.868138 -4.669818
SCALE 1.000000 1.000000 1.000000
X 0.456669 -0.829576 0.321335
Y 0.839103 0.521652 0.154225
Z -0.295566 0.199204 0.934322

PART 57
OFFSET 12.767718 -4.907981 -6.168604
SCALE 1.000000 1.000000 1.000000
X 0.829131 0.316471 -0.460856
Y -0.539564 0.668764 -0.511494
Z 0.146331 0.672757 0.725249

PART 58
OFFSET 13.418285 -6.558320 -7.211500
SCALE 1.000000 1.000000 1.000000
X 0.611769 -0.780444 0.129019
Y 0.768537 0.547786 -0.330576
Z 0.187322 0.301392 0.934919

PART 59
OFFSET 14.068417 -6.225804 -6.709584
SCALE 1.000000 1.000000 1.000000
X 0.786404 -0.616725 -0.034926
Y 0.509850 0.679967 -0.526970
Z 0.348744 0.396604 0.849166

PART 60
OFFSET 13.011538 -4.493681 -5.328049
SCALE 1.000000 1.000000 1.000000
X -0.916635 0.278126 0.287101
Y -0.319851 -0.941120 -0.109495
Z 0.239743 -0.192196 0.951622

PART 61
OFFSET 25.331317 -5.241471 -3.665371
SCALE 1.000000 1.000000 1.000000
X 0.179944 -0.863266 0.471585
Y 0.975158 0.219508 0.029730
Z -0.129182 0.454520 0.881319

PART 62
OFFSET 25.175558 -5.664357 -4.363717
SCALE 1.000000 1.000000 1.000000
X 0.501253 -0.655010 0.565427
Y 0.851549 0.489440 -0.187918
Z -0.153654 0.575683 0.803106

PART 63
OFFSET 26.791440 -6.114404 -5.347424
SCALE 1.000000 1.000000 1.000000
X -0.995883 -0.074675 -0.051380
Y -0.005402 0.614725 -0.788723
Z 0.090482 -0.785198 -0.612598

PART 64
OFFSET 26.322470 -5.860451 -4.575595
SCALE 1.000000 1.000000 1.000000
X -0.936947 0.041989 -0.346941
Y 0.272343 0.709844 -0.649577
Z 0.218999 -0.703106 -0.676521

PART 65
OFFSET 27.697331 -6.155909 -4.266774
SCALE 1.000000 1.000000 1.000000
X 0.777986 0.523447 -0.347478
Y -0.551275 0.834030 0.022119
Z 0.301385 0.174348 0.937427

PART 66
OFFSET 15.009144 -3.931135 -5.032725
SCALE 1.000000 1.000000 1.000000
X -0.989281 -0.144677 0.019768
Y -0.141205 0.913357 -0.381891
Z 0.037196 -0.380589 -0.923996

PART 67
OFFSET 11.827258 -5.270710 -5.652107
SCALE 1.000000 1.000000 1.000000
X -0.301112 -0.715459 0.630436
Y -0.933460 0.356271 -0.041524
Z -0.194897 -0.600990 -0.775130

PART 68
OFFSET 12.871382 -5.862896 -7.325449
SCALE 1.000000 1.000000 1.000000
X 0.920838 0.038881 -0.388003
Y -0.118224 0.976021 -0.182772
Z 0.371593 0.214174 0.903354

PART 69
OFFSET 12.948533 -5.397515 -6.654723
SCALE 1.000000 1.000000 1.000000
X 0.918522 0.196860 -0.342874
Y -0.323202 0.873364 -0.364383
Z 0.227721 0.445512 0.865830

PART 70
OFFSET 13.997299 -4.769656 -5.680195
SCALE 1.000000 1.000000 1.000000
X -0.896568 0.134791 -0.421898
Y 0.442898 0.266931 -0.855914
Z -0.002752 -0.954243 -0.299020

PART 71
OFFSET 25.845326 -6.185346 -5.396235
SCALE 1.000000 1.000000 1.000000
X 0.751829 -0.214323 0.623554
Y 0.648238 0.413209 -0.639567
Z -0.120584 0.885056 0.449595

PART 72
OFFSET 25.306381 -5.814946 -4.951820
SCALE 1.000000 1.000000 1.000000
X 0.623762 -0.477587 0.618735
Y 0.750857 0.586019 -0.304624
Z -0.217106 0.654594 0.724135

PART 73
OFFSET 11.996550 -5.899839 -6.956845
SCALE 1.000000 1.000000 1.000000
X -0.684159 -0.673507 0.279848
Y -0.635051 0.738810 0.225544
Z -0.358660 -0.023409 -0.933175

PART 74
OFFSET 11.952359 -5.610958 -6.282866
SCALE 1.000000 1.000000 1.000000
X -0.555588 -0.636020 0.535537
Y -0.800461 0.583379 -0.137593
Z -0.224909 -0.505121 -0.833228

PART 75
OFFSET 0.000000 0.000000 0.000000
SCALE 1.000000 1.000000 1.000000
X 1.000000 0.000000 0.000000
Y 0.000000 1.000000 0.000000
Z 0.000000 0.000000 1.000000

PART 76
OFFSET 0.000000 0.000000 0.000000
SCALE 1.000000 1.000000 1.000000
X 1.000000 0.000000 0.000000
Y 0.000000 1.000000 0.000000
Z 0.000000 0.000000 1.000000

PART 77
OFFSET 1.540551 0.000000 4.135827
SCALE 1.000000 1.000000 1.000000
X 1.000000 0.000000 0.000000
Y 0.000000 1.000000 0.000000
Z 0.000000 0.000000 1.000000

PART 78
OFFSET -4.631835 0.000000 -1.376957
SCALE 1.000000 1.000000 1.000000
X 1.000000 0.000000 0.000000
Y 0.000000 1.000000 0.000000
Z 0.000000 0.000000 1.000000

FRAME 1
PART 0
OFFSET 0.000000 0.000000 0.000000
SCALE 1.000000 1.000000 1.000000
X 1.000000 0.000000 0.000000
Y 0.000000 1.000000 0.000000
Z 0.000000 0.000000 1.000000

PART 1
OFFSET 2.292527 0.831037 -2.464587
SCALE 1.000000 1.000000 1.000000
X 0.796760 -0.122898 -0.591666
Y 0.003363 -0.978184 0.207712
Z -0.604286 -0.167486 -0.778965

PART 2
OFFSET -4.577835 -7.242349 2.586346
SCALE 1.000000 1.000000 1.000000
X -0.382517 0.550371 0.742140
Y -0.223654 -0.834495 0.503584
Z 0.896471 0.026646 0.442301

PART 3
OFFSET 11.634106 -5.792759 -5.807412
SCALE 1.000000 1.000000 1.000000
X 0.999972 0.002319 0.007166
Y 0.001281 0.885236 -0.465140
Z -0.007422 0.465136 0.885208

PART 4
OFFSET 13.745596 17.667068 -17.903065
SCALE 1.000000 1.000000 1.000000
X 0.998737 0.041892 -0.027740
Y 0.021387 0.145113 0.989184
Z 0.045465 -0.988528 0.144033

PART 5
OFFSET 11.926179 -0.656032 -9.618795
SCALE 1.000000 1.000000 1.000000
X 0.843258 -0.369365 0.390494
Y -0.442655 -0.065095 0.894326
Z -0.304914 -0.927002 -0.218393

PART 6
OFFSET 0.253598 -14.953377 -7.221713
SCALE 1.000000 1.000000 1.000000
X -0.786185 -0.596741 -0.160664
Y 0.470717 -0.409787 -0.781345
Z 0.400423 -0.689909 0.603065

PART 7
OFFSET 11.634106 -5.792759 -5.807412
SCALE 1.000000 1.000000 1.000000
X 0.999972 0.002319 0.007166
Y 0.001281 0.885236 -0.465140
Z -0.007422 0.465136 0.885208

PART 8
OFFSET 21.017274 -3.413531 -6.500699
SCALE 1.000000 1.000000 1.000000
X 0.846714 -0.366447 0.385735
Y 0.308864 0.928872 0.204449
Z -0.433218 -0.053970 0.899672

PART 9
OFFSET 20.286724 -4.767506 -7.183860
SCALE 1.000000 1.000000 1.000000
X 0.846714 -0.366447 0.385735
Y 0.308864 0.928872 0.204449
Z -0.433218 -0.053970 0.899672

PART 10
OFFSET 20.302193 -3.875108 -4.048804
SCALE 1.000000 1.000000 1.000000
X 0.846714 -0.366447 0.385735
Y 0.308864 0.928872 0.204449
Z -0.433218 -0.053970 0.899672

PART 11
OFFSET 19.718743 -5.080435 -4.183970
SCALE 1.000000 1.000000 1.000000
X 0.846714 -0.366447 0.385735
Y 0.308864 0.928872 0.204449
Z -0.433218 -0.053970 0.899672

PART 12
OFFSET 19.634706 -5.438155 -5.324435
SCALE 1.000000 1.000000 1.000000
X 0.846714 -0.366447 0.385735
Y 0.308864 0.928872 0.204449
Z -0.433218 -0.053970 0.899672

PART 13
OFFSET 21.649437 -5.159830 -5.003138
SCALE 1.000000 1.000000 1.000000
X 0.917285 0.392690 -0.066198
Y 0.140242 -0.162956 0.976615
Z 0.372720 -0.905119 -0.204549

PART 14
OFFSET 19.098676 -3.797291 -6.296766
SCALE 1.000000 1.000000 1.000000
X 0.843258 -0.369365 0.390494
Y -0.442655 -0.065095 0.894326
Z -0.304914 -0.927002 -0.218393

PART 15
OFFSET 8.067951 -8.665759 -3.913337
SCALE 1.000000 1.000000 1.000000
X -0.790070 -0.592404 -0.157632
Y -0.404925 0.697386 -0.591344
Z 0.460245 -0.403374 -0.790863

PART 16
OFFSET 7.357607 -7.722755 -4.559596
SCALE 1.000000 1.000000 1.000000
X -0.790070 -0.592404 -0.157632
Y -0.404925 0.697386 -0.591344
Z 0.460245 -0.403374 -0.790863

PART 17
OFFSET 7.264517 -7.926821 -5.736629
SCALE 1.000000 1.000000 1.000000
X -0.790070 -0.592404 -0.157632
Y -0.404925 0.697386 -0.591344
Z 0.460245 -0.403374 -0.790863

PART 18
OFFSET 9.327657 -7.951025 -5.339521
SCALE 1.000000 1.000000 1.000000
X -0.969312 -0.245783 0.005055
Y 0.173316 -0.697812 -0.694996
Z 0.174346 -0.672792 0.718996

PART 19
OFFSET 6.942265 -9.875458 -5.855022
SCALE 1.000000 1.000000 1.000000
X -0.786185 -0.596741 -0.160664
Y 0.470717 -0.409787 -0.781345
Z 0.400423 -0.689909 0.603065

PART 20
OFFSET 13.347031 -3.915722 -2.216185
SCALE 1.000000 1.000000 1.000000
X 0.999972 0.002319 0.007166
Y 0.001281 0.885236 -0.465140
Z -0.007422 0.465136 0.885208

PART 21
OFFSET 21.780131 -4.218725 -2.005901
SCALE 1.000000 1.000000 1.000000
X -0.004819 -0.534194 0.845348
Y 0.999972 0.002319 0.007166
Z -0.005788 0.845359 0.534168

PART 22
OFFSET 30.987080 -3.869433 -2.092590
SCALE 1.000000 1.000000 1.000000
X 0.999972 0.002319 0.007166
Y 0.001281 0.885236 -0.465140
Z -0.007422 0.465136 0.885208

PART 23
OFFSET 24.416951 -3.884667 -2.139670
SCALE 1.000000 1.000000 1.000000
X 0.999972 0.002319 0.007166
Y 0.001281 0.885236 -0.465140
Z -0.007422 0.465136 0.885208

PART 24
OFFSET 20.461707 -1.805213 -3.545563
SCALE 1.000000 1.000000 1.000000
X 0.999972 0.002319 0.007166
Y 0.001281 0.885236 -0.465140
Z -0.007422 0.465136 0.885208

PART 25
OFFSET 24.588039 -3.860141 -2.093668
SCALE 1.000000 1.000000 1.000000
X 0.999972 0.002319 0.007166
Y 0.001281 0.885236 -0.465140
Z -0.007422 0.465136 0.885208

PART 26
OFFSET 21.777385 -0.351068 -4.001810
SCALE 1.000000 1.000000 1.000000
X 0.999972 0.002319 0.007166
Y 0.001281 0.885236 -0.465140
Z -0.007422 0.465136 0.885208

PART 27
OFFSET 25.260262 -3.529451 -4.424810
SCALE 1.000000 1.000000 1.000000
X 0.625472 -0.718278 0.304732
Y -0.738128 -0.671298 -0.067275
Z 0.252888 -0.182853 -0.950059

PART 28
OFFSET 25.096945 -3.459625 -5.557499
SCALE 1.000000 1.000000 1.000000
X 0.460450 -0.729693 0.505503
Y -0.816882 -0.571172 -0.080410
Z 0.347404 -0.375912 -0.859070

PART 29
OFFSET 22.343248 -4.744383 -6.482564
SCALE 1.000000 1.000000 1.000000
X 0.992954 -0.080670 -0.086801
Y -0.034495 -0.897554 0.439554
Z -0.113367 -0.433463 -0.894012

PART 30
OFFSET 22.508521 -4.594393 -5.566925
SCALE 1.000000 1.000000 1.000000
X 0.958188 0.178277 -0.223813
Y 0.206167 -0.972542 0.107969
Z -0.198420 -0.149597 -0.968633

PART 31
OFFSET 22.367236 -5.506698 -4.240421
SCALE 1.000000 1.000000 1.000000
X 0.900405 -0.219615 0.375553
Y -0.415564 -0.178695 0.891838
Z -0.128751 -0.959082 -0.252162

PART 32
OFFSET 24.899605 -4.693172 -3.766213
SCALE 1.000000 1.000000 1.000000
X 0.939589 0.149326 -0.308016
Y -0.084320 0.973071 0.214530
Z 0.331757 -0.175598 0.926878

PART 33
OFFSET 24.628764 -5.386648 -6.020640
SCALE 1.000000 1.000000 1.000000
X -0.456803 0.012975 -0.889473
Y -0.372657 0.905136 0.204587
Z 0.807749 0.424924 -0.408633

PART 34
OFFSET 13.020144 -6.740247 -4.548223
SCALE 1.000000 1.000000 1.000000
X -0.977406 -0.211249 -0.007190
Y 0.137386 -0.660771 0.737907
Z -0.160633 0.720247 0.674864

PART 35
OFFSET 13.157618 -7.337010 -5.493489
SCALE 1.000000 1.000000 1.000000
X -0.003962 -0.921038 0.389454
Y 0.996373 0.029467 0.079824
Z -0.084996 0.388357 0.917581

PART 36
OFFSET 10.303021 -8.395901 -6.258442
SCALE 1.000000 1.000000 1.000000
X -0.872260 -0.310013 0.378225
Y 0.483737 -0.660554 0.574166
Z 0.071839 0.683784 0.726140

PART 37
OFFSET 10.391103 -7.924038 -5.702784
SCALE 1.000000 1.000000 1.000000
X -0.970351 -0.127041 0.205618
Y 0.238311 -0.644814 0.726239
Z 0.040323 0.753708 0.655971

PART 38
OFFSET 9.604252 -7.001914 -5.101564
SCALE 1.000000 1.000000 1.000000
X -0.432859 -0.900588 0.039681
Y 0.782789 -0.397342 -0.478916
Z 0.447073 -0.176241 0.876963

PART 39
OFFSET 5.240427 -8.744480 -4.345402
SCALE 1.000000 1.000000 1.000000
X -0.897064 -0.283386 0.339070
Y -0.441555 0.544510 -0.713118
Z 0.017461 -0.789431 -0.613591

PART 40
OFFSET 21.771931 -4.120979 -2.020941
SCALE 1.000000 1.000000 1.000000
X 0.999972 0.002319 0.007166
Y 0.001281 0.885236 -0.465140
Z -0.007422 0.465136 0.885208

PART 41
OFFSET 26.271801 -4.863931 -3.866426
SCALE 1.000000 1.000000 1.000000
X -0.429523 -0.856726 0.285534
Y -0.846829 0.272290 -0.456880
Z 0.313674 -0.438039 -0.842455

PART 42
OFFSET 25.993670 -4.880057 -4.569072
SCALE 1.000000 1.000000 1.000000
X -0.359602 -0.874729 0.324862
Y -0.933035 0.332772 -0.136781
Z 0.011541 -0.352294 -0.935818

PART 43
OFFSET 24.588698 -4.901748 -6.540644
SCALE 1.000000 1.000000 1.000000
X 0.893931 -0.339200 0.292970
Y -0.432932 -0.822651 0.368531
Z 0.116006 -0.456277 -0.882244

PART 44
OFFSET 24.969024 -4.155607 -6.273981
SCALE 1.000000 1.000000 1.000000
X 0.680328 -0.529205 0.507046
Y -0.701767 -0.669888 0.242431
Z 0.211368 -0.520761 -0.827123

PART 45
OFFSET 24.309203 -6.028737 -3.329912
SCALE 1.000000 1.000000 1.000000
X 0.989910 -0.011209 -0.141254
Y 0.135051 -0.227095 0.964463
Z -0.042888 -0.973808 -0.223290

PART 46
OFFSET 14.591895 -6.079194 -4.657917
SCALE 1.000000 1.000000 1.000000
X 0.288910 -0.915542 0.279847
Y 0.906675 0.355513 0.227048
Z -0.307361 0.188134 0.932810

PART 47
OFFSET 13.134575 -5.523129 -6.255071
SCALE 1.000000 1.000000 1.000000
X 0.896595 -0.412614 0.160833
Y 0.422505 0.688176 -0.589834
Z 0.132692 0.596795 0.791346

PART 48
OFFSET 12.421585 -7.661936 -6.982322
SCALE 1.000000 1.000000 1.000000
X 0.054117 -0.885895 0.460718
Y 0.991227 -0.008058 -0.131926
Z 0.120585 0.463816 0.877687

PART 49
OFFSET 12.904257 -7.686727 -6.347636
SCALE 1.000000 1.000000 1.000000
X -0.081195 -0.902550 0.422860
Y 0.953335 -0.194107 -0.231246
Z 0.290791 0.384351 0.876193

PART 50
OFFSET 10.486701 -4.962407 -5.206407
SCALE 1.000000 1.000000 1.000000
X -0.877616 -0.451817 0.160162
Y 0.397543 -0.872689 -0.283500
Z 0.267862 -0.185133 0.945503

PART 51
OFFSET 25.430064 -5.525687 -3.620883
SCALE 1.000000 1.000000 1.000000
X -0.983840 0.098502 -0.149519
Y 0.171828 0.754175 -0.633794
Z 0.050334 -0.649244 -0.758913

PART 52
OFFSET 25.221442 -6.019940 -4.173628
SCALE 1.000000 1.000000 1.000000
X -0.930341 0.211492 -0.299560
Y 0.314915 0.879335 -0.357211
Z 0.187866 -0.426663 -0.884683

PART 53
OFFSET 25.875672 -5.408277 -6.114543
SCALE 1.000000 1.000000 1.000000
X -0.041267 -0.779073 0.625574
Y -0.962907 -0.136088 -0.233001
Z 0.266658 -0.611985 -0.744559

PART 54
OFFSET 26.154532 -5.101469 -5.416279
SCALE 1.000000 1.000000 1.000000
X -0.497612 -0.661455 0.561123
Y -0.854398 0.262193 -0.448619
Z 0.149619 -0.702661 -0.695616

PART 55
OFFSET 25.829742 -6.111692 -3.807488
SCALE 1.000000 1.000000 1.000000
X 0.791901 -0.108968 -0.600849
Y 0.600734 -0.037578 0.798565
Z -0.109597 -0.993335 0.035703

PART 56
OFFSET 14.244369 -4.950173 -4.941344
SCALE 1.000000 1.000000 1.000000
X 0.520681 -0.810414 0.268553
Y 0.808347 0.569180 0.150362
Z -0.274710 0.138793 0.951457

PART 57
OFFSET 11.794479 -4.963695 -6.461772
SCALE 1.000000 1.000000 1.000000
X 0.842875 0.353632 -0.405593
Y -0.528757 0.684201 -0.502279
Z 0.099885 0.637819 0.763682

PART 58
OFFSET 12.352623 -6.439983 -7.622293
SCALE 1.000000 1.000000 1.000000
X 0.663823 -0.741645 0.096447
Y 0.735179 0.623418 -0.266200
Z 0.137299 0.247615 0.959081

PART 59
OFFSET 13.038674 -6.135494 -7.067921
SCALE 1.000000 1.000000 1.000000
X 0.823885 -0.565362 -0.039739
Y 0.488544 0.743983 -0.455866
Z 0.287295 0.356167 0.889161

PART 60
OFFSET 11.931896 -4.563493 -5.569973
SCALE 1.000000 1.000000 1.000000
X -0.916316 0.256553 0.307483
Y -0.313491 -0.937322 -0.152153
Z 0.249175 -0.235813 0.939310

PART 61
OFFSET 24.318816 -5.414468 -3.789733
SCALE 1.000000 1.000000 1.000000
X 0.179259 -0.895837 0.406623
Y 0.974317 0.218912 0.052764
Z -0.136283 0.386721 0.912071

PART 62
OFFSET 24.168867 -5.784051 -4.518914
SCALE 1.000000 1.000000 1.000000
X 0.499352 -0.694477 0.518025
Y 0.851388 0.504145 -0.144829
Z -0.160580 0.513361 0.843015

PART 63
OFFSET 25.792476 -6.155176 -5.522636
SCALE 1.000000 1.000000 1.000000
X -0.995308 -0.072910 -0.063614
Y -0.001925 0.672231 -0.740339
Z 0.096741 -0.736743 -0.669217

PART 64
OFFSET 25.317703 -5.961016 -4.737119
SCALE 1.000000 1.000000 1.000000
X -0.934749 0.065766 -0.349170
Y 0.274625 0.757270 -0.592557
Z 0.225446 -0.649783 -0.725918

PART 65
OFFSET 26.691320 -6.275656 -4.442021
SCALE 1.000000 1.000000 1.000000
X 0.778786 0.549874 -0.301880
Y -0.553759 0.828732 0.080954
Z 0.294692 0.104123 0.949903

PART 66
OFFSET 13.656311 -4.034812 -5.244635
SCALE 1.000000 1.000000 1.000000
X -0.976471 -0.210847 0.045263
Y -0.213664 0.917507 -0.335453
Z 0.029200 -0.337231 -0.940969

PART 67
OFFSET 10.838787 -5.368256 -6.008131
SCALE 1.000000 1.000000 1.000000
X -0.315382 -0.751423 0.579567
Y -0.937427 0.341642 -0.067171
Z -0.147531 -0.564486 -0.812151

PART 68
OFFSET 11.759313 -5.779331 -7.707282
SCALE 1.000000 1.000000 1.000000
X 0.926311 0.132056 -0.352859
Y -0.184746 0.975441 -0.119934
Z 0.328355 0.176285 0.927958

PART 69
OFFSET 11.871464 -5.378458 -7.005768
SCALE 1.000000 1.000000 1.000000
X 0.915817 0.266936 -0.300039
Y -0.359164 0.878664 -0.314564
Z 0.179665 0.395847 0.900570

PART 70
OFFSET 12.916773 -4.814207 -5.942871
SCALE 1.000000 1.000000 1.000000
X -0.901081 0.147665 -0.407736
Y 0.433647 0.311386 -0.845570
Z 0.002102 -0.938741 -0.344618

PART 71
OFFSET 24.846908 -6.224442 -5.583070
SCALE 1.000000 1.000000 1.000000
X 0.748294 -0.258823 0.610791
Y 0.651281 0.461592 -0.602300
Z -0.126048 0.848495 0.513973

PART 72
OFFSET 24.303996 -5.889727 -5.115763
SCALE 1.000000 1.000000 1.000000
X 0.621005 -0.521277 0.585341
Y 0.751198 0.608986 -0.254633
Z -0.223730 0.597835 0.769765

PART 73
OFFSET 10.879282 -5.904792 -7.372066
SCALE 1.000000 1.000000 1.000000
X -0.640295 -0.738881 0.209948
Y -0.694242 0.673633 0.253467
Z -0.328710 0.016539 -0.944286

PART 74
OFFSET 10.878220 -5.667902 -6.680363
SCALE 1.000000 1.000000 1.000000
X -0.535422 -0.699122 0.473869
Y -0.826345 0.549608 -0.122819
Z -0.174577 -0.457339 -0.871988

PART 75
OFFSET 0.000000 0.000000 0.000000
SCALE 1.000000 1.000000 1.000000
X 1.000000 0.000000 0.000000
Y 0.000000 1.000000 0.000000
Z 0.000000 0.000000 1.000000

PART 76
OFFSET 0.000000 0.000000 0.000000
SCALE 1.000000 1.000000 1.000000
X 1.000000 0.000000 0.000000
Y 0.000000 1.000000 0.000000
Z 0.000000 0.000000 1.000000

PART 77
OFFSET 1.540551 0.000000 4.135827
SCALE 1.000000 1.000000 1.000000
X 1.000000 0.000000 0.000000
Y 0.000000 1.000000 0.000000
Z 0.000000 0.000000 1.000000

PART 78
OFFSET -4.631835 0.000000 -1.376957
SCALE 1.000000 1.000000 1.000000
X 1.000000 0.000000 0.000000
Y 0.000000 1.000000 0.000000
Z 0.000000 0.000000 1.000000

FRAME 2
PART 0
OFFSET 0.000000 0.000000 0.000000
SCALE 1.000000 1.000000 1.000000
X 1.000000 0.000000 0.000000
Y 0.000000 1.000000 0.000000
Z 0.000000 0.000000 1.000000

PART 1
OFFSET 2.172803 0.919920 -2.552553
SCALE 1.000000 1.000000 1.000000
X 0.821621 -0.149353 -0.550121
Y -0.022915 -0.972940 0.229919
Z -0.569574 -0.176300 -0.802810

PART 2
OFFSET -4.676105 -7.311242 2.636031
SCALE 1.000000 1.000000 1.000000
X -0.411941 0.525338 0.744530
Y -0.229681 -0.850558 0.473072
Z 0.881789 0.023874 0.471040

PART 3
OFFSET 12.100281 -5.784427 -5.743727
SCALE 1.000000 1.000000 1.000000
X 0.999994 0.001430 0.003018
Y 0.000240 0.870613 -0.491968
Z -0.003330 0.491966 0.870608

PART 4
OFFSET 13.745596 17.667068 -17.903065
SCALE 1.000000 1.000000 1.000000
X 0.998737 0.041892 -0.027740
Y 0.021387 0.145113 0.989184
Z 0.045465 -0.988528 0.144033

PART 5
OFFSET 12.012111 -0.964567 -8.985877
SCALE 1.000000 1.000000 1.000000
X 0.876374 -0.342738 0.338377
Y -0.389134 -0.089888 0.916785
Z -0.283801 -0.935121 -0.212147

PART 6
OFFSET 0.496509 -14.621024 -7.145833
SCALE 1.000000 1.000000 1.000000
X -0.804763 -0.570028 -0.165605
Y 0.458103 -0.418992 -0.783956
Z 0.377489 -0.706763 0.598321

PART 7
OFFSET 12.100281 -5.784427 -5.743727
SCALE 1.000000 1.000000 1.000000
X 0.999994 0.001430 0.003018
Y 0.000240 0.870613 -0.491968
Z -0.003330 0.491966 0.870608

PART 8
OFFSET 21.355671 -3.424933 -6.413170
SCALE 1.000000 1.000000 1.000000
X 0.879452 -0.339651 0.333469
Y 0.286893 0.937271 0.198027
Z -0.379811 -0.078486 0.921729

PART 9
OFFSET 20.636125 -4.797365 -7.070701
SCALE 1.000000 1.000000 1.000000
X 0.879452 -0.339651 0.333469
Y 0.286893 0.937271 0.198027
Z -0.379811 -0.078486 0.921729

PART 10
OFFSET 20.796214 -3.936388 -3.930912
SCALE 1.000000 1.000000 1.000000
X 0.879452 -0.339651 0.333469
Y 0.286893 0.937271 0.198027
Z -0.379811 -0.078486 0.921729

PART 11
OFFSET 20.248987 -5.160474 -4.047766
SCALE 1.000000 1.000000 1.000000
X 0.879452 -0.339651 0.333469
Y 0.286893 0.937271 0.198027
Z -0.379811 -0.078486 0.921729

PART 12
OFFSET 20.113682 -5.509556 -5.185974
SCALE 1.000000 1.000000 1.000000
X 0.879452 -0.339651 0.333469
Y 0.286893 0.937271 0.198027
Z -0.379811 -0.078486 0.921729

PART 13
OFFSET 22.118396 -5.137227 -4.995519
SCALE 1.000000 1.000000 1.000000
X 0.917336 0.389706 -0.081386
Y 0.143620 -0.133279 0.980617
Z 0.371305 -0.911244 -0.178231

PART 14
OFFSET 19.466300 -3.879351 -6.107128
SCALE 1.000000 1.000000 1.000000
X 0.876374 -0.342738 0.338377
Y -0.389134 -0.089888 0.916785
Z -0.283801 -0.935121 -0.212147

PART 15
OFFSET 8.505254 -8.611554 -3.785792
SCALE 1.000000 1.000000 1.000000
X -0.808510 -0.565590 -0.162544
Y -0.381762 0.714295 -0.586549
Z 0.447851 -0.412178 -0.793435

PART 16
OFFSET 7.826164 -7.641576 -4.425693
SCALE 1.000000 1.000000 1.000000
X -0.808510 -0.565590 -0.162544
Y -0.381762 0.714295 -0.586549
Z 0.447851 -0.412178 -0.793435

PART 17
OFFSET 7.727742 -7.833994 -5.604253
SCALE 1.000000 1.000000 1.000000
X -0.808510 -0.565590 -0.162544
Y -0.381762 0.714295 -0.586549
Z 0.447851 -0.412178 -0.793435

PART 18
OFFSET 9.793369 -7.926533 -5.200111
SCALE 1.000000 1.000000 1.000000
X -0.969552 -0.244337 0.016363
Y 0.169829 -0.719030 -0.673910
Z 0.176426 -0.650612 0.738633

PART 19
OFFSET 7.343265 -9.770378 -5.737096
SCALE 1.000000 1.000000 1.000000
X -0.804763 -0.570028 -0.165605
Y 0.458103 -0.418992 -0.783956
Z 0.377489 -0.706763 0.598321

PART 20
OFFSET 14.348825 -3.799672 -2.216895
SCALE 1.000000 1.000000 1.000000
X 0.999994 0.001430 0.003018
Y 0.000240 0.870613 -0.491968
Z -0.003330 0.491966 0.870608

PART 21
OFFSET 22.263370 -4.106241 -2.033442
SCALE 1.000000 1.000000 1.000000
X -0.001873 -0.508118 0.861286
Y 0.999994 0.001430 0.003018
Z -0.002765 0.861287 0.508112

PART 22
OFFSET 31.470224 -3.769951 -2.168269
SCALE 1.000000 1.000000 1.000000
X 0.999994 0.001430 0.003018
Y 0.000240 0.870613 -0.491968
Z -0.003330 0.491966 0.870608

PART 23
OFFSET 24.899945 -3.779344 -2.188095
SCALE 1.000000 1.000000 1.000000
X 0.999994 0.001430 0.003018
Y 0.000240 0.870613 -0.491968
Z -0.003330 0.491966 0.870608

PART 24
OFFSET 20.941006 -1.739426 -3.640734
SCALE 1.000000 1.000000 1.000000
X 0.999994 0.001430 0.003018
Y 0.000240 0.870613 -0.491968
Z -0.003330 0.491966 0.870608

PART 25
OFFSET 25.071245 -3.753613 -2.143562
SCALE 1.000000 1.000000 1.000000
X 0.999994 0.001430 0.003018
Y 0.000240 0.870613 -0.491968
Z -0.003330 0.491966 0.870608

PART 26
OFFSET 22.256227 -0.301353 -4.146548
SCALE 1.000000 1.000000 1.000000
X 0.999994 0.001430 0.003018
Y 0.000240 0.870613 -0.491968
Z -0.003330 0.491966 0.870608

PART 27
OFFSET 25.732492 -3.493103 -4.479944
SCALE 1.000000 1.000000 1.000000
X 0.626022 -0.709208 0.324223
Y -0.738867 -0.672401 -0.044182
Z 0.249343 -0.211899 -0.944948

PART 28
OFFSET 25.565167 -3.457642 -5.613645
SCALE 1.000000 1.000000 1.000000
X 0.461712 -0.714366 0.525836
Y -0.817593 -0.572654 -0.060079
Z 0.344040 -0.402181 -0.848462

PART 29
OFFSET 22.807209 -4.767593 -6.489366
SCALE 1.000000 1.000000 1.000000
X 0.992576 -0.084127 -0.087840
Y -0.033592 -0.883730 0.466789
Z -0.116896 -0.460373 -0.879995

PART 30
OFFSET 22.975876 -4.589948 -5.579311
SCALE 1.000000 1.000000 1.000000
X 0.957513 0.170560 -0.232546
Y 0.205824 -0.968982 0.136785
Z -0.202003 -0.178837 -0.962919

PART 31
OFFSET 22.838665 -5.461338 -4.225159
SCALE 1.000000 1.000000 1.000000
X 0.901581 -0.208856 0.378855
Y -0.412498 -0.151113 0.898338
Z -0.130373 -0.966201 -0.222394

PART 32
OFFSET 25.373326 -4.635931 -3.784953
SCALE 1.000000 1.000000 1.000000
X 0.938590 0.139076 -0.315762
Y -0.082821 0.979221 0.185112
Z 0.334946 -0.147593 0.930606

PART 33
OFFSET 25.093885 -5.397464 -6.016249
SCALE 1.000000 1.000000 1.000000
X -0.459979 -0.013709 -0.887824
Y -0.371242 0.911263 0.178268
Z 0.806597 0.411597 -0.424251

PART 34
OFFSET 13.493886 -6.692407 -4.461509
SCALE 1.000000 1.000000 1.000000
X -0.970445 -0.234230 0.058079
Y 0.190977 -0.598284 0.778193
Z -0.147529 0.766285 0.625334

PART 35
OFFSET 13.622475 -7.320189 -5.377822
SCALE 1.000000 1.000000 1.000000
X -0.028964 -0.888111 0.458715
Y 0.986454 0.048730 0.156632
Z -0.161460 0.457038 0.874670

PART 36
OFFSET 10.821859 -8.396170 -6.098903
SCALE 1.000000 1.000000 1.000000
X -0.817899 -0.331050 0.470582
Y 0.566061 -0.609458 0.555099
Z 0.103034 0.720393 0.685870

PART 37
OFFSET 10.876489 -7.931158 -5.543204
SCALE 1.000000 1.000000 1.000000
X -0.947648 -0.167078 0.272117
Y 0.316493 -0.604531 0.731010
Z 0.042368 0.778863 0.625761

PART 38
OFFSET 10.043108 -6.990755 -4.994659
SCALE 1.000000 1.000000 1.000000
X -0.364385 -0.924464 0.112203
Y 0.791013 -0.370842 -0.486594
Z 0.491448 -0.088554 0.866393

PART 39
OFFSET 5.709202 -8.684139 -4.166235
SCALE 1.000000 1.000000 1.000000
X -0.896038 -0.271755 0.351091
Y -0.443750 0.522895 -0.727782
Z 0.014194 -0.807917 -0.589125

PART 40
OFFSET 22.255205 -4.008991 -2.051428
SCALE 1.000000 1.000000 1.000000
X 0.999994 0.001430 0.003018
Y 0.000240 0.870613 -0.491968
Z -0.003330 0.491966 0.870608

PART 41
OFFSET 26.745026 -4.810839 -3.884808
SCALE 1.000000 1.000000 1.000000
X -0.429139 -0.847271 0.313005
Y -0.848257 0.258986 -0.461938
Z 0.310323 -0.463744 -0.829844

PART 42
OFFSET 26.464366 -4.848103 -4.585641
SCALE 1.000000 1.000000 1.000000
X -0.359090 -0.864128 0.352614
Y -0.933269 0.329256 -0.143523
Z 0.007922 -0.380621 -0.924697

PART 43
OFFSET 25.052318 -4.928581 -6.550625
SCALE 1.000000 1.000000 1.000000
X 0.894721 -0.330894 0.299973
Y -0.432225 -0.810682 0.394938
Z 0.112500 -0.483015 -0.868355

PART 44
OFFSET 25.434157 -4.174996 -6.308152
SCALE 1.000000 1.000000 1.000000
X 0.681745 -0.514113 0.520492
Y -0.701395 -0.661597 0.265205
Z 0.208011 -0.545873 -0.811636

PART 45
OFFSET 24.783491 -5.957092 -3.306103
SCALE 1.000000 1.000000 1.000000
X 0.989389 -0.016352 -0.144371
Y 0.138338 -0.197753 0.970441
Z -0.044418 -0.980115 -0.193392

PART 46
OFFSET 14.885357 -5.937967 -4.734587
SCALE 1.000000 1.000000 1.000000
X 0.680916 -0.679858 0.272300
Y 0.702888 0.711080 0.017720
Z -0.205674 0.179330 0.962049

PART 47
OFFSET 13.645519 -5.570300 -6.278466
SCALE 1.000000 1.000000 1.000000
X 0.893537 -0.371058 0.252801
Y 0.444900 0.655883 -0.609821
Z 0.060470 0.657368 0.751139

PART 48
OFFSET 12.815582 -7.605701 -7.052161
SCALE 1.000000 1.000000 1.000000
X 0.137855 -0.856098 0.498089
Y 0.990264 0.109326 -0.086168
Z 0.019314 0.505118 0.862834

PART 49
OFFSET 13.329596 -7.592928 -6.351213
SCALE 1.000000 1.000000 1.000000
X -0.047797 -0.884998 0.463134
Y 0.984276 -0.120665 -0.128997
Z 0.170046 0.449686 0.876850

PART 50
OFFSET 10.794860 -4.887830 -5.270209
SCALE 1.000000 1.000000 1.000000
X -0.888288 -0.401709 0.222655
Y 0.358708 -0.909543 -0.209905
Z 0.286835 -0.106588 0.952032

PART 51
OFFSET 25.903679 -5.464092 -3.616240
SCALE 1.000000 1.000000 1.000000
X -0.984296 0.094750 -0.148943
Y 0.170120 0.734389 -0.657063
Z 0.047126 -0.672083 -0.738975

PART 52
OFFSET 25.692706 -5.974760 -4.152939
SCALE 1.000000 1.000000 1.000000
X -0.931251 0.203076 -0.302543
Y 0.314291 0.867785 -0.384928
Z 0.184373 -0.453551 -0.871951

PART 53
OFFSET 26.340432 -5.423012 -6.113889
SCALE 1.000000 1.000000 1.000000
X -0.039608 -0.759637 0.649140
Y -0.963838 -0.142290 -0.225320
Z 0.263528 -0.634590 -0.726532

PART 54
OFFSET 26.622023 -5.095334 -5.426285
SCALE 1.000000 1.000000 1.000000
X -0.496093 -0.643644 0.582764
Y -0.855804 0.249151 -0.453346
Z 0.146597 -0.723634 -0.674435

PART 55
OFFSET 26.302246 -6.055848 -3.786345
SCALE 1.000000 1.000000 1.000000
X 0.789660 -0.127883 -0.600069
Y 0.603565 -0.013772 0.797195
Z -0.110212 -0.991694 0.066310

PART 56
OFFSET 14.206444 -5.010128 -5.034737
SCALE 1.000000 1.000000 1.000000
X 0.631735 -0.720587 0.285773
Y 0.744368 0.666806 0.035864
Z -0.216398 0.190064 0.957626

PART 57
OFFSET 12.309121 -5.070312 -6.618468
SCALE 1.000000 1.000000 1.000000
X 0.859854 0.349295 -0.372350
Y -0.509737 0.628261 -0.587755
Z 0.028633 0.695184 0.718261

PART 58
OFFSET 12.630465 -6.420974 -7.744942
SCALE 1.000000 1.000000 1.000000
X 0.756259 -0.637563 0.146918
Y 0.651370 0.712552 -0.260742
Z 0.061553 0.292887 0.954164

PART 59
OFFSET 13.402248 -6.063474 -7.148535
SCALE 1.000000 1.000000 1.000000
X 0.883348 -0.467664 0.031402
Y 0.430529 0.783069 -0.448830
Z 0.185311 0.409992 0.893065

PART 60
OFFSET 12.247578 -4.558105 -5.709059
SCALE 1.000000 1.000000 1.000000
X -0.909087 0.272172 0.315410
Y -0.307398 -0.949227 -0.066892
Z 0.281189 -0.157767 0.946595

PART 61
OFFSET 24.791916 -5.357110 -3.784440
SCALE 1.000000 1.000000 1.000000
X 0.180044 -0.883200 0.433060
Y 0.974664 0.219580 0.042607
Z -0.132722 0.414417 0.900357

PART 62
OFFSET 24.639078 -5.748584 -4.501494
SCALE 1.000000 1.000000 1.000000
X 0.500685 -0.678818 0.537141
Y 0.851241 0.498773 -0.163137
Z -0.157171 0.538917 0.827566

PART 63
OFFSET 26.258798 -6.151479 -5.499231
SCALE 1.000000 1.000000 1.000000
X -0.995584 -0.073957 -0.057821
Y -0.004075 0.649389 -0.760445
Z 0.093789 -0.756851 -0.646823

PART 64
OFFSET 25.786990 -5.933095 -4.718302
SCALE 1.000000 1.000000 1.000000
X -0.935945 0.055911 -0.347679
Y 0.273066 0.738649 -0.616305
Z 0.222354 -0.671767 -0.706602

PART 65
OFFSET 27.161421 -6.239787 -4.418657
SCALE 1.000000 1.000000 1.000000
X 0.778110 0.539763 -0.321248
