// Export time: Sat Jun 18 18:25:36 2022

ANIMATION
VERSION 3

NUMPARTS 79
PART 0 "tag_torso"
PART 1 "j_shoulder_le"
PART 2 "j_shoulder_ri"
PART 3 "tag_weapon"
PART 4 "tag_weapon1"
PART 5 "j_elbow_le"
PART 6 "j_elbow_ri"
PART 7 "j_gun"
PART 8 "j_sleave_reshape_bottom_le_1"
PART 9 "j_sleave_reshape_bottom_le_2"
PART 10 "j_sleave_reshape_top_le_1"
PART 11 "j_sleave_reshape_top_le_2"
PART 12 "j_sleave_reshape_top_le_3"
PART 13 "j_wrist_le"
PART 14 "j_wristtwist_le"
PART 15 "j_sleave_reshape_top_ri_1"
PART 16 "j_sleave_reshape_top_ri_2"
PART 17 "j_sleave_reshape_top_ri_3"
PART 18 "j_wrist_ri"
PART 19 "j_wristtwist_ri"
PART 20 "tag_bolt_animate"
PART 21 "tag_brass"
PART 22 "tag_flash"
PART 23 "tag_handguard"
PART 24 "tag_mag_release_animate"
PART 25 "tag_frame"
PART 26 "tag_ext_mag_animate"
PART 27 "j_index_le_0"
PART 28 "j_mid_le_0"
PART 29 "j_pinkypalm_le"
PART 30 "j_ringpalm_le"
PART 31 "j_thumb_le_0"
PART 32 "j_webbing_le"
PART 33 "tag_knife_attach"
PART 34 "j_index_ri_0"
PART 35 "j_mid_ri_0"
PART 36 "j_pinkypalm_ri"
PART 37 "j_ringpalm_ri"
PART 38 "j_thumb_ri_0"
PART 39 "j_webbing_ri"
PART 40 "tag_ext_mag_bullet_animate"
PART 41 "j_index_le_1"
PART 42 "j_mid_le_1"
PART 43 "j_pinky_le_0"
PART 44 "j_ring_le_0"
PART 45 "j_thumb_le_1"
PART 46 "j_index_ri_1"
PART 47 "j_mid_ri_1"
PART 48 "j_pinky_ri_0"
PART 49 "j_ring_ri_0"
PART 50 "j_thumb_ri_1"
PART 51 "j_index_le_2"
PART 52 "j_mid_le_2"
PART 53 "j_pinky_le_1"
PART 54 "j_ring_le_1"
PART 55 "j_thumb_le_2"
PART 56 "j_index_ri_2"
PART 57 "j_mid_ri_2"
PART 58 "j_pinky_ri_1"
PART 59 "j_ring_ri_1"
PART 60 "j_thumb_ri_2"
PART 61 "j_index_le_3"
PART 62 "j_mid_le_3"
PART 63 "j_pinky_le_2"
PART 64 "j_ring_le_2"
PART 65 "j_thumb_le_3"
PART 66 "j_index_ri_3"
PART 67 "j_mid_ri_3"
PART 68 "j_pinky_ri_2"
PART 69 "j_ring_ri_2"
PART 70 "j_thumb_ri_3"
PART 71 "j_pinky_le_3"
PART 72 "j_ring_le_3"
PART 73 "j_pinky_ri_3"
PART 74 "j_ring_ri_3"
PART 75 "tag_cambone"
PART 76 "tag_camera"
PART 77 "tag_gasmask"
PART 78 "tag_gasmask2"

FRAMERATE 30
NUMFRAMES 74
FRAME 0
PART 0
OFFSET 0.000000 0.000000 0.000000
SCALE 1.000000 1.000000 1.000000
X 1.000000 0.000000 0.000000
Y 0.000000 1.000000 0.000000
Z 0.000000 0.000000 1.000000

PART 1
OFFSET 2.012421 1.077323 -2.694884
SCALE 1.000000 1.000000 1.000000
X 0.852873 -0.192102 -0.485495
Y -0.061317 -0.960272 0.272247
Z -0.518506 -0.202423 -0.830768

PART 2
OFFSET -4.856095 -7.235677 2.854305
SCALE 1.000000 1.000000 1.000000
X -0.445327 0.496063 0.745389
Y -0.238216 -0.868133 0.435430
Z 0.863097 0.016346 0.504773

PART 3
OFFSET 12.641339 -5.736846 -5.568593
SCALE 1.000000 1.000000 1.000000
X 1.000000 0.000000 -0.000000
Y -0.000000 0.848099 -0.529838
Z 0.000000 0.529838 0.848099

PART 4
OFFSET 13.745596 17.667068 -17.903065
SCALE 1.000000 1.000000 1.000000
X 0.998737 0.041892 -0.027740
Y 0.021387 0.145113 0.989184
Z 0.045465 -0.988528 0.144033

PART 5
OFFSET 12.103563 -1.421464 -8.040206
SCALE 1.000000 1.000000 1.000000
X 0.915114 -0.300063 0.269309
Y -0.312561 -0.106016 0.943963
Z -0.254698 -0.948010 -0.190805

PART 6
OFFSET 0.690129 -14.059762 -6.853299
SCALE 1.000000 1.000000 1.000000
X -0.833162 -0.528158 -0.163985
Y 0.431763 -0.435924 -0.789652
Z 0.345576 -0.728711 0.591234

PART 7
OFFSET 12.641339 -5.736846 -5.568593
SCALE 1.000000 1.000000 1.000000
X 1.000000 0.000000 -0.000000
Y -0.000000 0.848099 -0.529838
Z 0.000000 0.529838 0.848099

PART 8
OFFSET 21.723771 -3.430663 -6.199272
SCALE 1.000000 1.000000 1.000000
X 0.917655 -0.296846 0.264182
Y 0.256586 0.950271 0.176492
Z -0.303435 -0.094173 0.948187

PART 9
OFFSET 21.021480 -4.837181 -6.801067
SCALE 1.000000 1.000000 1.000000
X 0.917655 -0.296846 0.264182
Y 0.256586 0.950271 0.176492
Z -0.303435 -0.094173 0.948187

PART 10
OFFSET 21.382313 -3.962094 -3.681899
SCALE 1.000000 1.000000 1.000000
X 0.917655 -0.296846 0.264182
Y 0.256586 0.950271 0.176492
Z -0.303435 -0.094173 0.948187

PART 11
OFFSET 20.886312 -5.210985 -3.757736
SCALE 1.000000 1.000000 1.000000
X 0.917655 -0.296846 0.264182
Y 0.256586 0.950271 0.176492
Z -0.303435 -0.094173 0.948187

PART 12
OFFSET 20.680303 -5.568798 -4.882554
SCALE 1.000000 1.000000 1.000000
X 0.917655 -0.296846 0.264182
Y 0.256586 0.950271 0.176492
Z -0.303435 -0.094173 0.948187

PART 13
OFFSET 22.654318 -5.071203 -4.876756
SCALE 1.000000 1.000000 1.000000
X 0.917721 0.384020 -0.101573
Y 0.146501 -0.089534 0.985150
Z 0.369223 -0.918974 -0.138427

PART 14
OFFSET 19.887241 -3.973259 -5.748908
SCALE 1.000000 1.000000 1.000000
X 0.915114 -0.300063 0.269309
Y -0.312561 -0.106016 0.943963
Z -0.254698 -0.948010 -0.190805

PART 15
OFFSET 9.008966 -8.479020 -3.507275
SCALE 1.000000 1.000000 1.000000
X -0.836663 -0.523560 -0.160871
Y -0.349394 0.736366 -0.579387
Z 0.421803 -0.428544 -0.799019

PART 16
OFFSET 8.375012 -7.472142 -4.136398
SCALE 1.000000 1.000000 1.000000
X -0.836663 -0.523560 -0.160871
Y -0.349394 0.736366 -0.579387
Z 0.421803 -0.428544 -0.799019

PART 17
OFFSET 8.259759 -7.651419 -5.315505
SCALE 1.000000 1.000000 1.000000
X -0.836663 -0.523560 -0.160871
Y -0.349394 0.736366 -0.579387
Z 0.421803 -0.428544 -0.799019

PART 18
OFFSET 10.324150 -7.850375 -4.922037
SCALE 1.000000 1.000000 1.000000
X -0.969872 -0.241769 0.029938
Y 0.166722 -0.748321 -0.642043
Z 0.177629 -0.617709 0.766084

PART 19
OFFSET 7.778549 -9.565322 -5.458337
SCALE 1.000000 1.000000 1.000000
X -0.833162 -0.528158 -0.163985
Y 0.431763 -0.435924 -0.789652
Z 0.345576 -0.728711 0.591234

PART 20
OFFSET 16.389756 -3.602286 -2.139285
SCALE 1.000000 1.000000 1.000000
X 1.000000 0.000000 -0.000000
Y -0.000000 0.848099 -0.529838
Z 0.000000 0.529838 0.848099

PART 21
OFFSET 22.817966 -3.912740 -1.965846
SCALE 1.000000 1.000000 1.000000
X 0.000000 -0.469686 0.882833
Y 1.000000 0.000000 0.000000
Z -0.000000 0.882833 0.469686

PART 22
OFFSET 32.024843 -3.597088 -2.142530
SCALE 1.000000 1.000000 1.000000
X 1.000000 0.000000 -0.000000
Y -0.000000 0.848099 -0.529838
Z 0.000000 0.529838 0.848099

PART 23
OFFSET 25.454527 -3.597088 -2.142530
SCALE 1.000000 1.000000 1.000000
X 1.000000 0.000000 -0.000000
Y -0.000000 0.848099 -0.529838
Z 0.000000 0.529838 0.848099

PART 24
OFFSET 21.494143 -1.616952 -3.671921
SCALE 1.000000 1.000000 1.000000
X 1.000000 0.000000 -0.000000
Y -0.000000 0.848099 -0.529838
Z 0.000000 0.529838 0.848099

PART 25
OFFSET 25.625997 -3.569688 -2.099679
SCALE 1.000000 1.000000 1.000000
X 1.000000 0.000000 -0.000000
Y -0.000000 0.848099 -0.529838
Z 0.000000 0.529838 0.848099

PART 26
OFFSET 22.809663 -0.204322 -4.244662
SCALE 1.000000 1.000000 1.000000
X 1.000000 0.000000 -0.000000
Y -0.000000 0.848099 -0.529838
Z 0.000000 0.529838 0.848099

PART 27
OFFSET 26.272749 -3.412190 -4.446405
SCALE 1.000000 1.000000 1.000000
X 0.625864 -0.695121 0.353696
Y -0.740121 -0.672371 -0.011772
Z 0.245998 -0.254410 -0.935286

PART 28
OFFSET 26.101895 -3.427177 -5.580029
SCALE 1.000000 1.000000 1.000000
X 0.462185 -0.690958 0.555844
Y -0.818731 -0.573293 -0.031872
Z 0.340683 -0.440355 -0.830676

PART 29
OFFSET 23.338968 -4.769956 -6.387652
SCALE 1.000000 1.000000 1.000000
X 0.992152 -0.089762 -0.087053
Y -0.033584 -0.861901 0.505963
Z -0.120447 -0.499069 -0.858151

PART 30
OFFSET 23.510807 -4.552079 -5.486983
SCALE 1.000000 1.000000 1.000000
X 0.957055 0.158259 -0.242900
Y 0.204644 -0.962262 0.179366
Z -0.205347 -0.221371 -0.953324

PART 31
OFFSET 23.376482 -5.361829 -4.094895
SCALE 1.000000 1.000000 1.000000
X 0.902427 -0.193324 0.385034
Y -0.409903 -0.110029 0.905468
Z -0.132684 -0.974946 -0.178537

PART 32
OFFSET 25.913894 -4.522123 -3.699887
SCALE 1.000000 1.000000 1.000000
X 0.937816 0.123118 -0.324565
Y -0.080605 0.986670 0.141369
Z 0.337644 -0.106416 0.935239

PART 33
OFFSET 25.626125 -5.382210 -5.894002
SCALE 1.000000 1.000000 1.000000
X -0.462809 -0.052585 -0.884897
Y -0.369160 0.918994 0.138463
Z 0.805934 0.390750 -0.444731

PART 34
OFFSET 14.023043 -6.597369 -4.248085
SCALE 1.000000 1.000000 1.000000
X -0.980755 -0.194722 -0.014251
Y 0.113065 -0.625945 0.771628
Z -0.159174 0.755166 0.635915

PART 35
OFFSET 14.154653 -7.262262 -5.152623
SCALE 1.000000 1.000000 1.000000
X 0.009320 -0.901505 0.432668
Y 0.999363 0.023306 0.027032
Z -0.034453 0.432140 0.901148

PART 36
OFFSET 11.261494 -8.367839 -5.819288
SCALE 1.000000 1.000000 1.000000
X -0.895506 -0.260321 0.360974
Y 0.440453 -0.634674 0.634973
Z 0.063804 0.727614 0.683013

PART 37
OFFSET 11.374892 -7.843933 -5.307468
SCALE 1.000000 1.000000 1.000000
X -0.978603 -0.083567 0.188022
Y 0.200174 -0.598087 0.776030
Z 0.047603 0.797062 0.602018

PART 38
OFFSET 10.620357 -6.876805 -4.755872
SCALE 1.000000 1.000000 1.000000
X -0.470835 -0.878100 0.085177
Y 0.770454 -0.456299 -0.445188
Z 0.429786 -0.143985 0.891377

PART 39
OFFSET 6.241924 -8.554888 -3.843898
SCALE 1.000000 1.000000 1.000000
X -0.895403 -0.254526 0.365335
Y -0.445115 0.491038 -0.748836
Z 0.011205 -0.833126 -0.552970

PART 40
OFFSET 22.809663 -3.816078 -1.988266
SCALE 1.000000 1.000000 1.000000
X 1.000000 0.000000 -0.000000
Y -0.000000 0.848099 -0.529838
Z 0.000000 0.529838 0.848099

PART 41
OFFSET 27.284965 -4.703806 -3.796038
SCALE 1.000000 1.000000 1.000000
X -0.429555 -0.831644 0.351924
Y -0.849283 0.239590 -0.470442
Z 0.306923 -0.500964 -0.809218

PART 42
OFFSET 27.002023 -4.771878 -4.493627
SCALE 1.000000 1.000000 1.000000
X -0.359409 -0.846839 0.392031
Y -0.933170 0.324188 -0.155229
Z 0.004362 -0.421622 -0.906761

PART 43
OFFSET 25.583595 -4.937583 -6.448564
SCALE 1.000000 1.000000 1.000000
X 0.895114 -0.318755 0.311714
Y -0.432320 -0.791421 0.432148
Z 0.108947 -0.521582 -0.846217

PART 44
OFFSET 25.967473 -4.174582 -6.241254
SCALE 1.000000 1.000000 1.000000
X 0.682533 -0.491541 0.540866
Y -0.701652 -0.647804 0.296706
Z 0.204532 -0.582011 -0.787038

PART 45
OFFSET 25.323381 -5.819490 -3.160581
SCALE 1.000000 1.000000 1.000000
X 0.988898 -0.024579 -0.146549
Y 0.141080 -0.154389 0.977886
Z -0.046661 -0.987704 -0.149208

PART 46
OFFSET 15.670211 -6.031898 -4.332440
SCALE 1.000000 1.000000 1.000000
X 0.047681 -0.945887 0.320975
Y 0.941253 0.150101 0.302511
Z -0.334319 0.287695 0.897476

PART 47
OFFSET 14.107267 -5.486791 -5.997857
SCALE 1.000000 1.000000 1.000000
X 0.895659 -0.422017 0.140346
Y 0.406711 0.649536 -0.642409
Z 0.179948 0.632460 0.753401

PART 48
OFFSET 13.436094 -7.740338 -6.497484
SCALE 1.000000 1.000000 1.000000
X 0.016468 -0.856007 0.516702
Y 0.983017 -0.080603 -0.164863
Z 0.182772 0.510642 0.840142

PART 49
OFFSET 13.908511 -7.727459 -5.902912
SCALE 1.000000 1.000000 1.000000
X -0.095258 -0.873745 0.476965
Y 0.927503 -0.251894 -0.276202
Z 0.361475 0.416076 0.834396

PART 50
OFFSET 11.575293 -4.894052 -4.960110
SCALE 1.000000 1.000000 1.000000
X -0.870796 -0.459658 0.174438
Y 0.413717 -0.876786 -0.245119
Z 0.265616 -0.141281 0.953671

PART 51
OFFSET 26.443381 -5.342876 -3.495921
SCALE 1.000000 1.000000 1.000000
X -0.984603 0.089767 -0.149994
Y 0.169261 0.703950 -0.689786
Z 0.043668 -0.704553 -0.708306

PART 52
OFFSET 26.229868 -5.876651 -4.008561
SCALE 1.000000 1.000000 1.000000
X -0.931865 0.191017 -0.308450
Y 0.314514 0.849128 -0.424338
Z 0.180857 -0.492438 -0.851349

PART 53
OFFSET 26.872263 -5.414295 -5.994132
SCALE 1.000000 1.000000 1.000000
X -0.038817 -0.729764 0.682597
Y -0.964782 -0.150489 -0.215751
Z 0.260171 -0.666932 -0.698221

PART 54
OFFSET 27.156599 -5.056685 -5.322771
SCALE 1.000000 1.000000 1.000000
X -0.495316 -0.616033 0.612508
Y -0.856819 0.230163 -0.461395
Z 0.143257 -0.753345 -0.641832

PART 55
OFFSET 26.840437 -5.942381 -3.640605
SCALE 1.000000 1.000000 1.000000
X 0.787543 -0.156025 -0.596182
Y 0.606062 0.020817 0.795145
Z -0.111651 -0.987534 0.110955

PART 56
OFFSET 15.526427 -4.872681 -4.672546
SCALE 1.000000 1.000000 1.000000
X 0.456398 -0.829734 0.321312
Y 0.839298 0.521357 0.154159
Z -0.295430 0.199319 0.934341

PART 57
OFFSET 12.769119 -4.911546 -6.171130
SCALE 1.000000 1.000000 1.000000
X 0.829210 0.316172 -0.460919
Y -0.539364 0.668949 -0.511463
Z 0.146621 0.672713 0.725231

PART 58
OFFSET 13.419017 -6.562113 -7.213990
SCALE 1.000000 1.000000 1.000000
X 0.611502 -0.780659 0.128984
Y 0.768708 0.547511 -0.330637
Z 0.187494 0.301336 0.934902

PART 59
OFFSET 14.069286 -6.229852 -6.712114
SCALE 1.000000 1.000000 1.000000
X 0.786183 -0.617003 -0.034975
Y 0.510053 0.679781 -0.527014
Z 0.348944 0.396490 0.849137

PART 60
OFFSET 13.013145 -4.497331 -5.330603
SCALE 1.000000 1.000000 1.000000
X -0.916516 0.278454 0.287163
Y -0.320191 -0.941008 -0.109461
Z 0.239742 -0.192270 0.951607

PART 61
OFFSET 25.331270 -5.241520 -3.665305
SCALE 1.000000 1.000000 1.000000
X 0.179944 -0.863266 0.471585
Y 0.975158 0.219508 0.029730
Z -0.129182 0.454520 0.881319

PART 62
OFFSET 25.175519 -5.664396 -4.363632
SCALE 1.000000 1.000000 1.000000
X 0.501253 -0.655010 0.565427
Y 0.851549 0.489440 -0.187918
Z -0.153654 0.575683 0.803106

PART 63
OFFSET 26.791368 -6.114383 -5.347246
SCALE 1.000000 1.000000 1.000000
X -0.995883 -0.074675 -0.051380
Y -0.005402 0.614725 -0.788723
Z 0.090482 -0.785198 -0.612598

PART 64
OFFSET 26.322426 -5.860425 -4.575441
SCALE 1.000000 1.000000 1.000000
X -0.936947 0.041989 -0.346941
Y 0.272343 0.709844 -0.649577
Z 0.218999 -0.703106 -0.676521

PART 65
OFFSET 27.697299 -6.155972 -4.266704
SCALE 1.000000 1.000000 1.000000
X 0.777986 0.523447 -0.347478
Y -0.551275 0.834030 0.022119
Z 0.301385 0.174348 0.937427

PART 66
OFFSET 15.010975 -3.935500 -5.035427
SCALE 1.000000 1.000000 1.000000
X -0.989331 -0.144327 0.019840
Y -0.140909 0.913402 -0.381891
Z 0.036996 -0.380612 -0.923994

PART 67
OFFSET 11.828567 -5.273937 -5.654563
SCALE 1.000000 1.000000 1.000000
X -0.301320 -0.715346 0.630466
Y -0.933336 0.356601 -0.041462
Z -0.195165 -0.600930 -0.775109

PART 68
OFFSET 12.872353 -5.866496 -7.327913
SCALE 1.000000 1.000000 1.000000
X 0.920824 0.038551 -0.388068
Y -0.117891 0.976061 -0.182774
Z 0.371732 0.214053 0.903325

PART 69
OFFSET 12.949703 -5.401166 -6.657188
SCALE 1.000000 1.000000 1.000000
X 0.918568 0.196531 -0.342941
Y -0.322919 0.873474 -0.364370
Z 0.227940 0.445441 0.865809

PART 70
OFFSET 13.998783 -4.773659 -5.682816
SCALE 1.000000 1.000000 1.000000
X -0.896550 0.135103 -0.421836
Y 0.442932 0.266765 -0.855949
Z -0.003110 -0.954245 -0.299009

PART 71
OFFSET 25.845254 -6.185326 -5.396057
SCALE 1.000000 1.000000 1.000000
X 0.751829 -0.214323 0.623554
Y 0.648238 0.413209 -0.639567
Z -0.120584 0.885056 0.449595

PART 72
OFFSET 25.306337 -5.814920 -4.951666
SCALE 1.000000 1.000000 1.000000
X 0.623762 -0.477587 0.618735
Y 0.750857 0.586019 -0.304624
Z -0.217106 0.654594 0.724135

PART 73
OFFSET 11.997534 -5.903125 -6.959247
SCALE 1.000000 1.000000 1.000000
X -0.684377 -0.673262 0.279904
Y -0.634774 0.739037 0.225581
Z -0.358734 -0.023293 -0.933149

PART 74
OFFSET 11.953479 -5.614252 -6.285257
SCALE 1.000000 1.000000 1.000000
X -0.555775 -0.635818 0.535583
Y -0.800264 0.583660 -0.137543
Z -0.225147 -0.505051 -0.833206

PART 75
OFFSET 0.000000 0.000000 0.000000
SCALE 1.000000 1.000000 1.000000
X 1.000000 0.000000 0.000000
Y 0.000000 1.000000 0.000000
Z 0.000000 0.000000 1.000000

PART 76
OFFSET 0.000000 0.000000 0.000000
SCALE 1.000000 1.000000 1.000000
X 1.000000 0.000000 0.000000
Y 0.000000 1.000000 0.000000
Z 0.000000 0.000000 1.000000

PART 77
OFFSET 1.540551 -0.000001 4.135835
SCALE 1.000000 1.000000 1.000000
X 1.000000 0.000000 0.000000
Y 0.000000 1.000000 0.000000
Z 0.000000 0.000000 1.000000

PART 78
OFFSET -4.631835 0.000000 -1.376957
SCALE 1.000000 1.000000 1.000000
X 1.000000 0.000000 0.000000
Y 0.000000 1.000000 0.000000
Z 0.000000 0.000000 1.000000

FRAME 1
PART 0
OFFSET 0.000000 0.000000 0.000000
SCALE 1.000000 1.000000 1.000000
X 1.000000 0.000000 0.000000
Y 0.000000 1.000000 0.000000
Z 0.000000 0.000000 1.000000

PART 1
OFFSET 2.596391 0.544461 -2.303232
SCALE 1.000000 1.000000 1.000000
X 0.719591 -0.044394 -0.692977
Y 0.111077 -0.977745 0.177980
Z -0.685456 -0.205047 -0.698645

PART 2
OFFSET -4.689191 -7.275577 2.538052
SCALE 1.000000 1.000000 1.000000
X -0.431832 0.488499 0.758215
Y -0.245153 -0.872558 0.422543
Z 0.867999 -0.003411 0.496555

PART 3
OFFSET 12.697553 -5.811206 -5.869747
SCALE 1.000000 1.000000 1.000000
X 0.999547 -0.005797 0.029542
Y 0.020054 0.860107 -0.509719
Z -0.022454 0.510080 0.859834

PART 4
OFFSET 13.745596 17.667068 -17.903065
SCALE 1.000000 1.000000 1.000000
X 0.998737 0.041892 -0.027740
Y 0.021387 0.145113 0.989184
Z 0.045465 -0.988528 0.144033

PART 5
OFFSET 11.404772 0.118179 -10.984964
SCALE 1.000000 1.000000 1.000000
X 0.844350 -0.347945 0.407439
Y -0.451013 -0.051049 0.891056
Z -0.289239 -0.936124 -0.200031

PART 6
OFFSET 0.679929 -14.003444 -7.346336
SCALE 1.000000 1.000000 1.000000
X -0.839361 -0.517020 -0.167818
Y 0.421917 -0.425023 -0.800838
Z 0.342723 -0.742998 0.574887

PART 7
OFFSET 12.697553 -5.811206 -5.869747
SCALE 1.000000 1.000000 1.000000
X 0.999547 -0.005797 0.029542
Y 0.020054 0.860107 -0.509719
Z -0.022454 0.510080 0.859834

PART 8
OFFSET 20.501455 -2.433869 -7.712084
SCALE 1.000000 1.000000 1.000000
X 0.847814 -0.345087 0.402650
Y 0.293308 0.937732 0.186088
Z -0.441794 -0.039668 0.896239

PART 9
OFFSET 19.797658 -3.813686 -8.371200
SCALE 1.000000 1.000000 1.000000
X 0.847814 -0.345087 0.402650
Y 0.293308 0.937732 0.186088
Z -0.441794 -0.039668 0.896239

PART 10
OFFSET 19.767454 -2.849541 -5.257569
SCALE 1.000000 1.000000 1.000000
X 0.847814 -0.345087 0.402650
Y 0.293308 0.937732 0.186088
Z -0.441794 -0.039668 0.896239

PART 11
OFFSET 19.202855 -4.066054 -5.370803
SCALE 1.000000 1.000000 1.000000
X 0.847814 -0.345087 0.402650
Y 0.293308 0.937732 0.186088
Z -0.441794 -0.039668 0.896239

PART 12
OFFSET 19.135922 -4.451009 -6.503506
SCALE 1.000000 1.000000 1.000000
X 0.847814 -0.345087 0.402650
Y 0.293308 0.937732 0.186088
Z -0.441794 -0.039668 0.896239

PART 13
OFFSET 21.148490 -4.167265 -6.158239
SCALE 1.000000 1.000000 1.000000
X 0.952688 0.303186 0.021518
Y 0.112850 -0.418560 0.901151
Z 0.282223 -0.856087 -0.432972

PART 14
OFFSET 18.586494 -2.840862 -7.518797
SCALE 1.000000 1.000000 1.000000
X 0.844350 -0.347945 0.407439
Y -0.451013 -0.051049 0.891056
Z -0.289239 -0.936124 -0.200031

PART 15
OFFSET 9.075767 -8.566236 -3.956605
SCALE 1.000000 1.000000 1.000000
X -0.842796 -0.512449 -0.164593
Y -0.346383 0.750464 -0.562870
Z 0.411963 -0.417373 -0.809991

PART 16
OFFSET 8.447100 -7.541675 -4.562040
SCALE 1.000000 1.000000 1.000000
X -0.842796 -0.512449 -0.164593
Y -0.346383 0.750464 -0.562870
Z 0.411963 -0.417373 -0.809991

PART 17
OFFSET 8.321750 -7.697553 -5.743440
SCALE 1.000000 1.000000 1.000000
X -0.842796 -0.512449 -0.164593
Y -0.346383 0.750464 -0.562870
Z 0.411963 -0.417373 -0.809991

PART 18
OFFSET 10.376131 -7.925908 -5.381806
SCALE 1.000000 1.000000 1.000000
X -0.971682 -0.236260 -0.003804
Y 0.181116 -0.734354 -0.654157
Z 0.151757 -0.636322 0.756349

PART 19
OFFSET 7.821100 -9.603755 -5.918744
SCALE 1.000000 1.000000 1.000000
X -0.839361 -0.517020 -0.167818
Y 0.421917 -0.425023 -0.800838
Z 0.342723 -0.742998 0.574887

PART 20
OFFSET 16.353436 -3.778267 -2.282435
SCALE 1.000000 1.000000 1.000000
X 0.999547 -0.005797 0.029542
Y 0.020054 0.860107 -0.509719
Z -0.022454 0.510080 0.859834

PART 21
OFFSET 22.772001 -4.129910 -1.926444
SCALE 1.000000 1.000000 1.000000
X -0.028593 -0.489964 0.871274
Y 0.999547 -0.005797 0.029542
Z -0.009423 0.871724 0.489907

PART 22
OFFSET 31.981560 -3.863639 -1.823664
SCALE 1.000000 1.000000 1.000000
X 0.999547 -0.005797 0.029542
Y 0.020054 0.860107 -0.509719
Z -0.022454 0.510080 0.859834

PART 23
OFFSET 25.414222 -3.825548 -2.017765
SCALE 1.000000 1.000000 1.000000
X 0.999547 -0.005797 0.029542
Y 0.020054 0.860107 -0.509719
Z -0.022454 0.510080 0.859834

PART 24
OFFSET 21.511127 -1.787656 -3.616972
SCALE 1.000000 1.000000 1.000000
X 0.999547 -0.005797 0.029542
Y 0.020054 0.860107 -0.509719
Z -0.022454 0.510080 0.859834

PART 25
OFFSET 25.584482 -3.800141 -1.969240
SCALE 1.000000 1.000000 1.000000
X 0.999547 -0.005797 0.029542
Y 0.020054 0.860107 -0.509719
Z -0.022454 0.510080 0.859834

PART 26
OFFSET 22.850295 -0.369803 -4.117540
SCALE 1.000000 1.000000 1.000000
X 0.999547 -0.005797 0.029542
Y 0.020054 0.860107 -0.509719
Z -0.022454 0.510080 0.859834

PART 27
OFFSET 24.886418 -3.036277 -5.239093
SCALE 1.000000 1.000000 1.000000
X 0.892632 -0.449282 -0.036780
Y -0.433139 -0.832225 -0.346109
Z 0.124891 0.324879 -0.937473

PART 28
OFFSET 24.711580 -2.713205 -6.302420
SCALE 1.000000 1.000000 1.000000
X 0.775708 -0.619320 0.121329
Y -0.570614 -0.770412 -0.284367
Z 0.269588 0.151354 -0.951007

PART 29
OFFSET 21.891651 -3.481797 -7.420155
SCALE 1.000000 1.000000 1.000000
X 0.972345 -0.110406 -0.205804
Y -0.091829 -0.990965 0.097757
Z -0.214738 -0.076155 -0.973698

PART 30
OFFSET 22.080462 -3.609001 -6.557604
SCALE 1.000000 1.000000 1.000000
X 0.964731 0.163273 -0.206485
Y 0.113280 -0.965559 -0.234230
Z -0.237617 0.202578 -0.950000

PART 31
OFFSET 21.837692 -4.771360 -5.492910
SCALE 1.000000 1.000000 1.000000
X 0.892916 -0.333627 0.302313
Y -0.409250 -0.321585 0.853872
Z -0.187656 -0.886158 -0.423685

PART 32
OFFSET 24.415797 -4.356078 -4.893171
SCALE 1.000000 1.000000 1.000000
X 0.953034 0.128173 -0.274404
Y 0.011416 0.890188 0.455450
Z 0.302648 -0.437192 0.846916

PART 33
OFFSET 24.100657 -4.424276 -7.245348
SCALE 1.000000 1.000000 1.000000
X -0.443760 0.283701 -0.850054
Y -0.282158 0.856088 0.433012
Z 0.850567 0.432003 -0.299849

PART 34
OFFSET 14.063026 -6.710452 -4.573707
SCALE 1.000000 1.000000 1.000000
X -0.978909 -0.203122 -0.021870
Y 0.115126 -0.636905 0.762297
Z -0.168768 0.743702 0.646857

PART 35
OFFSET 14.214984 -7.356855 -5.487573
SCALE 1.000000 1.000000 1.000000
X -0.008373 -0.911285 0.411692
Y 0.998268 0.016359 0.056513
Z -0.058235 0.411452 0.909569

PART 36
OFFSET 11.336263 -8.428456 -6.263300
SCALE 1.000000 1.000000 1.000000
X -0.907092 -0.262911 0.328728
Y 0.418187 -0.651920 0.632551
Z 0.047999 0.711251 0.701297

PART 37
OFFSET 11.437669 -7.917220 -5.736375
SCALE 1.000000 1.000000 1.000000
X -0.984119 -0.081694 0.157594
Y 0.174114 -0.617078 0.767398
Z 0.034556 0.782650 0.621502

PART 38
OFFSET 10.672868 -6.958320 -5.184552
SCALE 1.000000 1.000000 1.000000
X -0.478067 -0.876837 0.051072
Y 0.780499 -0.450772 -0.433158
Z 0.402831 -0.167217 0.899870

PART 39
OFFSET 6.260331 -8.629280 -4.439071
SCALE 1.000000 1.000000 1.000000
X -0.907084 -0.257219 0.333223
Y -0.420343 0.510980 -0.749807
Z 0.022594 -0.820206 -0.571622

PART 40
OFFSET 22.764894 -4.032700 -1.946826
SCALE 1.000000 1.000000 1.000000
X 0.999547 -0.005797 0.029542
Y 0.020054 0.860107 -0.509719
Z -0.022454 0.510080 0.859834

PART 41
OFFSET 26.476899 -3.727622 -5.303729
SCALE 1.000000 1.000000 1.000000
X 0.485192 -0.871157 -0.075326
Y -0.844417 -0.444441 -0.299053
Z 0.227044 0.208705 -0.951259

PART 42
OFFSET 26.219764 -3.853822 -6.065162
SCALE 1.000000 1.000000 1.000000
X 0.530413 -0.845608 -0.060077
Y -0.841318 -0.533778 0.085236
Z -0.104144 0.005334 -0.994548

PART 43
OFFSET 24.095994 -3.814884 -7.733058
SCALE 1.000000 1.000000 1.000000
X 0.963788 -0.266413 0.011705
Y -0.265806 -0.956209 0.122525
Z -0.021450 -0.121199 -0.992396

PART 44
OFFSET 24.552695 -3.147983 -7.224729
SCALE 1.000000 1.000000 1.000000
X 0.873984 -0.459359 0.158557
Y -0.480104 -0.866683 0.135503
Z 0.075174 -0.194552 -0.978007

PART 45
OFFSET 23.766176 -5.566487 -4.761500
SCALE 1.000000 1.000000 1.000000
X 0.993968 0.046055 -0.099529
Y 0.109630 -0.441002 0.890785
Z -0.002867 -0.896324 -0.443391

PART 46
OFFSET 15.740905 -6.182990 -4.618844
SCALE 1.000000 1.000000 1.000000
X -0.108600 -0.951316 0.288451
Y 0.932564 0.002998 0.360991
Z -0.344281 0.308203 0.886838

PART 47
OFFSET 14.202256 -5.562101 -6.292343
SCALE 1.000000 1.000000 1.000000
X 0.888795 -0.430794 0.156396
Y 0.428905 0.661594 -0.615088
Z 0.161505 0.613767 0.772791

PART 48
OFFSET 13.533196 -7.799239 -6.863435
SCALE 1.000000 1.000000 1.000000
X -0.003418 -0.867782 0.496933
Y 0.986930 -0.082992 -0.138137
Z 0.161114 0.489966 0.856724

PART 49
OFFSET 13.988167 -7.803062 -6.255285
SCALE 1.000000 1.000000 1.000000
X -0.114038 -0.883892 0.453574
Y 0.933714 -0.251315 -0.254988
Z 0.339372 0.394430 0.853962

PART 50
OFFSET 11.644529 -4.977460 -5.314908
SCALE 1.000000 1.000000 1.000000
X -0.878088 -0.458045 0.138405
Y 0.415720 -0.873498 -0.253335
Z 0.236935 -0.164913 0.957427

PART 51
OFFSET 26.915734 -4.855998 -5.327772
SCALE 1.000000 1.000000 1.000000
X -0.075990 -0.993749 -0.081781
Y -0.949166 0.097219 -0.299385
Z 0.305465 0.054874 -0.950621

PART 52
OFFSET 26.986365 -5.094152 -6.133549
SCALE 1.000000 1.000000 1.000000
X -0.304165 -0.952506 -0.014714
Y -0.950990 0.302706 0.063140
Z -0.055687 0.033198 -0.997896

PART 53
OFFSET 25.398672 -4.171000 -7.729775
SCALE 1.000000 1.000000 1.000000
X 0.685035 -0.688314 0.238643
Y -0.712147 -0.701738 0.020236
Z 0.153536 -0.183811 -0.970897

PART 54
OFFSET 25.918788 -3.845971 -6.995540
SCALE 1.000000 1.000000 1.000000
X 0.463457 -0.833475 0.300878
Y -0.874730 -0.484585 0.005022
Z 0.141615 -0.265514 -0.953650

PART 55
OFFSET 25.362482 -5.629935 -4.929338
SCALE 1.000000 1.000000 1.000000
X 0.972989 -0.228430 -0.033351
Y -0.031444 -0.274262 0.961141
Z -0.228701 -0.934131 -0.274036

PART 56
OFFSET 15.846508 -5.008384 -4.916573
SCALE 1.000000 1.000000 1.000000
X 0.198515 -0.928144 0.314866
Y 0.922440 0.285496 0.259993
Z -0.331204 0.238833 0.912832

PART 57
OFFSET 12.872990 -4.974566 -6.490905
SCALE 1.000000 1.000000 1.000000
X 0.844051 0.321470 -0.429226
Y -0.520457 0.683962 -0.511196
Z 0.129240 0.654869 0.744610

PART 58
OFFSET 13.543643 -6.604719 -7.552566
SCALE 1.000000 1.000000 1.000000
X 0.603068 -0.787276 0.128476
Y 0.781088 0.550120 -0.295412
Z 0.161894 0.278505 0.946692

PART 59
OFFSET 14.180890 -6.288237 -7.024472
SCALE 1.000000 1.000000 1.000000
X 0.783371 -0.620989 -0.026506
Y 0.529012 0.688517 -0.496075
Z 0.326307 0.374589 0.867875

PART 60
OFFSET 13.094776 -4.581396 -5.634263
SCALE 1.000000 1.000000 1.000000
X -0.922901 0.277545 0.266877
Y -0.322178 -0.936191 -0.140529
Z 0.210845 -0.215676 0.953430

PART 61
OFFSET 26.829951 -5.978436 -5.420130
SCALE 1.000000 1.000000 1.000000
X 0.967535 0.251101 0.028696
Y -0.252733 0.960762 0.114293
Z 0.001129 -0.117835 0.993033

PART 62
OFFSET 26.642151 -6.172916 -6.157324
SCALE 1.000000 1.000000 1.000000
X 0.844153 0.534682 0.038993
Y -0.534527 0.845015 -0.015187
Z -0.041070 -0.008022 0.999124

PART 63
OFFSET 26.003626 -4.777211 -7.520770
SCALE 1.000000 1.000000 1.000000
X -0.255131 -0.923483 0.286509
Y -0.950181 0.184581 -0.251171
Z 0.179068 -0.336317 -0.924568

PART 64
OFFSET 26.559248 -5.013865 -6.592056
SCALE 1.000000 1.000000 1.000000
X -0.327374 -0.935185 0.135114
Y -0.942183 0.312253 -0.121612
Z 0.071540 -0.167114 -0.983339

PART 65
OFFSET 26.403675 -5.924405 -4.961589
SCALE 1.000000 1.000000 1.000000
X 0.858670 0.374877 0.349505
Y -0.378736 0.923551 -0.060107
Z -0.345318 -0.080758 0.935004

PART 66
OFFSET 15.622328 -3.960063 -5.272169
SCALE 1.000000 1.000000 1.000000
X -0.990544 0.111713 -0.079647
Y 0.132393 0.930590 -0.341285
Z 0.035993 -0.348602 -0.936579

PART 67
OFFSET 11.915765 -5.342821 -6.010369
SCALE 1.000000 1.000000 1.000000
X -0.323584 -0.727776 0.604678
Y -0.929705 0.363354 -0.060193
Z -0.175906 -0.581649 -0.794192

PART 68
OFFSET 13.004465 -5.903218 -7.666087
SCALE 1.000000 1.000000 1.000000
X 0.931935 0.041669 -0.360222
Y -0.107005 0.980742 -0.163385
Z 0.346477 0.190810 0.918447

PART 69
OFFSET 13.064881 -5.453978 -6.982771
SCALE 1.000000 1.000000 1.000000
X 0.929258 0.198578 -0.311521
Y -0.307235 0.883669 -0.353180
Z 0.205148 0.423906 0.882167

PART 70
OFFSET 14.088675 -4.855752 -5.964092
SCALE 1.000000 1.000000 1.000000
X -0.883111 0.150459 -0.444385
Y 0.469165 0.283629 -0.836325
Z 0.000207 -0.947057 -0.321066

PART 71
OFFSET 25.761246 -5.654543 -7.248578
SCALE 1.000000 1.000000 1.000000
X 0.765384 0.639396 0.073214
Y -0.530582 0.691294 -0.490504
Z -0.364238 0.336578 0.868358

PART 72
OFFSET 26.204259 -6.028049 -6.445534
SCALE 1.000000 1.000000 1.000000
X 0.810052 0.578751 -0.094145
Y -0.586347 0.798536 -0.136150
Z -0.003619 0.165491 0.986205

PART 73
OFFSET 12.119091 -5.942809 -7.323876
SCALE 1.000000 1.000000 1.000000
X -0.696028 -0.675199 0.244236
Y -0.636888 0.737636 0.224204
Z -0.331539 0.000501 -0.943441

PART 74
OFFSET 12.057063 -5.669284 -6.644916
SCALE 1.000000 1.000000 1.000000
X -0.574716 -0.644475 0.504336
Y -0.792611 0.591723 -0.147075
Z -0.203641 -0.484268 -0.850890

PART 75
OFFSET 0.000000 0.000000 0.000000
SCALE 1.000000 1.000000 1.000000
X 1.000000 0.000000 0.000000
Y 0.000000 1.000000 0.000000
Z 0.000000 0.000000 1.000000

PART 76
OFFSET 0.000000 0.000000 0.000000
SCALE 1.000000 1.000000 1.000000
X 0.999999 0.000337 -0.001419
Y -0.000334 0.999998 0.001892
Z 0.001419 -0.001892 0.999997

PART 77
OFFSET 1.546419 -0.007306 4.133637
SCALE 1.000000 1.000000 1.000000
X 0.999999 0.000337 -0.001419
Y -0.000334 0.999998 0.001892
Z 0.001419 -0.001892 0.999997

PART 78
OFFSET -4.633784 0.001044 -1.370382
SCALE 1.000000 1.000000 1.000000
X 0.999999 0.000337 -0.001419
Y -0.000334 0.999998 0.001892
Z 0.001419 -0.001892 0.999997

FRAME 2
PART 0
OFFSET 0.000000 0.000000 0.000000
SCALE 1.000000 1.000000 1.000000
X 1.000000 0.000000 0.000000
Y 0.000000 1.000000 0.000000
Z 0.000000 0.000000 1.000000

PART 1
OFFSET 3.148127 -0.011332 -2.201893
SCALE 1.000000 1.000000 1.000000
X 0.546496 0.098216 -0.831683
Y 0.307222 -0.947373 0.089997
Z -0.779074 -0.304694 -0.547909

PART 2
OFFSET -4.293398 -7.389984 1.792079
SCALE 1.000000 1.000000 1.000000
X -0.399712 0.464873 0.790014
Y -0.263643 -0.883745 0.386636
Z 0.877908 -0.053738 0.475804

PART 3
OFFSET 12.922410 -6.009499 -6.706287
SCALE 1.000000 1.000000 1.000000
X 0.993763 -0.021372 0.109443
Y 0.068810 0.889848 -0.451038
Z -0.087748 0.455756 0.885769

PART 4
OFFSET 13.745596 17.667068 -17.903065
SCALE 1.000000 1.000000 1.000000
X 0.998737 0.041892 -0.027740
Y 0.021387 0.145113 0.989184
Z 0.045465 -0.988528 0.144033

PART 5
OFFSET 10.019374 1.567064 -13.264639
SCALE 1.000000 1.000000 1.000000
X 0.797639 -0.311660 0.516372
Y -0.548504 -0.018785 0.835937
Z -0.250828 -0.950008 -0.185930

PART 6
OFFSET 0.648764 -13.806663 -8.523963
SCALE 1.000000 1.000000 1.000000
X -0.856890 -0.484694 -0.175531
Y 0.394284 -0.396879 -0.828871
Z 0.332085 -0.779460 0.531189

PART 7
OFFSET 12.922410 -6.009499 -6.706287
SCALE 1.000000 1.000000 1.000000
X 0.993763 -0.021372 0.109443
Y 0.068810 0.889848 -0.451038
Z -0.087748 0.455756 0.885769

PART 8
OFFSET 18.722027 -0.647305 -8.867511
SCALE 1.000000 1.000000 1.000000
X 0.801582 -0.308958 0.511871
Y 0.256431 0.951050 0.172474
Z -0.540102 -0.006993 0.841571

PART 9
OFFSET 18.118048 -2.070034 -9.534379
SCALE 1.000000 1.000000 1.000000
X 0.801582 -0.308958 0.511871
Y 0.256431 0.951050 0.172474
Z -0.540102 -0.006993 0.841571

PART 10
OFFSET 17.720180 -0.963532 -6.494225
SCALE 1.000000 1.000000 1.000000
X 0.801582 -0.308958 0.511871
Y 0.256431 0.951050 0.172474
Z -0.540102 -0.006993 0.841571

PART 11
OFFSET 17.190076 -2.195087 -6.611522
SCALE 1.000000 1.000000 1.000000
X 0.801582 -0.308958 0.511871
Y 0.256431 0.951050 0.172474
Z -0.540102 -0.006993 0.841571

PART 12
OFFSET 17.257911 -2.633352 -7.724629
SCALE 1.000000 1.000000 1.000000
X 0.801582 -0.308958 0.511871
Y 0.256431 0.951050 0.172474
Z -0.540102 -0.006993 0.841571

PART 13
OFFSET 19.212927 -2.420160 -7.204747
SCALE 1.000000 1.000000 1.000000
X 0.958597 0.111991 0.261822
Y -0.020133 -0.890469 0.454598
Z 0.284055 -0.441047 -0.851346

PART 14
OFFSET 16.803707 -1.083322 -8.871958
SCALE 1.000000 1.000000 1.000000
X 0.797639 -0.311660 0.516372
Y -0.548504 -0.018785 0.835937
Z -0.250828 -0.950008 -0.185930

PART 15
OFFSET 9.259998 -8.776935 -5.046595
SCALE 1.000000 1.000000 1.000000
X -0.860130 -0.480193 -0.172019
Y -0.335300 0.786428 -0.518753
Z 0.384382 -0.388517 -0.837440

PART 16
OFFSET 8.649644 -7.706927 -5.588856
SCALE 1.000000 1.000000 1.000000
X -0.860130 -0.480193 -0.172019
Y -0.335300 0.786428 -0.518753
Z 0.384382 -0.388517 -0.837440

PART 17
OFFSET 8.497498 -7.801278 -6.773620
SCALE 1.000000 1.000000 1.000000
X -0.860130 -0.480193 -0.172019
Y -0.335300 0.786428 -0.518753
Z 0.384382 -0.388517 -0.837440

PART 18
OFFSET 10.523872 -8.113084 -6.503587
SCALE 1.000000 1.000000 1.000000
X -0.969953 -0.222862 -0.097587
Y 0.228225 -0.694518 -0.682318
Z 0.084287 -0.684088 0.724513

PART 19
OFFSET 7.939090 -9.681990 -7.030707
SCALE 1.000000 1.000000 1.000000
X -0.856890 -0.484694 -0.175531
Y 0.394284 -0.396879 -0.828871
Z 0.332085 -0.779460 0.531189

PART 20
OFFSET 16.292544 -4.254574 -2.715101
SCALE 1.000000 1.000000 1.000000
X 0.993763 -0.021372 0.109443
Y 0.068810 0.889848 -0.451038
Z -0.087748 0.455756 0.885769

PART 21
OFFSET 22.657750 -4.715951 -1.866784
SCALE 1.000000 1.000000 1.000000
X -0.103459 -0.542877 0.833415
Y 0.993763 -0.021372 0.109443
Z -0.041602 0.839540 0.541703

PART 22
OFFSET 31.830542 -4.583271 -1.006714
SCALE 1.000000 1.000000 1.000000
X 0.993763 -0.021372 0.109443
Y 0.068810 0.889848 -0.451038
Z -0.087748 0.455756 0.885769

PART 23
OFFSET 25.301203 -4.442851 -1.725788
SCALE 1.000000 1.000000 1.000000
X 0.993763 -0.021372 0.109443
Y 0.068810 0.889848 -0.451038
Z -0.087748 0.455756 0.885769

PART 24
OFFSET 21.558588 -2.255765 -3.501768
SCALE 1.000000 1.000000 1.000000
X 0.993763 -0.021372 0.109443
Y 0.068810 0.889848 -0.451038
Z -0.087748 0.455756 0.885769

PART 25
OFFSET 25.467177 -4.422862 -1.662213
SCALE 1.000000 1.000000 1.000000
X 0.993763 -0.021372 0.109443
Y 0.068810 0.889848 -0.451038
Z -0.087748 0.455756 0.885769

PART 26
OFFSET 22.946232 -0.828011 -3.802278
SCALE 1.000000 1.000000 1.000000
X 0.993763 -0.021372 0.109443
Y 0.068810 0.889848 -0.451038
Z -0.087748 0.455756 0.885769

PART 27
OFFSET 22.796588 -2.486672 -5.505151
SCALE 1.000000 1.000000 1.000000
X 0.958571 0.204805 0.197980
Y 0.254424 -0.303023 -0.918393
Z -0.128099 0.930716 -0.342576

PART 28
OFFSET 22.772737 -1.633133 -6.198174
SCALE 1.000000 1.000000 1.000000
X 0.996661 -0.033291 0.074559
Y 0.055210 -0.398004 -0.915721
Z 0.060160 0.916779 -0.394837

PART 29
OFFSET 20.138540 -1.324111 -7.655643
SCALE 1.000000 1.000000 1.000000
X 0.966766 0.090794 -0.238998
Y -0.102422 -0.718983 -0.687440
Z -0.234251 0.689072 -0.685789

PART 30
OFFSET 20.241262 -1.928838 -7.149098
SCALE 1.000000 1.000000 1.000000
X 0.977862 0.209222 0.003448
Y 0.107547 -0.488382 -0.865977
Z -0.179498 0.847177 -0.500071

PART 31
OFFSET 19.788920 -3.418807 -6.980901
SCALE 1.000000 1.000000 1.000000
X 0.853588 -0.502516 0.137353
Y -0.489724 -0.684120 0.540509
Z -0.177648 -0.528637 -0.830051

PART 32
OFFSET 22.288284 -3.725185 -6.132165
SCALE 1.000000 1.000000 1.000000
X 0.984819 0.154936 -0.078278
Y 0.006178 0.419371 0.907794
Z 0.173477 -0.894496 0.412047

PART 33
OFFSET 22.255571 -2.308743 -8.037244
SCALE 1.000000 1.000000 1.000000
X -0.321538 0.792721 -0.517886
Y -0.283996 0.441016 0.851382
Z 0.903305 0.420829 0.083326

PART 34
OFFSET 14.146719 -6.994509 -5.327350
SCALE 1.000000 1.000000 1.000000
X -0.972650 -0.224483 -0.059664
Y 0.109550 -0.669849 0.734371
Z -0.204820 0.707750 0.676121

PART 35
OFFSET 14.362892 -7.588705 -6.261192
SCALE 1.000000 1.000000 1.000000
X -0.049269 -0.934954 0.351332
Y 0.990390 -0.000220 0.138301
Z -0.129227 0.354770 0.925980

PART 36
OFFSET 11.548921 -8.572284 -7.334159
SCALE 1.000000 1.000000 1.000000
X -0.933012 -0.270999 0.236745
Y 0.359824 -0.695427 0.622019
Z -0.003928 0.665538 0.746354

PART 37
OFFSET 11.610906 -8.096201 -6.769536
SCALE 1.000000 1.000000 1.000000
X -0.994333 -0.078492 0.071699
Y 0.105816 -0.665862 0.738532
Z -0.010227 0.741934 0.670395

PART 38
OFFSET 10.811130 -7.163605 -6.222235
SCALE 1.000000 1.000000 1.000000
X -0.487581 -0.872001 -0.043340
Y 0.809737 -0.433088 -0.395931
Z 0.326482 -0.228142 0.917257

PART 39
OFFSET 6.339269 -8.819987 -5.944412
SCALE 1.000000 1.000000 1.000000
X -0.933327 -0.265598 0.241576
Y -0.353492 0.562099 -0.747722
Z 0.062804 -0.783264 -0.618509

PART 40
OFFSET 22.653196 -4.617564 -1.881465
SCALE 1.000000 1.000000 1.000000
X 0.993763 -0.021372 0.109443
Y 0.068810 0.889848 -0.451038
Z -0.087748 0.455756 0.885769

PART 41
OFFSET 24.245694 -1.998501 -4.981899
SCALE 1.000000 1.000000 1.000000
X 0.970198 0.168230 0.174400
Y 0.224515 -0.353337 -0.908155
Z -0.091157 0.920245 -0.380577

PART 42
OFFSET 24.601247 -1.655167 -5.999771
SCALE 1.000000 1.000000 1.000000
X 0.962984 0.242842 0.117001
Y 0.257853 -0.703349 -0.662429
Z -0.078573 0.668078 -0.739931

PART 43
OFFSET 22.346546 -1.354984 -8.203253
SCALE 1.000000 1.000000 1.000000
X 0.994790 0.091927 -0.044066
Y 0.039548 -0.746414 -0.664306
Z -0.093959 0.659102 -0.746161

PART 44
OFFSET 22.746954 -1.242608 -7.194061
SCALE 1.000000 1.000000 1.000000
X 0.999555 -0.025536 0.015437
Y -0.011987 -0.817385 -0.575967
Z 0.027326 0.575526 -0.817327

PART 45
OFFSET 21.615645 -4.610472 -6.687923
SCALE 1.000000 1.000000 1.000000
X 0.989493 0.002676 0.144557
Y -0.064269 -0.887474 0.456355
Z 0.129512 -0.460851 -0.877977

PART 46
OFFSET 15.855606 -6.562478 -5.252759
SCALE 1.000000 1.000000 1.000000
X -0.436523 -0.884338 0.165508
Y 0.823657 -0.318795 0.468997
Z -0.361989 0.341050 0.867554

PART 47
OFFSET 14.430312 -5.747330 -6.949489
SCALE 1.000000 1.000000 1.000000
X 0.869567 -0.451257 0.200552
Y 0.483046 0.692939 -0.535259
Z 0.102569 0.562320 0.820534

PART 48
OFFSET 13.792526 -7.935664 -7.713032
SCALE 1.000000 1.000000 1.000000
X -0.050964 -0.896909 0.439268
Y 0.994236 -0.087108 -0.062508
Z 0.094327 0.433551 0.896179

PART 49
OFFSET 14.196146 -7.983267 -7.071405
SCALE 1.000000 1.000000 1.000000
X -0.157788 -0.908845 0.386141
Y 0.949430 -0.247123 -0.193680
Z 0.271450 0.336053 0.901878

PART 50
OFFSET 11.805877 -5.191322 -6.148022
SCALE 1.000000 1.000000 1.000000
X -0.890075 -0.454271 0.037474
Y 0.428122 -0.861389 -0.273351
Z 0.156455 -0.227260 0.961184

PART 51
OFFSET 25.256554 -1.716961 -4.517499
SCALE 1.000000 1.000000 1.000000
X 0.847138 0.304572 0.435423
Y 0.514807 -0.267413 -0.814533
Z -0.131646 0.914181 -0.383332

PART 52
OFFSET 25.747950 -1.151376 -5.637151
SCALE 1.000000 1.000000 1.000000
X 0.970106 0.114179 0.214143
Y 0.223480 -0.764311 -0.604884
Z 0.094607 0.634658 -0.766980

PART 53
OFFSET 23.589171 -1.261431 -8.289721
SCALE 1.000000 1.000000 1.000000
X 0.988026 0.125997 0.089047
Y 0.152401 -0.707004 -0.690594
Z -0.024056 0.695895 -0.717740

PART 54
OFFSET 24.113802 -1.374593 -7.212414
SCALE 1.000000 1.000000 1.000000
X 0.975936 0.198573 0.090096
Y 0.212291 -0.770859 -0.600591
Z -0.049810 0.605265 -0.794464

PART 55
OFFSET 22.958503 -4.951037 -6.389691
SCALE 1.000000 1.000000 1.000000
X 0.446956 -0.808683 0.382442
Y -0.881383 -0.325003 0.342836
Z -0.152951 -0.490311 -0.858022

PART 56
OFFSET 16.466879 -5.534569 -5.366790
SCALE 1.000000 1.000000 1.000000
X -0.390633 -0.903205 0.177837
Y 0.845232 -0.275385 0.457980
Z -0.364677 0.329216 0.870993

PART 57
OFFSET 13.126461 -5.131277 -7.217858
SCALE 1.000000 1.000000 1.000000
X 0.878875 0.336517 -0.338135
Y -0.471427 0.721186 -0.507590
Z 0.073046 0.605514 0.792476

PART 58
OFFSET 13.868818 -6.700809 -8.322292
SCALE 1.000000 1.000000 1.000000
X 0.584267 -0.801549 0.127087
Y 0.806986 0.557198 -0.195716
Z 0.086063 0.216908 0.972391

PART 59
OFFSET 14.463189 -6.426151 -7.725288
SCALE 1.000000 1.000000 1.000000
X 0.777963 -0.628307 -0.001941
Y 0.573286 0.711093 -0.407050
Z 0.257133 0.315557 0.913404

PART 60
OFFSET 13.280493 -4.795113 -6.322941
SCALE 1.000000 1.000000 1.000000
X -0.939419 0.272419 0.208039
Y -0.317007 -0.921345 -0.225013
Z 0.130378 -0.277331 0.951887

PART 61
OFFSET 26.213365 -1.372935 -4.025653
SCALE 1.000000 1.000000 1.000000
X -0.777420 0.400084 0.485337
Y -0.628969 -0.489470 -0.604001
Z -0.004094 -0.774824 0.632164

PART 62
OFFSET 26.847181 -1.017027 -5.399622
SCALE 1.000000 1.000000 1.000000
X -0.892841 0.357192 0.274317
Y -0.445424 -0.610291 -0.655089
Z -0.066580 -0.707078 0.703995

PART 63
OFFSET 24.357029 -1.162203 -8.219314
SCALE 1.000000 1.000000 1.000000
X 0.967433 -0.216101 -0.131808
Y -0.246709 -0.688481 -0.682004
Z 0.056634 0.692311 -0.719373

PART 64
OFFSET 25.344169 -0.958390 -6.997762
SCALE 1.000000 1.000000 1.000000
X 0.989094 0.084784 -0.120434
Y 0.008766 -0.850135 -0.526491
Z -0.147023 0.519694 -0.841607

PART 65
OFFSET 23.419837 -5.853539 -6.009566
SCALE 1.000000 1.000000 1.000000
