// Export time: Fri Jun 17 07:24:15 2022

ANIMATION
VERSION 3

NUMPARTS 85
PART 0 "tag_torso"
PART 1 "j_shoulder_le"
PART 2 "j_shoulder_ri"
PART 3 "tag_weapon"
PART 4 "tag_weapon1"
PART 5 "j_elbow_le"
PART 6 "j_elbow_ri"
PART 7 "j_gun"
PART 8 "j_sleave_reshape_bottom_le_1"
PART 9 "j_sleave_reshape_bottom_le_2"
PART 10 "j_sleave_reshape_top_le_1"
PART 11 "j_sleave_reshape_top_le_2"
PART 12 "j_sleave_reshape_top_le_3"
PART 13 "j_wrist_le"
PART 14 "j_wristtwist_le"
PART 15 "j_sleave_reshape_top_ri_1"
PART 16 "j_sleave_reshape_top_ri_2"
PART 17 "j_sleave_reshape_top_ri_3"
PART 18 "j_wrist_ri"
PART 19 "j_wristtwist_ri"
PART 20 "tag_barrel"
PART 21 "tag_bolt_animate"
PART 22 "tag_brass"
PART 23 "tag_flash"
PART 24 "tag_grip"
PART 25 "tag_handguard"
PART 26 "tag_laser"
PART 27 "tag_mag_release_animate"
PART 28 "tag_sights_off"
PART 29 "tag_sights_on"
PART 30 "tag_stock"
PART 31 "tag_ext_mag_animate"
PART 32 "tag_foregrip"
PART 33 "j_index_le_0"
PART 34 "j_mid_le_0"
PART 35 "j_pinkypalm_le"
PART 36 "j_ringpalm_le"
PART 37 "j_thumb_le_0"
PART 38 "j_webbing_le"
PART 39 "tag_knife_attach"
PART 40 "j_index_ri_0"
PART 41 "j_mid_ri_0"
PART 42 "j_pinkypalm_ri"
PART 43 "j_ringpalm_ri"
PART 44 "j_thumb_ri_0"
PART 45 "j_webbing_ri"
PART 46 "tag_ext_mag_bullet_animate"
PART 47 "j_index_le_1"
PART 48 "j_mid_le_1"
PART 49 "j_pinky_le_0"
PART 50 "j_ring_le_0"
PART 51 "j_thumb_le_1"
PART 52 "j_index_ri_1"
PART 53 "j_mid_ri_1"
PART 54 "j_pinky_ri_0"
PART 55 "j_ring_ri_0"
PART 56 "j_thumb_ri_1"
PART 57 "j_index_le_2"
PART 58 "j_mid_le_2"
PART 59 "j_pinky_le_1"
PART 60 "j_ring_le_1"
PART 61 "j_thumb_le_2"
PART 62 "j_index_ri_2"
PART 63 "j_mid_ri_2"
PART 64 "j_pinky_ri_1"
PART 65 "j_ring_ri_1"
PART 66 "j_thumb_ri_2"
PART 67 "j_index_le_3"
PART 68 "j_mid_le_3"
PART 69 "j_pinky_le_2"
PART 70 "j_ring_le_2"
PART 71 "j_thumb_le_3"
PART 72 "j_index_ri_3"
PART 73 "j_mid_ri_3"
PART 74 "j_pinky_ri_2"
PART 75 "j_ring_ri_2"
PART 76 "j_thumb_ri_3"
PART 77 "j_pinky_le_3"
PART 78 "j_ring_le_3"
PART 79 "j_pinky_ri_3"
PART 80 "j_ring_ri_3"
PART 81 "tag_cambone"
PART 82 "tag_camera"
PART 83 "tag_gasmask"
PART 84 "tag_gasmask2"

FRAMERATE 30
NUMFRAMES 17
FRAME 0
PART 0
OFFSET 0.000000 0.000000 0.000000
SCALE 1.000000 1.000000 1.000000
X 1.000000 0.000000 0.000000
Y 0.000000 1.000000 0.000000
Z 0.000000 0.000000 1.000000

PART 1
OFFSET 2.012414 1.077328 -2.694908
SCALE 1.000000 1.000000 1.000000
X 0.852873 -0.192102 -0.485495
Y -0.061317 -0.960272 0.272247
Z -0.518506 -0.202423 -0.830768

PART 2
OFFSET -4.838444 -7.295656 2.795611
SCALE 1.000000 1.000000 1.000000
X -0.447172 0.494840 0.745098
Y -0.237228 -0.868806 0.434625
Z 0.862415 0.017594 0.505896

PART 3
OFFSET 12.632691 -5.736846 -5.568621
SCALE 1.000000 1.000000 1.000000
X 1.000000 0.000000 -0.000000
Y -0.000000 0.848099 -0.529838
Z 0.000000 0.529838 0.848099

PART 4
OFFSET 13.745596 17.667068 -17.903065
SCALE 1.000000 1.000000 1.000000
X 0.998737 0.041892 -0.027740
Y 0.021387 0.145113 0.989184
Z 0.045465 -0.988528 0.144033

PART 5
OFFSET 12.103546 -1.421493 -8.040285
SCALE 1.000000 1.000000 1.000000
X 0.915114 -0.300063 0.269309
Y -0.312561 -0.106016 0.943963
Z -0.254698 -0.948010 -0.190805

PART 6
OFFSET 0.737104 -14.111846 -6.916505
SCALE 1.000000 1.000000 1.000000
X -0.829205 -0.532774 -0.169029
Y 0.437958 -0.431402 -0.788724
Z 0.347292 -0.728041 0.591053

PART 7
OFFSET 12.632691 -5.736846 -5.568621
SCALE 1.000000 1.000000 1.000000
X 1.000000 0.000000 -0.000000
Y -0.000000 0.848099 -0.529838
Z 0.000000 0.529838 0.848099

PART 8
OFFSET 21.723754 -3.430692 -6.199351
SCALE 1.000000 1.000000 1.000000
X 0.917655 -0.296846 0.264182
Y 0.256586 0.950271 0.176492
Z -0.303435 -0.094173 0.948187

PART 9
OFFSET 21.021463 -4.837210 -6.801146
SCALE 1.000000 1.000000 1.000000
X 0.917655 -0.296846 0.264182
Y 0.256586 0.950271 0.176492
Z -0.303435 -0.094173 0.948187

PART 10
OFFSET 21.382296 -3.962124 -3.681978
SCALE 1.000000 1.000000 1.000000
X 0.917655 -0.296846 0.264182
Y 0.256586 0.950271 0.176492
Z -0.303435 -0.094173 0.948187

PART 11
OFFSET 20.886295 -5.211015 -3.757815
SCALE 1.000000 1.000000 1.000000
X 0.917655 -0.296846 0.264182
Y 0.256586 0.950271 0.176492
Z -0.303435 -0.094173 0.948187

PART 12
OFFSET 20.680286 -5.568828 -4.882633
SCALE 1.000000 1.000000 1.000000
X 0.917655 -0.296846 0.264182
Y 0.256586 0.950271 0.176492
Z -0.303435 -0.094173 0.948187

PART 13
OFFSET 22.654278 -5.071273 -4.876814
SCALE 1.000000 1.000000 1.000000
X 0.917721 0.384020 -0.101573
Y 0.146501 -0.089534 0.985150
Z 0.369223 -0.918974 -0.138427

PART 14
OFFSET 19.887205 -3.973325 -5.748968
SCALE 1.000000 1.000000 1.000000
X 0.915114 -0.300063 0.269309
Y -0.312561 -0.106016 0.943963
Z -0.254698 -0.948010 -0.190805

PART 15
OFFSET 9.006844 -8.489150 -3.519406
SCALE 1.000000 1.000000 1.000000
X -0.832749 -0.528205 -0.165920
Y -0.351210 0.735645 -0.579205
Z 0.427997 -0.424059 -0.798118

PART 16
OFFSET 8.369673 -7.484595 -4.148993
SCALE 1.000000 1.000000 1.000000
X -0.832749 -0.528205 -0.165920
Y -0.351210 0.735645 -0.579205
Z 0.427997 -0.424059 -0.798118

PART 17
OFFSET 8.260844 -7.661712 -5.329036
SCALE 1.000000 1.000000 1.000000
X -0.832749 -0.528205 -0.165920
Y -0.351210 0.735645 -0.579205
Z 0.427997 -0.424059 -0.798118

PART 18
OFFSET 10.325502 -7.846464 -4.924860
SCALE 1.000000 1.000000 1.000000
X -0.969766 -0.242182 0.030041
Y 0.166995 -0.748326 -0.641967
Z 0.177953 -0.617541 0.766144

PART 19
OFFSET 7.791835 -9.578132 -5.478620
SCALE 1.000000 1.000000 1.000000
X -0.829205 -0.532774 -0.169029
Y 0.437958 -0.431402 -0.788724
Z 0.347292 -0.728041 0.591053

PART 20
OFFSET 24.658745 -3.597088 -2.142557
SCALE 1.000000 1.000000 1.000000
X 1.000000 0.000000 -0.000000
Y -0.000000 0.848099 -0.529838
Z 0.000000 0.529838 0.848099

PART 21
OFFSET 16.381108 -3.602286 -2.139313
SCALE 1.000000 1.000000 1.000000
X 1.000000 0.000000 -0.000000
Y -0.000000 0.848099 -0.529838
Z 0.000000 0.529838 0.848099

PART 22
OFFSET 22.809318 -3.912740 -1.965873
SCALE 1.000000 1.000000 1.000000
X 0.000000 -0.469686 0.882833
Y 1.000000 0.000000 0.000000
Z -0.000000 0.882833 0.469686

PART 23
OFFSET 32.016195 -3.597088 -2.142557
SCALE 1.000000 1.000000 1.000000
X 1.000000 0.000000 -0.000000
Y -0.000000 0.848099 -0.529838
Z 0.000000 0.529838 0.848099

PART 24
OFFSET 12.632691 -5.736846 -5.568621
SCALE 1.000000 1.000000 1.000000
X 1.000000 0.000000 -0.000000
Y -0.000000 0.848099 -0.529838
Z 0.000000 0.529838 0.848099

PART 25
OFFSET 25.445880 -3.597088 -2.142557
SCALE 1.000000 1.000000 1.000000
X 1.000000 0.000000 -0.000000
Y -0.000000 0.848099 -0.529838
Z 0.000000 0.529838 0.848099

PART 26
OFFSET 29.772212 -5.225150 -2.102770
SCALE 1.000000 1.000000 1.000000
X 1.000000 0.000000 -0.000000
Y -0.000000 0.848099 -0.529838
Z 0.000000 0.529838 0.848099

PART 27
OFFSET 21.485495 -1.616952 -3.671949
SCALE 1.000000 1.000000 1.000000
X 1.000000 0.000000 -0.000000
Y -0.000000 0.848099 -0.529838
Z 0.000000 0.529838 0.848099

PART 28
OFFSET 12.194245 -3.067801 -1.295342
SCALE 1.000000 1.000000 1.000000
X 1.000000 0.000000 -0.000000
Y -0.000000 0.848099 -0.529838
Z 0.000000 0.529838 0.848099

PART 29
OFFSET 12.194245 -3.067801 -1.295342
SCALE 1.000000 1.000000 1.000000
X 1.000000 0.000000 -0.000000
Y -0.000000 0.848099 -0.529838
Z 0.000000 0.529838 0.848099

PART 30
OFFSET 11.699417 -4.455172 -3.517078
SCALE 1.000000 1.000000 1.000000
X 1.000000 0.000000 -0.000000
Y -0.000000 0.848099 -0.529838
Z 0.000000 0.529838 0.848099

PART 31
OFFSET 22.779015 -0.217072 -4.241229
SCALE 1.000000 1.000000 1.000000
X 1.000000 0.000000 -0.000000
Y -0.000000 0.848099 -0.529838
Z 0.000000 0.529838 0.848099

PART 32
OFFSET 25.624817 -3.571623 -2.102803
SCALE 1.000000 1.000000 1.000000
X 1.000000 0.000000 -0.000000
Y -0.000000 0.848099 -0.529838
Z 0.000000 0.529838 0.848099

PART 33
OFFSET 26.272712 -3.412263 -4.446486
SCALE 1.000000 1.000000 1.000000
X 0.625864 -0.695121 0.353696
Y -0.740121 -0.672371 -0.011772
Z 0.245998 -0.254410 -0.935286

PART 34
OFFSET 26.101857 -3.427255 -5.580111
SCALE 1.000000 1.000000 1.000000
X 0.462185 -0.690958 0.555844
Y -0.818731 -0.573293 -0.031872
Z 0.340683 -0.440355 -0.830676

PART 35
OFFSET 23.338975 -4.770093 -6.387837
SCALE 1.000000 1.000000 1.000000
X 0.992152 -0.089762 -0.087053
Y -0.033584 -0.861901 0.505963
Z -0.120447 -0.499069 -0.858151

PART 36
OFFSET 23.510821 -4.552221 -5.487167
SCALE 1.000000 1.000000 1.000000
X 0.957055 0.158259 -0.242900
Y 0.204644 -0.962262 0.179366
Z -0.205347 -0.221371 -0.953324

PART 37
OFFSET 23.376438 -5.361901 -4.094954
SCALE 1.000000 1.000000 1.000000
X 0.902427 -0.193324 0.385034
Y -0.409903 -0.110029 0.905468
Z -0.132684 -0.974946 -0.178537

PART 38
OFFSET 25.913854 -4.522193 -3.699945
SCALE 1.000000 1.000000 1.000000
X 0.937816 0.123118 -0.324565
Y -0.080605 0.986670 0.141369
Z 0.337644 -0.106416 0.935239

PART 39
OFFSET 25.626085 -5.382280 -5.894060
SCALE 1.000000 1.000000 1.000000
X -0.462809 -0.052585 -0.884897
Y -0.369160 0.918994 0.138463
Z 0.805934 0.390750 -0.444731

PART 40
OFFSET 14.023925 -6.591793 -4.251334
SCALE 1.000000 1.000000 1.000000
X -0.980672 -0.195146 -0.014153
Y 0.113393 -0.625804 0.771693
Z -0.159450 0.755173 0.635837

PART 41
OFFSET 14.155744 -7.256725 -5.155805
SCALE 1.000000 1.000000 1.000000
X 0.009741 -0.901450 0.432774
Y 0.999355 0.023739 0.026953
Z -0.034570 0.432232 0.901099

PART 42
OFFSET 11.263083 -8.363627 -5.822210
SCALE 1.000000 1.000000 1.000000
X -0.895366 -0.260663 0.361074
Y 0.440775 -0.634408 0.635015
Z 0.063543 0.727723 0.682921

PART 43
OFFSET 11.376299 -7.839614 -5.310455
SCALE 1.000000 1.000000 1.000000
X -0.978553 -0.083965 0.188108
Y 0.200491 -0.597908 0.776086
Z 0.047307 0.797155 0.601919

PART 44
OFFSET 10.621302 -6.872751 -4.758833
SCALE 1.000000 1.000000 1.000000
X -0.470451 -0.878292 0.085318
Y 0.770616 -0.456021 -0.445193
Z 0.429916 -0.143694 0.891361

PART 45
OFFSET 6.243663 -8.552604 -3.846323
SCALE 1.000000 1.000000 1.000000
X -0.895266 -0.254867 0.365434
Y -0.445383 0.490757 -0.748860
Z 0.011521 -0.833187 -0.552872

PART 46
OFFSET 22.779015 -3.828828 -1.984832
SCALE 1.000000 1.000000 1.000000
X 1.000000 0.000000 -0.000000
Y -0.000000 0.848099 -0.529838
Z 0.000000 0.529838 0.848099

PART 47
OFFSET 27.284932 -4.703871 -3.796116
SCALE 1.000000 1.000000 1.000000
X -0.429555 -0.831644 0.351924
Y -0.849283 0.239590 -0.470442
Z 0.306923 -0.500964 -0.809218

PART 48
OFFSET 27.001989 -4.771958 -4.493713
SCALE 1.000000 1.000000 1.000000
X -0.359409 -0.846839 0.392031
Y -0.933170 0.324188 -0.155229
Z 0.004362 -0.421622 -0.906761

PART 49
OFFSET 25.583597 -4.937717 -6.448756
SCALE 1.000000 1.000000 1.000000
X 0.895114 -0.318755 0.311714
Y -0.432320 -0.791421 0.432148
Z 0.108947 -0.521582 -0.846217

PART 50
OFFSET 25.967478 -4.174725 -6.241443
SCALE 1.000000 1.000000 1.000000
X 0.682533 -0.491541 0.540866
Y -0.701652 -0.647804 0.296706
Z 0.204532 -0.582011 -0.787038

PART 51
OFFSET 25.323336 -5.819558 -3.160638
SCALE 1.000000 1.000000 1.000000
X 0.988898 -0.024579 -0.146549
Y 0.141080 -0.154389 0.977886
Z -0.046661 -0.987704 -0.149208

PART 52
OFFSET 15.670839 -6.025623 -4.335875
SCALE 1.000000 1.000000 1.000000
X 0.048113 -0.945828 0.321084
Y 0.941211 0.150542 0.302420
Z -0.334374 0.287658 0.897467

PART 53
OFFSET 14.107522 -5.481372 -6.001248
SCALE 1.000000 1.000000 1.000000
X 0.895851 -0.421615 0.140327
Y 0.406382 0.649634 -0.642518
Z 0.179734 0.632627 0.753312

PART 54
OFFSET 13.437362 -7.735272 -6.500641
SCALE 1.000000 1.000000 1.000000
X 0.016876 -0.855938 0.516803
Y 0.983039 -0.080200 -0.164929
Z 0.182617 0.510821 0.840068

PART 55
OFFSET 13.909822 -7.722120 -5.906107
SCALE 1.000000 1.000000 1.000000
X -0.094846 -0.873729 0.477077
Y 0.927590 -0.251528 -0.276243
Z 0.361360 0.416331 0.834319

PART 56
OFFSET 11.575369 -4.889608 -4.963368
SCALE 1.000000 1.000000 1.000000
X -0.870585 -0.460011 0.174560
Y 0.414076 -0.876638 -0.245047
Z 0.265750 -0.141053 0.953667

PART 57
OFFSET 26.443346 -5.342938 -3.496000
SCALE 1.000000 1.000000 1.000000
X -0.984603 0.089767 -0.149994
Y 0.169261 0.703950 -0.689786
Z 0.043668 -0.704553 -0.708306

PART 58
OFFSET 26.229835 -5.876735 -4.008650
SCALE 1.000000 1.000000 1.000000
X -0.931865 0.191017 -0.308450
Y 0.314514 0.849128 -0.424338
Z 0.180857 -0.492438 -0.851349

PART 59
OFFSET 26.872259 -5.414436 -5.994325
SCALE 1.000000 1.000000 1.000000
X -0.038817 -0.729764 0.682597
Y -0.964782 -0.150489 -0.215751
Z 0.260171 -0.666932 -0.698221

PART 60
OFFSET 27.156610 -5.056834 -5.322961
SCALE 1.000000 1.000000 1.000000
X -0.495316 -0.616033 0.612508
Y -0.856819 0.230163 -0.461395
Z 0.143257 -0.753345 -0.641832

PART 61
OFFSET 26.840394 -5.942448 -3.640659
SCALE 1.000000 1.000000 1.000000
X 0.787543 -0.156025 -0.596182
Y 0.606062 0.020817 0.795145
Z -0.111651 -0.987534 0.110955

PART 62
OFFSET 15.526531 -4.866508 -4.676104
SCALE 1.000000 1.000000 1.000000
X 0.456780 -0.829500 0.321376
Y 0.839086 0.521736 0.154033
Z -0.295444 0.199303 0.934340

PART 63
OFFSET 12.769113 -4.906725 -6.174490
SCALE 1.000000 1.000000 1.000000
X 0.829039 0.316474 -0.461020
Y -0.539691 0.668656 -0.511501
Z 0.146387 0.672862 0.725139

PART 64
OFFSET 13.419724 -6.557143 -7.217285
SCALE 1.000000 1.000000 1.000000
X 0.611847 -0.780381 0.129030
Y 0.768447 0.547802 -0.330761
Z 0.187436 0.301528 0.934852

PART 65
OFFSET 14.069887 -6.224541 -6.715499
SCALE 1.000000 1.000000 1.000000
X 0.786446 -0.616669 -0.034962
Y 0.509720 0.679938 -0.527134
Z 0.348839 0.396742 0.849063

PART 66
OFFSET 13.013020 -4.492314 -5.334018
SCALE 1.000000 1.000000 1.000000
X -0.916613 0.278094 0.287200
Y -0.319795 -0.941159 -0.109325
Z 0.239898 -0.192054 0.951611

PART 67
OFFSET 25.331235 -5.241583 -3.665384
SCALE 1.000000 1.000000 1.000000
X 0.179944 -0.863266 0.471585
Y 0.975158 0.219508 0.029730
Z -0.129182 0.454520 0.881319

PART 68
OFFSET 25.175487 -5.664480 -4.363722
SCALE 1.000000 1.000000 1.000000
X 0.501253 -0.655010 0.565427
Y 0.851549 0.489440 -0.187918
Z -0.153654 0.575683 0.803106

PART 69
OFFSET 26.791363 -6.114523 -5.347437
SCALE 1.000000 1.000000 1.000000
X -0.995883 -0.074675 -0.051380
Y -0.005402 0.614725 -0.788723
Z 0.090482 -0.785198 -0.612598

PART 70
OFFSET 26.322435 -5.860578 -4.575628
SCALE 1.000000 1.000000 1.000000
X -0.936947 0.041989 -0.346941
Y 0.272343 0.709844 -0.649577
Z 0.218999 -0.703106 -0.676521

PART 71
OFFSET 27.697256 -6.156040 -4.266759
SCALE 1.000000 1.000000 1.000000
X 0.777986 0.523447 -0.347478
Y -0.551275 0.834030 0.022119
Z 0.301385 0.174348 0.937427

PART 72
OFFSET 15.010648 -3.929592 -5.039058
SCALE 1.000000 1.000000 1.000000
X -0.989267 -0.144750 0.019933
Y -0.141331 0.913296 -0.381989
Z 0.037088 -0.380707 -0.923952

PART 73
OFFSET 11.828757 -5.269459 -5.657808
SCALE 1.000000 1.000000 1.000000
X -0.300964 -0.715400 0.630574
Y -0.933493 0.356194 -0.041433
Z -0.194966 -0.601106 -0.775023

PART 74
OFFSET 12.872756 -5.861773 -7.331249
SCALE 1.000000 1.000000 1.000000
X 0.920778 0.038901 -0.388144
Y -0.118325 0.975988 -0.182882
Z 0.371709 0.214321 0.903271

PART 75
OFFSET 12.949952 -5.396331 -6.660582
SCALE 1.000000 1.000000 1.000000
X 0.918457 0.196886 -0.343035
Y -0.323323 0.873292 -0.364450
Z 0.227815 0.445642 0.865739

PART 76
OFFSET 13.998750 -4.768259 -5.686273
SCALE 1.000000 1.000000 1.000000
X -0.896640 0.134667 -0.421783
Y 0.442751 0.266853 -0.856014
Z -0.002723 -0.954282 -0.298896

PART 77
OFFSET 25.845249 -6.185466 -5.396248
SCALE 1.000000 1.000000 1.000000
X 0.751829 -0.214323 0.623554
Y 0.648238 0.413209 -0.639567
Z -0.120584 0.885056 0.449595

PART 78
OFFSET 25.306346 -5.815073 -4.951853
SCALE 1.000000 1.000000 1.000000
X 0.623762 -0.477587 0.618735
Y 0.750857 0.586019 -0.304624
Z -0.217106 0.654594 0.724135

PART 79
OFFSET 11.997982 -5.898734 -6.962511
SCALE 1.000000 1.000000 1.000000
X -0.684066 -0.673523 0.280036
Y -0.635074 0.738791 0.225542
Z -0.358796 -0.023558 -0.933119

PART 80
OFFSET 11.953849 -5.609802 -6.288550
SCALE 1.000000 1.000000 1.000000
X -0.555461 -0.635993 0.535702
Y -0.800526 0.583299 -0.137551
Z -0.224993 -0.505247 -0.833129

PART 81
OFFSET 0.000000 0.000000 0.000000
SCALE 1.000000 1.000000 1.000000
X 1.000000 0.000000 0.000000
Y 0.000000 1.000000 0.000000
Z 0.000000 0.000000 1.000000

PART 82
OFFSET 0.000000 0.000000 0.000000
SCALE 1.000000 1.000000 1.000000
X 1.000000 0.000000 0.000000
Y 0.000000 1.000000 0.000000
Z 0.000000 0.000000 1.000000

PART 83
OFFSET 1.540551 0.000000 4.135827
SCALE 1.000000 1.000000 1.000000
X 1.000000 0.000000 0.000000
Y 0.000000 1.000000 0.000000
Z 0.000000 0.000000 1.000000

PART 84
OFFSET -4.631835 0.000000 -1.376957
SCALE 1.000000 1.000000 1.000000
X 1.000000 0.000000 0.000000
Y 0.000000 1.000000 0.000000
Z 0.000000 0.000000 1.000000

FRAME 1
PART 0
OFFSET 0.000000 0.000000 0.000000
SCALE 1.000000 1.000000 1.000000
X 1.000000 0.000000 0.000000
Y 0.000000 1.000000 0.000000
Z 0.000000 0.000000 1.000000

PART 1
OFFSET 2.357613 0.996304 -2.424884
SCALE 1.000000 1.000000 1.000000
X 0.781355 -0.132154 -0.609934
Y 0.066033 -0.954330 0.291364
Z -0.620584 -0.267935 -0.736944

PART 2
OFFSET -4.817703 -7.300220 2.801797
SCALE 1.000000 1.000000 1.000000
X -0.440883 0.493066 0.750005
Y -0.232203 -0.869810 0.435330
Z 0.867009 0.017776 0.497976

PART 3
OFFSET 12.579859 -5.676799 -5.474988
SCALE 1.000000 1.000000 1.000000
X 0.999929 -0.011321 -0.003781
Y 0.008484 0.897001 -0.441948
Z 0.008395 0.441884 0.897033

PART 4
OFFSET 13.745596 17.667068 -17.903065
SCALE 1.000000 1.000000 1.000000
X 0.998737 0.041892 -0.027740
Y 0.021387 0.145113 0.989184
Z 0.045465 -0.988528 0.144033

PART 5
OFFSET 11.788438 -0.615903 -9.753488
SCALE 1.000000 1.000000 1.000000
X 0.886710 -0.282569 0.365925
Y -0.386344 -0.018148 0.922176
Z -0.253937 -0.959075 -0.125260

PART 6
OFFSET 0.680278 -14.100054 -6.979324
SCALE 1.000000 1.000000 1.000000
X -0.827691 -0.536228 -0.165492
Y 0.434968 -0.426675 -0.792938
Z 0.354584 -0.728292 0.586397

PART 7
OFFSET 12.579859 -5.676799 -5.474988
SCALE 1.000000 1.000000 1.000000
X 0.999929 -0.011321 -0.003781
Y 0.008484 0.897001 -0.441948
Z 0.008395 0.441884 0.897033

PART 8
OFFSET 21.204617 -2.534739 -6.991610
SCALE 1.000000 1.000000 1.000000
X 0.889690 -0.279846 0.360747
Y 0.256964 0.960026 0.110996
Z -0.377388 -0.006053 0.926035

PART 9
OFFSET 20.529150 -3.983482 -7.519387
SCALE 1.000000 1.000000 1.000000
X 0.889690 -0.279846 0.360747
Y 0.256964 0.960026 0.110996
Z -0.377388 -0.006053 0.926035

PART 10
OFFSET 20.660970 -2.835078 -4.471605
SCALE 1.000000 1.000000 1.000000
X 0.889690 -0.279846 0.360747
Y 0.256964 0.960026 0.110996
Z -0.377388 -0.006053 0.926035

PART 11
OFFSET 20.152879 -4.081405 -4.474935
SCALE 1.000000 1.000000 1.000000
X 0.889690 -0.279846 0.360747
Y 0.256964 0.960026 0.110996
Z -0.377388 -0.006053 0.926035

PART 12
OFFSET 20.029032 -4.536953 -5.576217
SCALE 1.000000 1.000000 1.000000
X 0.889690 -0.279846 0.360747
Y 0.256964 0.960026 0.110996
Z -0.377388 -0.006053 0.926035

PART 13
OFFSET 21.981775 -4.082604 -5.495262
SCALE 1.000000 1.000000 1.000000
X 0.966184 0.110787 0.232840
Y -0.149157 -0.496457 0.855151
Z 0.210335 -0.860963 -0.463144

PART 14
OFFSET 19.330450 -3.018871 -6.640432
SCALE 1.000000 1.000000 1.000000
X 0.886710 -0.282569 0.365925
Y -0.386344 -0.018148 0.922176
Z -0.253937 -0.959075 -0.125260

PART 15
OFFSET 8.944401 -8.448554 -3.616523
SCALE 1.000000 1.000000 1.000000
X -0.831237 -0.531686 -0.162344
Y -0.358463 0.735837 -0.574499
Z 0.424912 -0.419350 -0.802244

PART 16
OFFSET 8.298365 -7.445031 -4.238679
SCALE 1.000000 1.000000 1.000000
X -0.831237 -0.531686 -0.162344
Y -0.358463 0.735837 -0.574499
Z 0.424912 -0.419350 -0.802244

PART 17
OFFSET 8.182827 -7.618787 -5.418584
SCALE 1.000000 1.000000 1.000000
X -0.831237 -0.531686 -0.162344
Y -0.358463 0.735837 -0.574499
Z 0.424912 -0.419350 -0.802244

PART 18
OFFSET 10.248281 -7.818928 -5.039155
SCALE 1.000000 1.000000 1.000000
X -0.972531 -0.232591 0.009191
Y 0.156277 -0.681681 -0.714765
Z 0.172513 -0.693695 0.699304

PART 19
OFFSET 7.722123 -9.536955 -5.571534
SCALE 1.000000 1.000000 1.000000
X -0.827691 -0.536228 -0.165492
Y 0.434968 -0.426675 -0.792938
Z 0.354584 -0.728292 0.586397

PART 20
OFFSET 24.638961 -4.028489 -1.896778
SCALE 1.000000 1.000000 1.000000
X 0.999929 -0.011321 -0.003781
Y 0.008484 0.897001 -0.441948
Z 0.008395 0.441884 0.897033

PART 21
OFFSET 16.361861 -3.940278 -1.862775
SCALE 1.000000 1.000000 1.000000
X 0.999929 -0.011321 -0.003781
Y 0.008484 0.897001 -0.441948
Z 0.008395 0.441884 0.897033

PART 22
OFFSET 22.786454 -4.339343 -1.745709
SCALE 1.000000 1.000000 1.000000
X -0.003152 -0.556006 0.831172
Y 0.999929 -0.011321 -0.003781
Z 0.011512 0.831101 0.556002

PART 23
OFFSET 31.995887 -4.111779 -1.924596
SCALE 1.000000 1.000000 1.000000
X 0.999929 -0.011321 -0.003781
Y 0.008484 0.897001 -0.441948
Z 0.008395 0.441884 0.897033

PART 24
OFFSET 12.579859 -5.676799 -5.474988
SCALE 1.000000 1.000000 1.000000
X 0.999929 -0.011321 -0.003781
Y 0.008484 0.897001 -0.441948
Z 0.008395 0.441884 0.897033

PART 25
OFFSET 25.426039 -4.037400 -1.899754
SCALE 1.000000 1.000000 1.000000
X 0.999929 -0.011321 -0.003781
Y 0.008484 0.897001 -0.441948
Z 0.008395 0.441884 0.897033

PART 26
OFFSET 29.733212 -5.710089 -2.040093
SCALE 1.000000 1.000000 1.000000
X 0.999929 -0.011321 -0.003781
Y 0.008484 0.897001 -0.441948
Z 0.008395 0.441884 0.897033

PART 27
OFFSET 21.484979 -1.868874 -3.207484
SCALE 1.000000 1.000000 1.000000
X 0.999929 -0.011321 -0.003781
Y 0.008484 0.897001 -0.441948
Z 0.008395 0.441884 0.897033

PART 28
OFFSET 12.183735 -3.445959 -0.953552
SCALE 1.000000 1.000000 1.000000
X 0.999929 -0.011321 -0.003781
Y 0.008484 0.897001 -0.441948
Z 0.008395 0.441884 0.897033

PART 29
OFFSET 12.183735 -3.445959 -0.953552
SCALE 1.000000 1.000000 1.000000
X 0.999929 -0.011321 -0.003781
Y 0.008484 0.897001 -0.441948
Z 0.008395 0.441884 0.897033

PART 30
OFFSET 11.666958 -4.597321 -3.301545
SCALE 1.000000 1.000000 1.000000
X 0.999929 -0.011321 -0.003781
Y 0.008484 0.897001 -0.441948
Z 0.008395 0.441884 0.897033

PART 31
OFFSET 22.793211 -0.433600 -3.638128
SCALE 1.000000 1.000000 1.000000
X 0.999929 -0.011321 -0.003781
Y 0.008484 0.897001 -0.441948
Z 0.008395 0.441884 0.897033

PART 32
OFFSET 25.605365 -4.018086 -1.858320
SCALE 1.000000 1.000000 1.000000
X 0.999929 -0.011321 -0.003781
Y 0.008484 0.897001 -0.441948
Z 0.008395 0.441884 0.897033

PART 33
OFFSET 25.594164 -3.773823 -3.780989
SCALE 1.000000 1.000000 1.000000
X 0.748438 -0.659979 0.065337
Y -0.565553 -0.686587 -0.456890
Z 0.346398 0.305002 -0.887120

PART 34
OFFSET 25.707575 -3.341584 -4.814310
SCALE 1.000000 1.000000 1.000000
X 0.582695 -0.804469 0.115312
Y -0.722829 -0.577875 -0.378918
Z 0.371464 0.137443 -0.918218

PART 35
OFFSET 23.128310 -3.427398 -6.605111
SCALE 1.000000 1.000000 1.000000
X 0.929387 -0.365570 -0.050973
Y -0.349907 -0.916561 0.193598
Z -0.117494 -0.162092 -0.979756

PART 36
OFFSET 23.066520 -3.663335 -5.642565
SCALE 1.000000 1.000000 1.000000
X 0.999473 0.015098 -0.028728
Y 0.008832 -0.978325 -0.206889
Z -0.031229 0.206526 -0.977943

PART 37
OFFSET 22.463777 -4.844285 -4.784569
SCALE 1.000000 1.000000 1.000000
X 0.715028 -0.468771 0.518641
Y -0.692921 -0.376838 0.614698
Z -0.092709 -0.798903 -0.594272

PART 38
OFFSET 24.836148 -4.990821 -3.667957
SCALE 1.000000 1.000000 1.000000
X 0.996410 -0.039147 -0.075064
Y 0.073816 0.835897 0.543901
Z 0.041454 -0.547489 0.835786

PART 39
OFFSET 25.002184 -4.826693 -6.030625
SCALE 1.000000 1.000000 1.000000
X -0.203610 0.424832 -0.882077
Y -0.210281 0.860948 0.463195
Z 0.956203 0.279795 -0.085963

PART 40
OFFSET 13.963312 -6.682017 -4.256761
SCALE 1.000000 1.000000 1.000000
X -0.982986 -0.181212 -0.029996
Y 0.107871 -0.701719 0.704240
Z -0.148666 0.689023 0.709328

PART 41
OFFSET 14.084730 -7.253851 -5.224150
SCALE 1.000000 1.000000 1.000000
X 0.000016 -0.940548 0.339661
Y 0.999636 0.009183 0.025379
Z -0.026989 0.339537 0.940205

PART 42
OFFSET 11.177196 -8.253923 -5.987653
SCALE 1.000000 1.000000 1.000000
X -0.897491 -0.285234 0.336381
Y 0.434764 -0.700333 0.566139
Z 0.074097 0.654351 0.752552

PART 43
OFFSET 11.298062 -7.785551 -5.426122
SCALE 1.000000 1.000000 1.000000
X -0.978996 -0.091032 0.182426
Y 0.195309 -0.675431 0.711089
Z 0.058485 0.731783 0.679024

PART 44
OFFSET 10.556228 -6.870456 -4.776956
SCALE 1.000000 1.000000 1.000000
X -0.480774 -0.876843 -0.001848
Y 0.763891 -0.417806 -0.491842
Z 0.430496 -0.237877 0.870682

PART 45
OFFSET 6.161079 -8.582327 -4.021662
SCALE 1.000000 1.000000 1.000000
X -0.897308 -0.279905 0.341308
Y -0.441405 0.568959 -0.693864
Z 0.000026 -0.773265 -0.634083

PART 46
OFFSET 22.757080 -4.253612 -1.756027
SCALE 1.000000 1.000000 1.000000
X 0.999929 -0.011321 -0.003781
Y 0.008484 0.897001 -0.441948
Z 0.008395 0.441884 0.897033

PART 47
OFFSET 26.955474 -4.841228 -3.650542
SCALE 1.000000 1.000000 1.000000
X 0.269340 -0.960331 -0.072257
Y -0.858698 -0.205511 -0.469472
Z 0.435998 0.188495 -0.879986

PART 48
OFFSET 26.855932 -4.840996 -4.583396
SCALE 1.000000 1.000000 1.000000
X 0.315510 -0.945016 -0.086009
Y -0.948681 -0.316176 -0.006117
Z -0.021413 0.083525 -0.996276

PART 49
OFFSET 25.195338 -4.334748 -6.538423
SCALE 1.000000 1.000000 1.000000
X 0.914065 -0.391039 0.107583
Y -0.405322 -0.871550 0.275889
Z -0.014120 -0.295786 -0.955150

PART 50
OFFSET 25.658364 -3.588333 -5.850782
SCALE 1.000000 1.000000 1.000000
X 0.766951 -0.590056 0.252231
Y -0.598277 -0.799635 -0.051462
Z 0.232058 -0.111435 -0.966298

PART 51
OFFSET 23.884379 -5.896165 -3.619806
SCALE 1.000000 1.000000 1.000000
X 0.858155 -0.338194 0.386257
Y -0.505900 -0.429006 0.748344
Z -0.087379 -0.837603 -0.539246

PART 52
OFFSET 15.616702 -6.129557 -4.290108
SCALE 1.000000 1.000000 1.000000
X 0.037555 -0.973884 0.223920
Y 0.943749 0.108232 0.312448
Z -0.328524 0.199591 0.923166

PART 53
OFFSET 14.055682 -5.401851 -5.886136
SCALE 1.000000 1.000000 1.000000
X 0.891071 -0.444091 0.093678
Y 0.412490 0.706306 -0.575312
Z 0.189325 0.551285 0.812552

PART 54
OFFSET 13.357100 -7.585884 -6.607598
SCALE 1.000000 1.000000 1.000000
X 0.007919 -0.903829 0.427820
Y 0.981566 -0.074676 -0.175932
Z 0.190960 0.421327 0.886577

PART 55
OFFSET 13.831246 -7.638292 -6.016581
SCALE 1.000000 1.000000 1.000000
X -0.104112 -0.916212 0.386931
Y 0.923765 -0.233243 -0.303737
Z 0.368536 0.325811 0.870648

PART 56
OFFSET 11.533581 -4.888119 -4.784199
SCALE 1.000000 1.000000 1.000000
X -0.875603 -0.465031 0.130634
Y 0.402836 -0.852252 -0.333751
Z 0.266538 -0.239609 0.933566

PART 57
OFFSET 27.059228 -6.039291 -3.696602
SCALE 1.000000 1.000000 1.000000
X -0.385392 -0.907160 -0.168920
Y -0.793214 0.419224 -0.441658
Z 0.471470 -0.036222 -0.881138

PART 58
OFFSET 27.312924 -6.218315 -4.657830
SCALE 1.000000 1.000000 1.000000
X -0.506857 -0.861587 -0.027639
Y -0.861535 0.507393 -0.017638
Z 0.029221 0.014872 -0.999462

PART 59
OFFSET 26.430306 -4.861601 -6.406643
SCALE 1.000000 1.000000 1.000000
X 0.575201 -0.725098 0.378651
Y -0.807362 -0.577679 0.120222
Z 0.131566 -0.374861 -0.917698

PART 60
OFFSET 26.910745 -4.513999 -5.480911
SCALE 1.000000 1.000000 1.000000
X 0.114724 -0.940859 0.318784
Y -0.960606 -0.186840 -0.205736
Z 0.253130 -0.282622 -0.925230

PART 61
OFFSET 25.313555 -6.498879 -3.165897
SCALE 1.000000 1.000000 1.000000
X 0.895045 -0.436907 0.089474
Y -0.219337 -0.256562 0.941312
Z -0.388310 -0.862142 -0.325464

PART 62
OFFSET 15.485479 -4.940430 -4.511206
SCALE 1.000000 1.000000 1.000000
X 0.447593 -0.862978 0.234371
Y 0.845714 0.493670 0.202626
Z -0.290564 0.107517 0.950796

PART 63
OFFSET 12.723844 -4.797012 -5.995441
SCALE 1.000000 1.000000 1.000000
X 0.831577 0.351610 -0.429942
Y -0.532937 0.723109 -0.439423
Z 0.156389 0.594546 0.788707

PART 64
OFFSET 13.351776 -6.341367 -7.201759
SCALE 1.000000 1.000000 1.000000
X 0.602739 -0.796531 0.047368
Y 0.774119 0.569319 -0.276794
Z 0.193507 0.203503 0.959761

PART 65
OFFSET 14.007216 -6.068705 -6.671495
SCALE 1.000000 1.000000 1.000000
X 0.778866 -0.619175 -0.099953
Y 0.516490 0.723608 -0.457853
Z 0.355819 0.304981 0.883391

PART 66
OFFSET 12.974936 -4.472355 -5.118417
SCALE 1.000000 1.000000 1.000000
X -0.912438 0.258441 0.317278
Y -0.331399 -0.921522 -0.202413
Z 0.240067 -0.289835 0.926479

PART 67
OFFSET 26.623969 -7.063943 -3.887376
SCALE 1.000000 1.000000 1.000000
X 0.974285 -0.093388 0.205054
Y 0.064161 0.987374 0.144830
Z -0.215990 -0.127949 0.967976

PART 68
OFFSET 26.739684 -7.194380 -4.696198
SCALE 1.000000 1.000000 1.000000
X 0.936639 0.335545 0.100583
Y -0.329918 0.941510 -0.068649
Z -0.117735 0.031116 0.992558

PART 69
OFFSET 26.940924 -5.504690 -6.068522
SCALE 1.000000 1.000000 1.000000
X -0.429011 -0.812729 0.394234
Y -0.892491 0.314064 -0.323765
Z 0.139318 -0.490749 -0.860091

PART 70
OFFSET 27.015076 -5.847430 -5.073236
SCALE 1.000000 1.000000 1.000000
X -0.707335 -0.699574 -0.101355
Y -0.654840 0.702488 -0.278738
Z 0.266199 -0.130790 -0.955004

PART 71
OFFSET 26.259952 -7.015200 -3.068016
SCALE 1.000000 1.000000 1.000000
X 0.864930 0.178388 0.469120
Y -0.156273 0.983960 -0.086037
Z -0.476943 0.001105 0.878934

PART 72
OFFSET 14.979973 -3.965705 -4.775888
SCALE 1.000000 1.000000 1.000000
X -0.990884 -0.134414 0.009029
Y -0.131318 0.948755 -0.287436
Z 0.030069 -0.286002 -0.957757

PART 73
OFFSET 11.780546 -5.198951 -5.514358
SCALE 1.000000 1.000000 1.000000
X -0.307904 -0.771764 0.556395
Y -0.929239 0.369475 -0.001741
Z -0.204231 -0.517560 -0.830916

PART 74
OFFSET 12.812927 -5.631687 -7.242954
SCALE 1.000000 1.000000 1.000000
X 0.920158 0.067049 -0.385763
Y -0.107040 0.990775 -0.083116
Z 0.376632 0.117771 0.918846

PART 75
OFFSET 12.897487 -5.237186 -6.529089
SCALE 1.000000 1.000000 1.000000
X 0.919859 0.219696 -0.324950
Y -0.313733 0.909322 -0.273322
Z 0.235436 0.353365 0.905374

PART 76
OFFSET 13.956339 -4.722909 -5.500467
SCALE 1.000000 1.000000 1.000000
X -0.896058 0.187016 -0.402622
Y 0.443683 0.346605 -0.826444
Z -0.015007 -0.919179 -0.393554

PART 77
OFFSET 26.533354 -6.276803 -5.693989
SCALE 1.000000 1.000000 1.000000
X 0.867945 0.495925 0.026998
Y -0.380135 0.698312 -0.606513
Z -0.319638 0.516157 0.794615

PART 78
OFFSET 26.248024 -6.606116 -5.183148
SCALE 1.000000 1.000000 1.000000
X 0.967684 0.164861 0.190810
Y -0.141479 0.981320 -0.130362
Z -0.208737 0.099154 0.972932

PART 79
OFFSET 11.938741 -5.695389 -6.876478
SCALE 1.000000 1.000000 1.000000
X -0.691392 -0.690265 0.213332
Y -0.625535 0.719673 0.301291
Z -0.361499 0.074864 -0.929362

PART 80
OFFSET 11.899864 -5.475396 -6.176665
SCALE 1.000000 1.000000 1.000000
X -0.561675 -0.680219 0.470981
Y -0.793799 0.603540 -0.074989
Z -0.233247 -0.415984 -0.878950

PART 81
OFFSET 0.000000 0.000000 0.000000
SCALE 1.000000 1.000000 1.000000
X 1.000000 0.000000 0.000000
Y 0.000000 1.000000 0.000000
Z 0.000000 0.000000 1.000000

PART 82
OFFSET 0.000000 0.000000 0.000000
SCALE 1.000000 1.000000 1.000000
X 1.000000 0.000000 0.000000
Y 0.000000 1.000000 0.000000
Z 0.000000 0.000000 1.000000

PART 83
OFFSET 1.540551 0.000000 4.135827
SCALE 1.000000 1.000000 1.000000
X 1.000000 0.000000 0.000000
Y 0.000000 1.000000 0.000000
Z 0.000000 0.000000 1.000000

PART 84
OFFSET -4.631835 0.000000 -1.376957
SCALE 1.000000 1.000000 1.000000
X 1.000000 0.000000 0.000000
Y 0.000000 1.000000 0.000000
Z 0.000000 0.000000 1.000000

FRAME 2
PART 0
OFFSET 0.000000 0.000000 0.000000
SCALE 1.000000 1.000000 1.000000
X 1.000000 0.000000 0.000000
Y 0.000000 1.000000 0.000000
Z 0.000000 0.000000 1.000000

PART 1
OFFSET 2.933958 1.004235 -2.142742
SCALE 1.000000 1.000000 1.000000
X 0.629899 -0.056800 -0.774597
Y 0.268047 -0.920147 0.285448
Z -0.728956 -0.387432 -0.564375

PART 2
OFFSET -4.766876 -7.320418 2.822758
SCALE 1.000000 1.000000 1.000000
X -0.425344 0.485936 0.763511
Y -0.219790 -0.873836 0.433709
Z 0.877938 0.016663 0.478485

PART 3
OFFSET 12.432748 -5.587007 -5.291124
SCALE 1.000000 1.000000 1.000000
X 0.999109 -0.040044 -0.013366
Y 0.035610 0.969465 -0.242632
Z 0.022674 0.241940 0.970026

PART 4
OFFSET 13.745596 17.667068 -17.903065
SCALE 1.000000 1.000000 1.000000
X 0.998737 0.041892 -0.027740
Y 0.021387 0.145113 0.989184
Z 0.045465 -0.988528 0.144033

PART 5
OFFSET 10.681693 0.446100 -12.080315
SCALE 1.000000 1.000000 1.000000
X 0.875588 -0.198728 0.440288
Y -0.437516 0.060097 0.897200
Z -0.204759 -0.978210 -0.034326

PART 6
OFFSET 0.541886 -14.047970 -7.153151
SCALE 1.000000 1.000000 1.000000
X -0.822165 -0.545962 -0.161153
Y 0.429999 -0.410131 -0.804297
Z 0.373022 -0.730560 0.571958

PART 7
OFFSET 12.432748 -5.587007 -5.291124
SCALE 1.000000 1.000000 1.000000
X 0.999109 -0.040044 -0.013366
Y 0.035610 0.969465 -0.242632
Z 0.022674 0.241940 0.970026

PART 8
OFFSET 19.997681 -0.708005 -8.637243
SCALE 1.000000 1.000000 1.000000
X 0.878740 -0.196423 0.435010
Y 0.208556 0.977801 0.020221
Z -0.429326 0.072955 0.900198

PART 9
OFFSET 19.416694 -2.235575 -9.040540
SCALE 1.000000 1.000000 1.000000
X 0.878740 -0.196423 0.435010
Y 0.208556 0.977801 0.020221
Z -0.429326 0.072955 0.900198

PART 10
OFFSET 19.323683 -0.767754 -6.131582
SCALE 1.000000 1.000000 1.000000
X 0.878740 -0.196423 0.435010
Y 0.208556 0.977801 0.020221
Z -0.429326 0.072955 0.900198

PART 11
OFFSET 18.870804 -2.030889 -6.027241
SCALE 1.000000 1.000000 1.000000
X 0.878740 -0.196423 0.435010
Y 0.208556 0.977801 0.020221
Z -0.429326 0.072955 0.900198

PART 12
OFFSET 18.830143 -2.605313 -7.077988
SCALE 1.000000 1.000000 1.000000
X 0.878740 -0.196423 0.435010
Y 0.208556 0.977801 0.020221
Z -0.429326 0.072955 0.900198

PART 13
OFFSET 20.722287 -2.095130 -7.065588
SCALE 1.000000 1.000000 1.000000
X 0.809194 -0.267101 0.523319
Y -0.430226 -0.875965 0.218156
Z 0.400139 -0.401675 -0.823739

PART 14
OFFSET 18.129049 -1.243691 -8.334808
SCALE 1.000000 1.000000 1.000000
X 0.875588 -0.198728 0.440288
Y -0.437516 0.060097 0.897200
Z -0.204759 -0.978210 -0.034326

PART 15
OFFSET 8.770256 -8.321293 -3.830095
SCALE 1.000000 1.000000 1.000000
X -0.825731 -0.541513 -0.157899
Y -0.376842 0.737895 -0.559911
Z 0.419712 -0.402833 -0.813368

PART 16
OFFSET 8.101418 -7.319305 -4.430240
SCALE 1.000000 1.000000 1.000000
X -0.825731 -0.541513 -0.157899
Y -0.376842 0.737895 -0.559911
Z 0.419712 -0.402833 -0.813368

PART 17
OFFSET 7.972056 -7.479550 -5.610622
SCALE 1.000000 1.000000 1.000000
X -0.825731 -0.541513 -0.157899
Y -0.376842 0.737895 -0.559911
Z 0.419712 -0.402833 -0.813368

PART 18
OFFSET 10.036252 -7.696819 -5.293694
SCALE 1.000000 1.000000 1.000000
X -0.979047 -0.200843 -0.033589
Y 0.135499 -0.519412 -0.843712
Z 0.152007 -0.830586 0.535743

PART 19
OFFSET 7.536700 -9.402053 -5.782260
SCALE 1.000000 1.000000 1.000000
X -0.822165 -0.545962 -0.161153
Y 0.429999 -0.410131 -0.804297
Z 0.373022 -0.730560 0.571958

PART 20
OFFSET 24.539650 -5.091812 -1.533446
SCALE 1.000000 1.000000 1.000000
X 0.999109 -0.040044 -0.013366
Y 0.035610 0.969465 -0.242632
Z 0.022674 0.241940 0.970026

PART 21
OFFSET 16.269174 -4.766284 -1.421321
SCALE 1.000000 1.000000 1.000000
X 0.999109 -0.040044 -0.013366
Y 0.035610 0.969465 -0.242632
Z 0.022674 0.241940 0.970026

PART 22
OFFSET 22.678611 -5.372248 -1.437936
SCALE 1.000000 1.000000 1.000000
X -0.019508 -0.718714 0.695032
Y 0.999109 -0.040044 -0.013366
Z 0.037438 0.694152 0.718854

PART 23
OFFSET 31.890541 -5.386433 -1.631786
SCALE 1.000000 1.000000 1.000000
X 0.999109 -0.040044 -0.013366
Y 0.035610 0.969465 -0.242632
Z 0.022674 0.241940 0.970026

PART 24
OFFSET 12.432748 -5.587007 -5.291124
SCALE 1.000000 1.000000 1.000000
X 0.999109 -0.040044 -0.013366
Y 0.035610 0.969465 -0.242632
Z 0.022674 0.241940 0.970026

PART 25
OFFSET 25.326083 -5.123332 -1.543967
SCALE 1.000000 1.000000 1.000000
X 0.999109 -0.040044 -0.013366
Y 0.035610 0.969465 -0.242632
Z 0.022674 0.241940 0.970026

PART 26
OFFSET 29.579845 -6.856143 -2.065684
SCALE 1.000000 1.000000 1.000000
X 0.999109 -0.040044 -0.013366
Y 0.035610 0.969465 -0.242632
Z 0.022674 0.241940 0.970026

PART 27
OFFSET 21.452265 -2.611068 -2.335600
SCALE 1.000000 1.000000 1.000000
X 0.999109 -0.040044 -0.013366
Y 0.035610 0.969465 -0.242632
Z 0.022674 0.241940 0.970026

PART 28
OFFSET 12.108912 -4.350997 -0.397828
SCALE 1.000000 1.000000 1.000000
X 0.999109 -0.040044 -0.013366
Y 0.035610 0.969465 -0.242632
Z 0.022674 0.241940 0.970026

PART 29
OFFSET 12.108912 -4.350997 -0.397828
SCALE 1.000000 1.000000 1.000000
X 0.999109 -0.040044 -0.013366
Y 0.035610 0.969465 -0.242632
Z 0.022674 0.241940 0.970026

PART 30
OFFSET 11.555154 -4.964386 -2.932165
SCALE 1.000000 1.000000 1.000000
X 0.999109 -0.040044 -0.013366
Y 0.035610 0.969465 -0.242632
Z 0.022674 0.241940 0.970026

PART 31
OFFSET 22.803520 -1.156826 -2.462990
SCALE 1.000000 1.000000 1.000000
X 0.999109 -0.040044 -0.013366
Y 0.035610 0.969465 -0.242632
Z 0.022674 0.241940 0.970026

PART 32
OFFSET 25.505950 -5.118558 -1.500695
SCALE 1.000000 1.000000 1.000000
X 0.999109 -0.040044 -0.013366
Y 0.035610 0.969465 -0.242632
Z 0.022674 0.241940 0.970026

PART 33
OFFSET 23.367026 -3.640373 -4.540597
SCALE 1.000000 1.000000 1.000000
X 0.823859 -0.235768 0.515431
Y 0.460475 -0.251819 -0.851205
Z 0.330482 0.938616 -0.098898

PART 34
OFFSET 23.840185 -2.738668 -5.002420
SCALE 1.000000 1.000000 1.000000
X 0.920349 -0.336437 0.199420
Y 0.058572 -0.385575 -0.920815
Z 0.386688 0.859152 -0.335158

PART 35
OFFSET 22.170440 -1.176922 -7.027052
SCALE 1.000000 1.000000 1.000000
X 0.932640 -0.341599 -0.116156
Y -0.347961 -0.766404 -0.539953
Z 0.095425 0.544000 -0.833642

PART 36
OFFSET 21.775734 -1.979886 -6.578562
SCALE 1.000000 1.000000 1.000000
X 0.947635 -0.087051 0.307261
Y 0.202259 -0.580973 -0.788392
Z 0.247141 0.809254 -0.532944

PART 37
OFFSET 21.040343 -3.244597 -6.837258
SCALE 1.000000 1.000000 1.000000
X 0.499377 -0.693411 0.519426
Y -0.768003 -0.631775 -0.105032
Z 0.400991 -0.346470 -0.848036

PART 38
OFFSET 22.748172 -4.524649 -5.547506
SCALE 1.000000 1.000000 1.000000
X 0.955825 -0.193609 0.221164
Y -0.164259 0.272144 0.948133
Z -0.243756 -0.942578 0.228320

PART 39
OFFSET 23.757780 -2.959318 -7.019624
SCALE 1.000000 1.000000 1.000000
X 0.114874 0.913753 -0.389692
Y -0.400107 0.401621 0.823781
Z 0.909240 0.061287 0.411735

PART 40
OFFSET 13.783973 -6.859746 -4.313867
SCALE 1.000000 1.000000 1.000000
X -0.987979 -0.142056 -0.060964
Y 0.087154 -0.837586 0.539309
Z -0.127675 0.527513 0.839898

PART 41
OFFSET 13.887800 -7.217417 -5.381046
SCALE 1.000000 1.000000 1.000000
X -0.027957 -0.990690 0.133233
Y 0.999475 -0.025517 0.019985
Z -0.016399 0.133722 0.990883

PART 42
OFFSET 10.951314 -7.948323 -6.318955
SCALE 1.000000 1.000000 1.000000
X -0.905469 -0.323635 0.274566
Y 0.413880 -0.816558 0.402414
Z 0.093964 0.478010 0.873314

PART 43
OFFSET 11.086385 -7.612982 -5.671964
SCALE 1.000000 1.000000 1.000000
X -0.981199 -0.098983 0.165680
Y 0.175341 -0.815898 0.550967
Z 0.080642 0.569660 0.817915

PART 44
OFFSET 10.372544 -6.834604 -4.839080
SCALE 1.000000 1.000000 1.000000
X -0.506781 -0.842244 -0.183843
Y 0.750833 -0.326449 -0.574178
Z 0.423583 -0.429018 0.797823

PART 45
OFFSET 5.928509 -8.538674 -4.432875
SCALE 1.000000 1.000000 1.000000
X -0.905123 -0.319475 0.280514
Y -0.424506 0.715407 -0.554966
Z -0.023384 -0.621393 -0.783150

PART 46
OFFSET 22.651870 -5.285437 -1.429705
SCALE 1.000000 1.000000 1.000000
X 0.999109 -0.040044 -0.013366
Y 0.035610 0.969465 -0.242632
Z 0.022674 0.241940 0.970026

PART 47
OFFSET 24.570815 -3.867740 -3.501770
SCALE 1.000000 1.000000 1.000000
X 0.834980 -0.229100 0.500322
Y 0.448993 -0.242013 -0.860137
Z 0.318141 0.942838 -0.099212

PART 48
OFFSET 25.523804 -3.317268 -4.574927
SCALE 1.000000 1.000000 1.000000
X 0.954710 -0.051009 0.293133
Y 0.157942 -0.748050 -0.644574
Z 0.252157 0.661680 -0.706114

PART 49
OFFSET 24.217058 -2.236559 -7.237399
SCALE 1.000000 1.000000 1.000000
X 0.995044 -0.025903 0.096000
Y 0.008188 -0.940847 -0.338732
Z 0.099095 0.337839 -0.935973

PART 50
OFFSET 24.268383 -2.068236 -5.843713
SCALE 1.000000 1.000000 1.000000
X 0.953803 -0.223319 0.200968
Y -0.026411 -0.728667 -0.684359
Z 0.299269 0.647436 -0.700903

PART 51
OFFSET 21.945996 -4.697731 -5.825453
SCALE 1.000000 1.000000 1.000000
X 0.324538 -0.813872 0.481961
Y -0.885877 -0.440118 -0.146691
Z 0.331508 -0.379351 -0.863826

PART 52
OFFSET 15.453130 -6.361135 -4.240898
SCALE 1.000000 1.000000 1.000000
X 0.008514 -0.999882 0.012810
Y 0.946704 0.012185 0.321875
