// Export time: Sat Jun 18 17:43:06 2022

ANIMATION
VERSION 3

NUMPARTS 79
PART 0 "tag_torso"
PART 1 "j_shoulder_le"
PART 2 "j_shoulder_ri"
PART 3 "tag_weapon"
PART 4 "tag_weapon1"
PART 5 "j_elbow_le"
PART 6 "j_elbow_ri"
PART 7 "j_gun"
PART 8 "j_sleave_reshape_bottom_le_1"
PART 9 "j_sleave_reshape_bottom_le_2"
PART 10 "j_sleave_reshape_top_le_1"
PART 11 "j_sleave_reshape_top_le_2"
PART 12 "j_sleave_reshape_top_le_3"
PART 13 "j_wrist_le"
PART 14 "j_wristtwist_le"
PART 15 "j_sleave_reshape_top_ri_1"
PART 16 "j_sleave_reshape_top_ri_2"
PART 17 "j_sleave_reshape_top_ri_3"
PART 18 "j_wrist_ri"
PART 19 "j_wristtwist_ri"
PART 20 "tag_bolt_animate"
PART 21 "tag_brass"
PART 22 "tag_flash"
PART 23 "tag_handguard"
PART 24 "tag_mag_release_animate"
PART 25 "tag_frame"
PART 26 "tag_ext_mag_animate"
PART 27 "j_index_le_0"
PART 28 "j_mid_le_0"
PART 29 "j_pinkypalm_le"
PART 30 "j_ringpalm_le"
PART 31 "j_thumb_le_0"
PART 32 "j_webbing_le"
PART 33 "tag_knife_attach"
PART 34 "j_index_ri_0"
PART 35 "j_mid_ri_0"
PART 36 "j_pinkypalm_ri"
PART 37 "j_ringpalm_ri"
PART 38 "j_thumb_ri_0"
PART 39 "j_webbing_ri"
PART 40 "tag_ext_mag_bullet_animate"
PART 41 "j_index_le_1"
PART 42 "j_mid_le_1"
PART 43 "j_pinky_le_0"
PART 44 "j_ring_le_0"
PART 45 "j_thumb_le_1"
PART 46 "j_index_ri_1"
PART 47 "j_mid_ri_1"
PART 48 "j_pinky_ri_0"
PART 49 "j_ring_ri_0"
PART 50 "j_thumb_ri_1"
PART 51 "j_index_le_2"
PART 52 "j_mid_le_2"
PART 53 "j_pinky_le_1"
PART 54 "j_ring_le_1"
PART 55 "j_thumb_le_2"
PART 56 "j_index_ri_2"
PART 57 "j_mid_ri_2"
PART 58 "j_pinky_ri_1"
PART 59 "j_ring_ri_1"
PART 60 "j_thumb_ri_2"
PART 61 "j_index_le_3"
PART 62 "j_mid_le_3"
PART 63 "j_pinky_le_2"
PART 64 "j_ring_le_2"
PART 65 "j_thumb_le_3"
PART 66 "j_index_ri_3"
PART 67 "j_mid_ri_3"
PART 68 "j_pinky_ri_2"
PART 69 "j_ring_ri_2"
PART 70 "j_thumb_ri_3"
PART 71 "j_pinky_le_3"
PART 72 "j_ring_le_3"
PART 73 "j_pinky_ri_3"
PART 74 "j_ring_ri_3"
PART 75 "tag_cambone"
PART 76 "tag_camera"
PART 77 "tag_gasmask"
PART 78 "tag_gasmask2"

FRAMERATE 30
NUMFRAMES 6
FRAME 0
PART 0
OFFSET 0.000000 0.000000 0.000000
SCALE 1.000000 1.000000 1.000000
X 1.000000 0.000000 0.000000
Y 0.000000 1.000000 0.000000
Z 0.000000 0.000000 1.000000

PART 1
OFFSET 2.012414 1.077328 -2.694908
SCALE 1.000000 1.000000 1.000000
X 0.852873 -0.192102 -0.485495
Y -0.061317 -0.960272 0.272247
Z -0.518506 -0.202423 -0.830768

PART 2
OFFSET -4.806000 -7.401901 2.691043
SCALE 1.000000 1.000000 1.000000
X -0.450189 0.493087 0.744443
Y -0.236332 -0.869771 0.433181
Z 0.861090 0.019077 0.508094

PART 3
OFFSET 12.632815 -5.736847 -5.568594
SCALE 1.000000 1.000000 1.000000
X 1.000000 0.000000 -0.000000
Y -0.000000 0.848099 -0.529838
Z 0.000000 0.529838 0.848099

PART 4
OFFSET 13.745596 17.667068 -17.903065
SCALE 1.000000 1.000000 1.000000
X 0.998737 0.041892 -0.027740
Y 0.021387 0.145113 0.989184
Z 0.045465 -0.988528 0.144033

PART 5
OFFSET 12.103554 -1.421430 -8.040301
SCALE 1.000000 1.000000 1.000000
X 0.915114 -0.300063 0.269309
Y -0.312561 -0.106016 0.943963
Z -0.254698 -0.948010 -0.190805

PART 6
OFFSET 0.818987 -14.210578 -7.028783
SCALE 1.000000 1.000000 1.000000
X -0.821930 -0.540784 -0.178842
Y 0.449514 -0.423022 -0.786759
Z 0.349812 -0.727052 0.590785

PART 7
OFFSET 12.632815 -5.736847 -5.568594
SCALE 1.000000 1.000000 1.000000
X 1.000000 0.000000 -0.000000
Y -0.000000 0.848099 -0.529838
Z 0.000000 0.529838 0.848099

PART 8
OFFSET 21.723763 -3.430629 -6.199366
SCALE 1.000000 1.000000 1.000000
X 0.917655 -0.296846 0.264182
Y 0.256586 0.950271 0.176492
Z -0.303435 -0.094173 0.948187

PART 9
OFFSET 21.021472 -4.837147 -6.801161
SCALE 1.000000 1.000000 1.000000
X 0.917655 -0.296846 0.264182
Y 0.256586 0.950271 0.176492
Z -0.303435 -0.094173 0.948187

PART 10
OFFSET 21.382304 -3.962061 -3.681993
SCALE 1.000000 1.000000 1.000000
X 0.917655 -0.296846 0.264182
Y 0.256586 0.950271 0.176492
Z -0.303435 -0.094173 0.948187

PART 11
OFFSET 20.886303 -5.210952 -3.757830
SCALE 1.000000 1.000000 1.000000
X 0.917655 -0.296846 0.264182
Y 0.256586 0.950271 0.176492
Z -0.303435 -0.094173 0.948187

PART 12
OFFSET 20.680294 -5.568765 -4.882648
SCALE 1.000000 1.000000 1.000000
X 0.917655 -0.296846 0.264182
Y 0.256586 0.950271 0.176492
Z -0.303435 -0.094173 0.948187

PART 13
OFFSET 22.654261 -5.071131 -4.876917
SCALE 1.000000 1.000000 1.000000
X 0.917721 0.384020 -0.101573
Y 0.146501 -0.089534 0.985150
Z 0.369223 -0.918974 -0.138427

PART 14
OFFSET 19.887191 -3.973193 -5.749059
SCALE 1.000000 1.000000 1.000000
X 0.915114 -0.300063 0.269309
Y -0.312561 -0.106016 0.943963
Z -0.254698 -0.948010 -0.190805

PART 15
OFFSET 8.997707 -8.516010 -3.532494
SCALE 1.000000 1.000000 1.000000
X -0.825549 -0.536268 -0.175743
Y -0.353916 0.734558 -0.578937
Z 0.439559 -0.415743 -0.796207

PART 16
OFFSET 8.355427 -7.515372 -4.163125
SCALE 1.000000 1.000000 1.000000
X -0.825549 -0.536268 -0.175743
Y -0.353916 0.734558 -0.578937
Z 0.439559 -0.415743 -0.796207

PART 17
OFFSET 8.258951 -7.688125 -5.344888
SCALE 1.000000 1.000000 1.000000
X -0.825549 -0.536268 -0.175743
Y -0.353916 0.734558 -0.578937
Z 0.439559 -0.415743 -0.796207

PART 18
OFFSET 10.323456 -7.847638 -4.919771
SCALE 1.000000 1.000000 1.000000
X -0.969789 -0.242112 0.029866
Y 0.167032 -0.748255 -0.642040
Z 0.177793 -0.617654 0.766089

PART 19
OFFSET 7.811741 -9.608684 -5.507394
SCALE 1.000000 1.000000 1.000000
X -0.821930 -0.540784 -0.178842
Y 0.449514 -0.423022 -0.786759
Z 0.349812 -0.727052 0.590785

PART 20
OFFSET 16.381184 -3.602241 -2.139314
SCALE 1.000000 1.000000 1.000000
X 1.000000 0.000000 -0.000000
Y -0.000000 0.848099 -0.529838
Z 0.000000 0.529838 0.848099

PART 21
OFFSET 22.809442 -3.912740 -1.965847
SCALE 1.000000 1.000000 1.000000
X 0.000000 -0.469686 0.882833
Y 1.000000 0.000000 0.000000
Z -0.000000 0.882833 0.469686

PART 22
OFFSET 32.016319 -3.597089 -2.142531
SCALE 1.000000 1.000000 1.000000
X 1.000000 0.000000 -0.000000
Y -0.000000 0.848099 -0.529838
Z 0.000000 0.529838 0.848099

PART 23
OFFSET 25.446003 -3.597089 -2.142531
SCALE 1.000000 1.000000 1.000000
X 1.000000 0.000000 -0.000000
Y -0.000000 0.848099 -0.529838
Z 0.000000 0.529838 0.848099

PART 24
OFFSET 21.485619 -1.616953 -3.671923
SCALE 1.000000 1.000000 1.000000
X 1.000000 0.000000 -0.000000
Y -0.000000 0.848099 -0.529838
Z 0.000000 0.529838 0.848099

PART 25
OFFSET 25.617472 -3.569689 -2.099680
SCALE 1.000000 1.000000 1.000000
X 1.000000 0.000000 -0.000000
Y -0.000000 0.848099 -0.529838
Z 0.000000 0.529838 0.848099

PART 26
OFFSET 22.801361 -0.204609 -4.244471
SCALE 1.000000 1.000000 1.000000
X 1.000000 0.000000 -0.000000
Y -0.000000 0.848099 -0.529838
Z 0.000000 0.529838 0.848099

PART 27
OFFSET 26.272729 -3.412116 -4.446596
SCALE 1.000000 1.000000 1.000000
X 0.625864 -0.695121 0.353696
Y -0.740121 -0.672371 -0.011772
Z 0.245998 -0.254410 -0.935286

PART 28
OFFSET 26.101885 -3.427103 -5.580222
SCALE 1.000000 1.000000 1.000000
X 0.462185 -0.690958 0.555844
Y -0.818731 -0.573293 -0.031872
Z 0.340683 -0.440355 -0.830676

PART 29
OFFSET 23.338940 -4.769935 -6.387920
SCALE 1.000000 1.000000 1.000000
X 0.992152 -0.089762 -0.087053
Y -0.033584 -0.861901 0.505963
Z -0.120447 -0.499069 -0.858151

PART 30
OFFSET 23.510789 -4.552066 -5.487252
SCALE 1.000000 1.000000 1.000000
X 0.957055 0.158259 -0.242900
Y 0.204644 -0.962262 0.179366
Z -0.205347 -0.221371 -0.953324

PART 31
OFFSET 23.376418 -5.361758 -4.095057
SCALE 1.000000 1.000000 1.000000
X 0.902427 -0.193324 0.385034
Y -0.409903 -0.110029 0.905468
Z -0.132684 -0.974946 -0.178537

PART 32
OFFSET 25.913837 -4.522051 -3.700048
SCALE 1.000000 1.000000 1.000000
X 0.937816 0.123118 -0.324565
Y -0.080605 0.986670 0.141369
Z 0.337644 -0.106416 0.935239

PART 33
OFFSET 25.626068 -5.382138 -5.894163
SCALE 1.000000 1.000000 1.000000
X -0.462809 -0.052585 -0.884897
Y -0.369160 0.918994 0.138463
Z 0.805934 0.390750 -0.444731

PART 34
OFFSET 14.021810 -6.593312 -4.245564
SCALE 1.000000 1.000000 1.000000
X -0.980685 -0.195069 -0.014323
Y 0.113232 -0.625914 0.771629
Z -0.159486 0.755103 0.635912

PART 35
OFFSET 14.153717 -7.258141 -5.150100
SCALE 1.000000 1.000000 1.000000
X 0.009609 -0.901507 0.432658
Y 0.999353 0.023659 0.027103
Z -0.034670 0.432118 0.901151

PART 36
OFFSET 11.261074 -8.364759 -5.817040
SCALE 1.000000 1.000000 1.000000
X -0.895439 -0.260642 0.360908
Y 0.440632 -0.634525 0.634997
Z 0.063498 0.727629 0.683026

PART 37
OFFSET 11.374244 -7.840813 -5.305208
SCALE 1.000000 1.000000 1.000000
X -0.978587 -0.083915 0.187952
Y 0.200331 -0.598025 0.776037
Z 0.047279 0.797073 0.602030

PART 38
OFFSET 10.619303 -6.873967 -4.753572
SCALE 1.000000 1.000000 1.000000
X -0.470530 -0.878267 0.085134
Y 0.770646 -0.456022 -0.445139
Z 0.429774 -0.143843 0.891406

PART 39
OFFSET 6.241403 -8.553606 -3.841929
SCALE 1.000000 1.000000 1.000000
X -0.895339 -0.254846 0.365268
Y -0.445235 0.490889 -0.748862
Z 0.011539 -0.833115 -0.552979

PART 40
OFFSET 22.801361 -3.816365 -1.988075
SCALE 1.000000 1.000000 1.000000
X 1.000000 0.000000 -0.000000
Y -0.000000 0.848099 -0.529838
Z 0.000000 0.529838 0.848099

PART 41
OFFSET 27.284933 -4.703715 -3.796207
SCALE 1.000000 1.000000 1.000000
X -0.429555 -0.831644 0.351924
Y -0.849283 0.239590 -0.470442
Z 0.306923 -0.500964 -0.809218

PART 42
OFFSET 27.002026 -4.771779 -4.493849
SCALE 1.000000 1.000000 1.000000
X -0.359409 -0.846839 0.392031
Y -0.933170 0.324188 -0.155229
Z 0.004362 -0.421622 -0.906761

PART 43
OFFSET 25.583588 -4.937553 -6.448862
SCALE 1.000000 1.000000 1.000000
X 0.895114 -0.318755 0.311714
Y -0.432320 -0.791421 0.432148
Z 0.108947 -0.521582 -0.846217

PART 44
OFFSET 25.967411 -4.174568 -6.241540
SCALE 1.000000 1.000000 1.000000
X 0.682533 -0.491541 0.540866
Y -0.701652 -0.647804 0.296706
Z 0.204532 -0.582011 -0.787038

PART 45
OFFSET 25.323313 -5.819428 -3.160754
SCALE 1.000000 1.000000 1.000000
X 0.988898 -0.024579 -0.146549
Y 0.141080 -0.154389 0.977886
Z -0.046661 -0.987704 -0.149208

PART 46
OFFSET 15.668779 -6.027255 -4.329790
SCALE 1.000000 1.000000 1.000000
X 0.047993 -0.945873 0.320968
Y 0.941178 0.150430 0.302579
Z -0.334485 0.287566 0.897455

PART 47
OFFSET 14.105755 -5.482680 -5.995319
SCALE 1.000000 1.000000 1.000000
X 0.895798 -0.421702 0.140404
Y 0.406527 0.649687 -0.642373
Z 0.179671 0.632515 0.753421

PART 48
OFFSET 13.435497 -7.736478 -6.495069
SCALE 1.000000 1.000000 1.000000
X 0.016734 -0.856007 0.516694
Y 0.983058 -0.080254 -0.164794
Z 0.182532 0.510697 0.840161

PART 49
OFFSET 13.907871 -7.723436 -5.900471
SCALE 1.000000 1.000000 1.000000
X -0.094983 -0.873784 0.476949
Y 0.927612 -0.251563 -0.276139
Z 0.361269 0.416195 0.834426

PART 50
OFFSET 11.573539 -4.890875 -4.957717
SCALE 1.000000 1.000000 1.000000
X -0.870646 -0.459968 0.174371
Y 0.414045 -0.876637 -0.245100
Z 0.265599 -0.141198 0.953688

PART 51
OFFSET 26.443356 -5.342784 -3.496089
SCALE 1.000000 1.000000 1.000000
X -0.984603 0.089767 -0.149994
Y 0.169261 0.703950 -0.689786
Z 0.043668 -0.704553 -0.708306

PART 52
OFFSET 26.229877 -5.876570 -4.008794
SCALE 1.000000 1.000000 1.000000
X -0.931865 0.191017 -0.308450
Y 0.314514 0.849128 -0.424338
Z 0.180857 -0.492438 -0.851349

PART 53
OFFSET 26.872251 -5.414269 -5.994436
SCALE 1.000000 1.000000 1.000000
X -0.038817 -0.729764 0.682597
Y -0.964782 -0.150489 -0.215751
Z 0.260171 -0.666932 -0.698221

PART 54
OFFSET 27.156529 -5.056671 -5.323053
SCALE 1.000000 1.000000 1.000000
X -0.495316 -0.616033 0.612508
Y -0.856819 0.230163 -0.461395
Z 0.143257 -0.753345 -0.641832

PART 55
OFFSET 26.840359 -5.942299 -3.640784
SCALE 1.000000 1.000000 1.000000
X 0.787543 -0.156025 -0.596182
Y 0.606062 0.020817 0.795145
Z -0.111651 -0.987534 0.110955

PART 56
OFFSET 15.524617 -4.868090 -4.669888
SCALE 1.000000 1.000000 1.000000
X 0.456669 -0.829576 0.321335
Y 0.839103 0.521652 0.154225
Z -0.295566 0.199204 0.934322

PART 57
OFFSET 12.767426 -4.907905 -6.168679
SCALE 1.000000 1.000000 1.000000
X 0.829131 0.316471 -0.460856
Y -0.539564 0.668764 -0.511494
Z 0.146331 0.672757 0.725249

PART 58
OFFSET 13.418058 -6.558247 -7.211562
SCALE 1.000000 1.000000 1.000000
X 0.611769 -0.780444 0.129019
Y 0.768537 0.547786 -0.330576
Z 0.187322 0.301392 0.934919

PART 59
OFFSET 14.068172 -6.225760 -6.709637
SCALE 1.000000 1.000000 1.000000
X 0.786404 -0.616725 -0.034926
Y 0.509850 0.679967 -0.526970
Z 0.348744 0.396604 0.849166

PART 60
OFFSET 13.011284 -4.493643 -5.328119
SCALE 1.000000 1.000000 1.000000
X -0.916635 0.278126 0.287101
Y -0.319851 -0.941120 -0.109495
Z 0.239743 -0.192196 0.951622

PART 61
OFFSET 25.331246 -5.241428 -3.665474
SCALE 1.000000 1.000000 1.000000
X 0.179944 -0.863266 0.471585
Y 0.975158 0.219508 0.029730
Z -0.129182 0.454520 0.881319

PART 62
OFFSET 25.175528 -5.664315 -4.363866
SCALE 1.000000 1.000000 1.000000
X 0.501253 -0.655010 0.565427
Y 0.851549 0.489440 -0.187918
Z -0.153654 0.575683 0.803106

PART 63
OFFSET 26.791360 -6.114361 -5.347562
SCALE 1.000000 1.000000 1.000000
X -0.995883 -0.074675 -0.051380
Y -0.005402 0.614725 -0.788723
Z 0.090482 -0.785198 -0.612598

PART 64
OFFSET 26.322355 -5.860407 -4.575720
SCALE 1.000000 1.000000 1.000000
X -0.936947 0.041989 -0.346941
Y 0.272343 0.709844 -0.649577
Z 0.218999 -0.703106 -0.676521

PART 65
OFFSET 27.697221 -6.155890 -4.266883
SCALE 1.000000 1.000000 1.000000
X 0.777986 0.523447 -0.347478
Y -0.551275 0.834030 0.022119
Z 0.301385 0.174348 0.937427

PART 66
OFFSET 15.008859 -3.931087 -5.032795
SCALE 1.000000 1.000000 1.000000
X -0.989281 -0.144677 0.019768
Y -0.141205 0.913357 -0.381891
Z 0.037196 -0.380589 -0.923996

PART 67
OFFSET 11.826966 -5.270634 -5.652182
SCALE 1.000000 1.000000 1.000000
X -0.301112 -0.715459 0.630436
Y -0.933460 0.356271 -0.041524
Z -0.194897 -0.600990 -0.775130

PART 68
OFFSET 12.871153 -5.862823 -7.325510
SCALE 1.000000 1.000000 1.000000
X 0.920838 0.038881 -0.388003
Y -0.118224 0.976021 -0.182772
Z 0.371593 0.214174 0.903354

PART 69
OFFSET 12.948286 -5.397466 -6.654778
SCALE 1.000000 1.000000 1.000000
X 0.918522 0.196860 -0.342874
Y -0.323202 0.873364 -0.364383
Z 0.227721 0.445512 0.865830

PART 70
OFFSET 13.997044 -4.769618 -5.680265
SCALE 1.000000 1.000000 1.000000
X -0.896568 0.134791 -0.421898
Y 0.442898 0.266931 -0.855914
Z -0.002752 -0.954243 -0.299020

PART 71
OFFSET 25.845246 -6.185303 -5.396373
SCALE 1.000000 1.000000 1.000000
X 0.751829 -0.214323 0.623554
Y 0.648238 0.413209 -0.639567
Z -0.120584 0.885056 0.449595

PART 72
OFFSET 25.306266 -5.814902 -4.951945
SCALE 1.000000 1.000000 1.000000
X 0.623762 -0.477587 0.618735
Y 0.750857 0.586019 -0.304624
Z -0.217106 0.654594 0.724135

PART 73
OFFSET 11.996321 -5.899766 -6.956906
SCALE 1.000000 1.000000 1.000000
X -0.684159 -0.673507 0.279848
Y -0.635051 0.738810 0.225544
Z -0.358660 -0.023409 -0.933175

PART 74
OFFSET 11.952112 -5.610909 -6.282920
SCALE 1.000000 1.000000 1.000000
X -0.555588 -0.636020 0.535537
Y -0.800461 0.583379 -0.137593
Z -0.224909 -0.505121 -0.833228

PART 75
OFFSET 0.000000 0.000000 0.000000
SCALE 1.000000 1.000000 1.000000
X 1.000000 0.000000 0.000000
Y 0.000000 1.000000 0.000000
Z 0.000000 0.000000 1.000000

PART 76
OFFSET 0.000000 0.000000 0.000000
SCALE 1.000000 1.000000 1.000000
X 1.000000 0.000000 0.000000
Y 0.000000 1.000000 0.000000
Z 0.000000 0.000000 1.000000

PART 77
OFFSET 1.540551 0.000000 4.135827
SCALE 1.000000 1.000000 1.000000
X 1.000000 0.000000 0.000000
Y 0.000000 1.000000 0.000000
Z 0.000000 0.000000 1.000000

PART 78
OFFSET -4.631835 0.000000 -1.376957
SCALE 1.000000 1.000000 1.000000
X 1.000000 0.000000 0.000000
Y 0.000000 1.000000 0.000000
Z 0.000000 0.000000 1.000000

FRAME 1
PART 0
OFFSET 0.000000 0.000000 0.000000
SCALE 1.000000 1.000000 1.000000
X 1.000000 0.000000 0.000000
Y 0.000000 1.000000 0.000000
Z 0.000000 0.000000 1.000000

PART 1
OFFSET 2.115124 0.951217 -2.598308
SCALE 1.000000 1.000000 1.000000
X 0.833665 -0.157634 -0.529296
Y -0.031901 -0.970544 0.238801
Z -0.551349 -0.182195 -0.814137

PART 2
OFFSET -4.728509 -7.358197 2.667659
SCALE 1.000000 1.000000 1.000000
X -0.427799 0.510837 0.745676
Y -0.238680 -0.859540 0.451910
Z 0.871791 0.015349 0.489637

PART 3
OFFSET 12.266035 -5.736847 -5.568594
SCALE 1.000000 1.000000 1.000000
X 1.000000 0.000000 -0.000000
Y -0.000000 0.848099 -0.529838
Z 0.000000 0.529838 0.848099

PART 4
OFFSET 13.745596 17.667068 -17.903065
SCALE 1.000000 1.000000 1.000000
X 0.998737 0.041892 -0.027740
Y 0.021387 0.145113 0.989184
Z 0.045465 -0.988528 0.144033

PART 5
OFFSET 12.064740 -1.061384 -8.700261
SCALE 1.000000 1.000000 1.000000
X 0.886357 -0.330154 0.324607
Y -0.374194 -0.097918 0.922166
Z -0.272672 -0.938835 -0.210332

PART 6
OFFSET 0.644593 -14.465854 -7.129850
SCALE 1.000000 1.000000 1.000000
X -0.805439 -0.562282 -0.187366
Y 0.467940 -0.409294 -0.783269
Z 0.363731 -0.718552 0.592776

PART 7
OFFSET 12.266035 -5.736847 -5.568594
SCALE 1.000000 1.000000 1.000000
X 1.000000 0.000000 -0.000000
Y -0.000000 0.848099 -0.529838
Z 0.000000 0.529838 0.848099

PART 8
OFFSET 21.481394 -3.385330 -6.271221
SCALE 1.000000 1.000000 1.000000
X 0.889315 -0.327009 0.319662
Y 0.275523 0.941065 0.196174
Z -0.364973 -0.086387 0.927002

PART 9
OFFSET 20.773156 -4.767018 -6.921604
SCALE 1.000000 1.000000 1.000000
X 0.889315 -0.327009 0.319662
Y 0.275523 0.941065 0.196174
Z -0.364973 -0.086387 0.927002

PART 10
OFFSET 20.966345 -3.910980 -3.782326
SCALE 1.000000 1.000000 1.000000
X 0.889315 -0.327009 0.319662
Y 0.275523 0.941065 0.196174
Z -0.364973 -0.086387 0.927002

PART 11
OFFSET 20.436093 -5.142972 -3.894244
SCALE 1.000000 1.000000 1.000000
X 0.889315 -0.327009 0.319662
Y 0.275523 0.941065 0.196174
Z -0.364973 -0.086387 0.927002

PART 12
OFFSET 20.289366 -5.491434 -5.031226
SCALE 1.000000 1.000000 1.000000
X 0.889315 -0.327009 0.319662
Y 0.275523 0.941065 0.196174
Z -0.364973 -0.086387 0.927002

PART 13
OFFSET 22.288121 -5.069931 -4.876031
SCALE 1.000000 1.000000 1.000000
X 0.917729 0.384066 -0.101322
Y 0.146287 -0.089653 0.985171
Z 0.369287 -0.918943 -0.138461

PART 14
OFFSET 19.603754 -3.869089 -5.938674
SCALE 1.000000 1.000000 1.000000
X 0.886357 -0.330154 0.324607
Y -0.374194 -0.097918 0.922166
Z -0.272672 -0.938835 -0.210332

PART 15
OFFSET 8.634981 -8.560798 -3.548286
SCALE 1.000000 1.000000 1.000000
X -0.809207 -0.557871 -0.184294
Y -0.368144 0.725922 -0.580954
Z 0.457880 -0.402266 -0.792798

PART 16
OFFSET 7.971928 -7.576524 -4.183157
SCALE 1.000000 1.000000 1.000000
X -0.809207 -0.557871 -0.184294
Y -0.368144 0.725922 -0.580954
Z 0.457880 -0.402266 -0.792798

PART 17
OFFSET 7.891025 -7.749516 -5.366054
SCALE 1.000000 1.000000 1.000000
X -0.809207 -0.557871 -0.184294
Y -0.368144 0.725922 -0.580954
Z 0.457880 -0.402266 -0.792798

PART 18
OFFSET 9.955435 -7.844710 -4.918765
SCALE 1.000000 1.000000 1.000000
X -0.969751 -0.242272 0.029803
Y 0.167207 -0.748261 -0.641987
Z 0.177836 -0.617584 0.766136

PART 19
OFFSET 7.497026 -9.681058 -5.535936
SCALE 1.000000 1.000000 1.000000
X -0.805439 -0.562282 -0.187366
Y 0.467940 -0.409294 -0.783269
Z 0.363731 -0.718552 0.592776

PART 20
OFFSET 14.008998 -3.602241 -2.139314
SCALE 1.000000 1.000000 1.000000
X 1.000000 0.000000 -0.000000
Y -0.000000 0.848099 -0.529838
Z 0.000000 0.529838 0.848099

PART 21
OFFSET 22.442662 -3.912740 -1.965847
SCALE 1.000000 1.000000 1.000000
X 0.000000 -0.469686 0.882833
Y 1.000000 0.000000 0.000000
Z -0.000000 0.882833 0.469686

PART 22
OFFSET 31.649539 -3.597089 -2.142531
SCALE 1.000000 1.000000 1.000000
X 1.000000 0.000000 -0.000000
Y -0.000000 0.848099 -0.529838
Z 0.000000 0.529838 0.848099

PART 23
OFFSET 25.079223 -3.597089 -2.142531
SCALE 1.000000 1.000000 1.000000
X 1.000000 0.000000 -0.000000
Y -0.000000 0.848099 -0.529838
Z 0.000000 0.529838 0.848099

PART 24
OFFSET 21.118839 -1.616953 -3.671923
SCALE 1.000000 1.000000 1.000000
X 1.000000 0.000000 -0.000000
Y -0.000000 0.848099 -0.529838
Z 0.000000 0.529838 0.848099

PART 25
OFFSET 25.250693 -3.569689 -2.099680
SCALE 1.000000 1.000000 1.000000
X 1.000000 0.000000 -0.000000
Y -0.000000 0.848099 -0.529838
Z 0.000000 0.529838 0.848099

PART 26
OFFSET 22.434582 -0.204609 -4.244471
SCALE 1.000000 1.000000 1.000000
X 1.000000 0.000000 -0.000000
Y -0.000000 0.848099 -0.529838
Z 0.000000 0.529838 0.848099

PART 27
OFFSET 25.906433 -3.410839 -4.444702
SCALE 1.000000 1.000000 1.000000
X 0.625812 -0.695143 0.353746
Y -0.740094 -0.672396 -0.012020
Z 0.246213 -0.254283 -0.935264

PART 28
OFFSET 25.735839 -3.425688 -5.578368
SCALE 1.000000 1.000000 1.000000
X 0.462087 -0.691011 0.555858
Y -0.818703 -0.573318 -0.032125
Z 0.340883 -0.440238 -0.830656

PART 29
OFFSET 22.973122 -4.768518 -6.386846
SCALE 1.000000 1.000000 1.000000
X 0.992174 -0.089715 -0.086845
Y -0.033664 -0.861966 0.505847
Z -0.120239 -0.498965 -0.858241

PART 30
OFFSET 23.144764 -4.550757 -5.486112
SCALE 1.000000 1.000000 1.000000
X 0.957102 0.158325 -0.242669
Y 0.204639 -0.962278 0.179290
Z -0.205129 -0.221258 -0.953398

PART 31
OFFSET 23.010115 -5.360630 -4.094049
SCALE 1.000000 1.000000 1.000000
X 0.902349 -0.193340 0.385209
Y -0.410099 -0.110158 0.905364
Z -0.132609 -0.974928 -0.178690

PART 32
OFFSET 25.547417 -4.520881 -3.698373
SCALE 1.000000 1.000000 1.000000
X 0.937883 0.123193 -0.324343
Y -0.080673 0.986649 0.141476
Z 0.337441 -0.106522 0.935300

PART 33
OFFSET 25.260163 -5.380701 -5.892661
SCALE 1.000000 1.000000 1.000000
X -0.462612 -0.052490 -0.885006
Y -0.369224 0.918963 0.138497
Z 0.806018 0.390835 -0.444503

PART 34
OFFSET 13.655586 -6.587460 -4.244579
SCALE 1.000000 1.000000 1.000000
X -0.977859 -0.208720 0.015073
Y 0.141031 -0.604089 0.784338
Z -0.154602 0.769098 0.620150

PART 35
OFFSET 13.785464 -7.253565 -5.143447
SCALE 1.000000 1.000000 1.000000
X -0.003195 -0.889325 0.457264
Y 0.996947 0.032840 0.070836
Z -0.078013 0.456095 0.886505

PART 36
OFFSET 10.923698 -8.359480 -5.808228
SCALE 1.000000 1.000000 1.000000
X -0.870284 -0.278603 0.406184
Y 0.486297 -0.616997 0.618732
Z 0.078234 0.735999 0.672447

PART 37
OFFSET 11.016445 -7.847636 -5.290020
SCALE 1.000000 1.000000 1.000000
X -0.969191 -0.108882 0.220938
Y 0.241926 -0.589298 0.770843
Z 0.046267 0.800545 0.597484

PART 38
OFFSET 10.235550 -6.881173 -4.754281
SCALE 1.000000 1.000000 1.000000
X -0.434401 -0.894005 0.109773
Y 0.778732 -0.434013 -0.453000
Z 0.452627 -0.111300 0.884726

PART 39
OFFSET 5.873415 -8.551300 -3.841205
SCALE 1.000000 1.000000 1.000000
X -0.895325 -0.254976 0.365212
Y -0.445258 0.490775 -0.748923
Z 0.011721 -0.833143 -0.552933

PART 40
OFFSET 22.434582 -3.816365 -1.988075
SCALE 1.000000 1.000000 1.000000
X 1.000000 0.000000 -0.000000
Y -0.000000 0.848099 -0.529838
Z 0.000000 0.529838 0.848099

PART 41
OFFSET 26.918540 -4.702483 -3.794253
SCALE 1.000000 1.000000 1.000000
X -0.429602 -0.831704 0.351724
Y -0.849188 0.239619 -0.470599
Z 0.307119 -0.500850 -0.809214

PART 42
OFFSET 26.635790 -4.770469 -4.491966
SCALE 1.000000 1.000000 1.000000
X -0.359465 -0.846902 0.391844
Y -0.933147 0.324174 -0.155394
Z 0.004577 -0.421507 -0.906814

PART 43
OFFSET 25.217789 -4.936048 -6.447313
SCALE 1.000000 1.000000 1.000000
X 0.895057 -0.318762 0.311871
Y -0.432387 -0.791492 0.431952
Z 0.109153 -0.521471 -0.846259

PART 44
OFFSET 25.601539 -4.173075 -6.239809
SCALE 1.000000 1.000000 1.000000
X 0.682431 -0.491585 0.540955
Y -0.701694 -0.647867 0.296469
Z 0.204727 -0.581904 -0.787067

PART 45
OFFSET 24.956821 -5.818348 -3.159374
SCALE 1.000000 1.000000 1.000000
X 0.988931 -0.024524 -0.146334
Y 0.140870 -0.154508 0.977897
Z -0.046592 -0.987687 -0.149343

PART 46
OFFSET 15.227892 -5.940439 -4.413760
SCALE 1.000000 1.000000 1.000000
X 0.288935 -0.892781 0.345627
Y 0.908910 0.369198 0.193842
Z -0.300663 0.258137 0.918132

PART 47
OFFSET 13.760934 -5.501657 -6.038391
SCALE 1.000000 1.000000 1.000000
X 0.896824 -0.401694 0.185335
Y 0.419903 0.641079 -0.642417
Z 0.139241 0.653957 0.743607

PART 48
OFFSET 13.038781 -7.687178 -6.599143
SCALE 1.000000 1.000000 1.000000
X 0.055443 -0.849086 0.525337
Y 0.990280 -0.020458 -0.137578
Z 0.127563 0.527859 0.839698

PART 49
OFFSET 13.525673 -7.665501 -5.967326
SCALE 1.000000 1.000000 1.000000
X -0.080590 -0.868540 0.489022
Y 0.951496 -0.213185 -0.221827
Z 0.296918 0.447426 0.843593

PART 50
OFFSET 11.121378 -4.857448 -5.017166
SCALE 1.000000 1.000000 1.000000
X -0.877424 -0.436361 0.199289
Y 0.393853 -0.892446 -0.220046
Z 0.273874 -0.114583 0.954915

PART 51
OFFSET 26.076921 -5.341621 -3.494402
SCALE 1.000000 1.000000 1.000000
X -0.984573 0.089750 -0.150200
Y 0.169388 0.704044 -0.689659
Z 0.043850 -0.704462 -0.708385

PART 52
OFFSET 25.863574 -5.875349 -4.007222
SCALE 1.000000 1.000000 1.000000
X -0.931803 0.191022 -0.308631
Y 0.314577 0.849193 -0.424162
Z 0.181063 -0.492323 -0.851372

PART 53
OFFSET 26.506369 -5.412775 -5.992663
SCALE 1.000000 1.000000 1.000000
X -0.038941 -0.729851 0.682496
Y -0.964729 -0.150497 -0.215983
Z 0.260349 -0.666834 -0.698248

PART 54
OFFSET 26.790486 -5.055251 -5.321172
SCALE 1.000000 1.000000 1.000000
X -0.495429 -0.616128 0.612321
Y -0.856726 0.230190 -0.461555
Z 0.143427 -0.753259 -0.641896

PART 55
OFFSET 26.473977 -5.941102 -3.639084
SCALE 1.000000 1.000000 1.000000
X 0.787680 -0.155921 -0.596028
Y 0.605885 0.020739 0.795282
Z -0.111640 -0.987552 0.110805

PART 56
OFFSET 14.880757 -4.834903 -4.778534
SCALE 1.000000 1.000000 1.000000
X 0.520838 -0.789383 0.324966
Y 0.810504 0.576778 0.102031
Z -0.267975 0.210244 0.940206

PART 57
OFFSET 12.420613 -4.955856 -6.277524
SCALE 1.000000 1.000000 1.000000
X 0.840831 0.320188 -0.436444
Y -0.530752 0.646062 -0.548550
Z 0.106331 0.692881 0.713169

PART 58
OFFSET 12.967964 -6.516334 -7.328275
SCALE 1.000000 1.000000 1.000000
X 0.662935 -0.734057 0.147232
Y 0.734622 0.599861 -0.317015
Z 0.144388 0.318320 0.936923

PART 59
OFFSET 13.659094 -6.172230 -6.801313
SCALE 1.000000 1.000000 1.000000
X 0.822410 -0.568889 -0.002573
Y 0.487379 0.706894 -0.512604
Z 0.293433 0.420317 0.858621

PART 60
OFFSET 12.564889 -4.490484 -5.419095
SCALE 1.000000 1.000000 1.000000
X -0.913691 0.281141 0.293476
Y -0.316407 -0.945284 -0.079531
Z 0.255059 -0.165525 0.952652

PART 61
OFFSET 24.964844 -5.240284 -3.664019
SCALE 1.000000 1.000000 1.000000
X 0.179872 -0.863319 0.471516
Y 0.975143 0.219540 0.029973
Z -0.129393 0.454404 0.881348

PART 62
OFFSET 24.809296 -5.663088 -4.362499
SCALE 1.000000 1.000000 1.000000
X 0.501152 -0.655063 0.565454
Y 0.851573 0.489494 -0.187668
Z -0.153852 0.575576 0.803145

PART 63
OFFSET 26.425361 -6.112950 -5.345895
SCALE 1.000000 1.000000 1.000000
X -0.995869 -0.074704 -0.051609
Y -0.005250 0.614825 -0.788646
Z 0.090646 -0.785118 -0.612677

PART 64
OFFSET 25.956177 -5.859111 -4.574125
SCALE 1.000000 1.000000 1.000000
X -0.936872 0.041999 -0.347142
Y 0.272460 0.709936 -0.649427
Z 0.219174 -0.703013 -0.676562

PART 65
OFFSET 27.330985 -6.154583 -4.265022
SCALE 1.000000 1.000000 1.000000
X 0.778044 0.523519 -0.347240
Y -0.551311 0.834007 0.022102
Z 0.301171 0.174240 0.937516

PART 66
OFFSET 14.292522 -3.943294 -5.145544
SCALE 1.000000 1.000000 1.000000
X -0.976569 -0.204395 0.067353
Y -0.214064 0.890394 -0.401714
Z 0.022138 -0.406719 -0.913285

PART 67
OFFSET 11.467190 -5.322953 -5.788616
SCALE 1.000000 1.000000 1.000000
X -0.312981 -0.705186 0.636204
Y -0.937166 0.338027 -0.086360
Z -0.154154 -0.623257 -0.766672

PART 68
OFFSET 12.375449 -5.862367 -7.458492
SCALE 1.000000 1.000000 1.000000
X 0.924139 0.102902 -0.367939
Y -0.183549 0.964207 -0.191351
Z 0.335079 0.244370 0.909948

PART 69
OFFSET 12.493923 -5.409631 -6.788560
SCALE 1.000000 1.000000 1.000000
X 0.914552 0.241569 -0.324405
Y -0.359154 0.853893 -0.376663
Z 0.186017 0.460990 0.867690

PART 70
OFFSET 13.546708 -4.770868 -5.778693
SCALE 1.000000 1.000000 1.000000
X -0.903523 0.119026 -0.411677
Y 0.428533 0.246176 -0.869342
Z -0.002129 -0.961889 -0.273432

PART 71
OFFSET 25.479260 -6.183921 -5.394924
SCALE 1.000000 1.000000 1.000000
X 0.751699 -0.214374 0.623692
Y 0.648364 0.413313 -0.639371
Z -0.120716 0.884995 0.449680

PART 72
OFFSET 24.940169 -5.813596 -4.950569
SCALE 1.000000 1.000000 1.000000
X 0.623642 -0.477642 0.618812
Y 0.750903 0.586085 -0.304384
Z -0.217290 0.654494 0.724170

PART 73
OFFSET 11.497482 -5.960132 -7.108949
SCALE 1.000000 1.000000 1.000000
X -0.640365 -0.719452 0.268927
Y -0.691093 0.692493 0.206986
Z -0.335147 -0.053308 -0.940657

PART 74
OFFSET 11.502051 -5.671563 -6.436733
SCALE 1.000000 1.000000 1.000000
X -0.534050 -0.660692 0.527520
Y -0.825876 0.541174 -0.158306
Z -0.180889 -0.520209 -0.834663

PART 75
OFFSET 0.000000 0.000000 0.000000
SCALE 1.000000 1.000000 1.000000
X 1.000000 0.000000 0.000000
Y 0.000000 1.000000 0.000000
Z 0.000000 0.000000 1.000000

PART 76
OFFSET 0.000000 0.000000 0.000000
SCALE 1.000000 1.000000 1.000000
X 1.000000 0.000000 0.000000
Y 0.000000 1.000000 0.000000
Z 0.000000 0.000000 1.000000

PART 77
OFFSET 1.540551 0.000000 4.135827
SCALE 1.000000 1.000000 1.000000
X 1.000000 0.000000 0.000000
Y 0.000000 1.000000 0.000000
Z 0.000000 0.000000 1.000000

PART 78
OFFSET -4.631835 0.000000 -1.376957
SCALE 1.000000 1.000000 1.000000
X 1.000000 0.000000 0.000000
Y 0.000000 1.000000 0.000000
Z 0.000000 0.000000 1.000000

FRAME 2
PART 0
OFFSET 0.000000 0.000000 0.000000
SCALE 1.000000 1.000000 1.000000
X 1.000000 0.000000 0.000000
Y 0.000000 1.000000 0.000000
Z 0.000000 0.000000 1.000000

PART 1
OFFSET 2.063836 1.013657 -2.644646
SCALE 1.000000 1.000000 1.000000
X 0.843410 -0.174834 -0.508029
Y -0.046309 -0.965710 0.255461
Z -0.535272 -0.191932 -0.822585

PART 2
OFFSET -4.768998 -7.381334 2.680532
SCALE 1.000000 1.000000 1.000000
X -0.439511 0.501369 0.745291
Y -0.237218 -0.865057 0.442045
Z 0.866347 0.017487 0.499136

PART 3
OFFSET 12.480551 -5.736847 -5.568594
SCALE 1.000000 1.000000 1.000000
X 1.000000 0.000000 -0.000000
Y -0.000000 0.848099 -0.529838
Z 0.000000 0.529838 0.848099

PART 4
OFFSET 13.745596 17.667068 -17.903065
SCALE 1.000000 1.000000 1.000000
X 0.998737 0.041892 -0.027740
Y 0.021387 0.145113 0.989184
Z 0.045465 -0.988528 0.144033

PART 5
OFFSET 12.085807 -1.242206 -8.377848
SCALE 1.000000 1.000000 1.000000
X 0.901150 -0.315233 0.297586
Y -0.344026 -0.102348 0.933365
Z -0.263770 -0.943479 -0.200679

PART 6
OFFSET 0.736050 -14.330453 -7.080032
SCALE 1.000000 1.000000 1.000000
X -0.813965 -0.551353 -0.182948
Y 0.458444 -0.416256 -0.785213
Z 0.356777 -0.723008 0.591583

PART 7
OFFSET 12.480551 -5.736847 -5.568594
SCALE 1.000000 1.000000 1.000000
X 1.000000 0.000000 -0.000000
Y -0.000000 0.848099 -0.529838
Z 0.000000 0.529838 0.848099

PART 8
OFFSET 21.609101 -3.409552 -6.236867
SCALE 1.000000 1.000000 1.000000
X 0.903904 -0.312049 0.292547
Y 0.266148 0.945731 0.186437
Z -0.334849 -0.090660 0.937900

PART 9
OFFSET 20.903669 -4.803625 -6.863435
SCALE 1.000000 1.000000 1.000000
X 0.903904 -0.312049 0.292547
Y 0.266148 0.945731 0.186437
Z -0.334849 -0.090660 0.937900

PART 10
OFFSET 21.179409 -3.939130 -3.732652
SCALE 1.000000 1.000000 1.000000
X 0.903904 -0.312049 0.292547
Y 0.266148 0.945731 0.186437
Z -0.334849 -0.090660 0.937900

PART 11
OFFSET 20.665988 -5.179718 -3.826673
SCALE 1.000000 1.000000 1.000000
X 0.903904 -0.312049 0.292547
Y 0.266148 0.945731 0.186437
Z -0.334849 -0.090660 0.937900

PART 12
OFFSET 20.490031 -5.532477 -4.958170
SCALE 1.000000 1.000000 1.000000
X 0.903904 -0.312049 0.292547
Y 0.266148 0.945731 0.186437
Z -0.334849 -0.090660 0.937900

PART 13
OFFSET 22.477980 -5.072637 -4.876659
SCALE 1.000000 1.000000 1.000000
X 0.917717 0.384015 -0.101627
Y 0.146487 -0.089357 0.985168
Z 0.369239 -0.918993 -0.138258

PART 14
OFFSET 19.750655 -3.922994 -5.846097
SCALE 1.000000 1.000000 1.000000
X 0.901150 -0.315233 0.297586
Y -0.344026 -0.102348 0.933365
Z -0.263770 -0.943479 -0.200679

PART 15
OFFSET 8.823957 -8.532535 -3.542589
SCALE 1.000000 1.000000 1.000000
X -0.817657 -0.546888 -0.179861
Y -0.361030 0.730447 -0.579745
Z 0.448435 -0.409098 -0.794698

PART 16
OFFSET 8.171316 -7.539767 -4.175020
SCALE 1.000000 1.000000 1.000000
X -0.817657 -0.546888 -0.179861
Y -0.361030 0.730447 -0.579745
Z 0.448435 -0.409098 -0.794698

PART 17
OFFSET 8.082245 -7.712539 -5.357361
SCALE 1.000000 1.000000 1.000000
X -0.817657 -0.546888 -0.179861
Y -0.361030 0.730447 -0.579745
Z 0.448435 -0.409098 -0.794698

PART 18
OFFSET 10.147063 -7.840677 -4.921790
SCALE 1.000000 1.000000 1.000000
X -0.969680 -0.242527 0.030026
Y 0.167243 -0.748169 -0.642085
Z 0.178188 -0.617595 0.766046

PART 19
OFFSET 7.661033 -9.638639 -5.523705
SCALE 1.000000 1.000000 1.000000
X -0.813965 -0.551353 -0.182948
Y 0.458444 -0.416256 -0.785213
Z 0.356777 -0.723008 0.591583

PART 20
OFFSET 14.742559 -3.602241 -2.139314
SCALE 1.000000 1.000000 1.000000
X 1.000000 0.000000 -0.000000
Y -0.000000 0.848099 -0.529838
Z 0.000000 0.529838 0.848099

PART 21
OFFSET 22.657178 -3.912740 -1.965847
SCALE 1.000000 1.000000 1.000000
X 0.000000 -0.469686 0.882833
Y 1.000000 0.000000 0.000000
Z -0.000000 0.882833 0.469686

PART 22
OFFSET 31.864055 -3.597089 -2.142531
SCALE 1.000000 1.000000 1.000000
X 1.000000 0.000000 -0.000000
Y -0.000000 0.848099 -0.529838
Z 0.000000 0.529838 0.848099

PART 23
OFFSET 25.293739 -3.597089 -2.142531
SCALE 1.000000 1.000000 1.000000
X 1.000000 0.000000 -0.000000
Y -0.000000 0.848099 -0.529838
Z 0.000000 0.529838 0.848099

PART 24
OFFSET 21.333355 -1.616953 -3.671923
SCALE 1.000000 1.000000 1.000000
X 1.000000 0.000000 -0.000000
Y -0.000000 0.848099 -0.529838
Z 0.000000 0.529838 0.848099

PART 25
OFFSET 25.465209 -3.569689 -2.099680
SCALE 1.000000 1.000000 1.000000
X 1.000000 0.000000 -0.000000
Y -0.000000 0.848099 -0.529838
Z 0.000000 0.529838 0.848099

PART 26
OFFSET 22.649097 -0.204609 -4.244471
SCALE 1.000000 1.000000 1.000000
X 1.000000 0.000000 -0.000000
Y -0.000000 0.848099 -0.529838
Z 0.000000 0.529838 0.848099

PART 27
OFFSET 26.096416 -3.413491 -4.446578
SCALE 1.000000 1.000000 1.000000
X 0.625869 -0.695049 0.353829
Y -0.740111 -0.672384 -0.011663
Z 0.246016 -0.254573 -0.935237

PART 28
OFFSET 25.925589 -3.428682 -5.580205
SCALE 1.000000 1.000000 1.000000
X 0.462187 -0.690852 0.555974
Y -0.818722 -0.573310 -0.031783
Z 0.340703 -0.440498 -0.830592

PART 29
OFFSET 23.162677 -4.771699 -6.387706
SCALE 1.000000 1.000000 1.000000
X 0.992154 -0.089763 -0.087021
Y -0.033579 -0.861811 0.506116
Z -0.120426 -0.499223 -0.858064

PART 30
OFFSET 23.334509 -4.553667 -5.487074
SCALE 1.000000 1.000000 1.000000
X 0.957056 0.158230 -0.242914
Y 0.204655 -0.962227 0.179541
Z -0.205329 -0.221544 -0.953288

PART 31
OFFSET 23.200128 -5.363113 -4.094737
SCALE 1.000000 1.000000 1.000000
X 0.902424 -0.193242 0.385082
Y -0.409915 -0.109874 0.905482
Z -0.132666 -0.974980 -0.178366

PART 32
OFFSET 25.737529 -4.523299 -3.699838
SCALE 1.000000 1.000000 1.000000
X 0.937819 0.123074 -0.324573
Y -0.080622 0.986694 0.141192
Z 0.337631 -0.106245 0.935263

PART 33
OFFSET 25.449807 -5.383780 -5.893805
SCALE 1.000000 1.000000 1.000000
X -0.462795 -0.052749 -0.884895
Y -0.369175 0.919013 0.138294
Z 0.805935 0.390683 -0.444788

PART 34
OFFSET 13.850695 -6.578446 -4.249425
SCALE 1.000000 1.000000 1.000000
X -0.970428 -0.230626 0.071284
Y 0.192938 -0.563577 0.803216
Z -0.145068 0.793216 0.591408

PART 35
OFFSET 13.976023 -7.246090 -5.137568
SCALE 1.000000 1.000000 1.000000
X -0.028230 -0.867015 0.497482
Y 0.986962 0.054717 0.151367
Z -0.158458 0.495269 0.854166

PART 36
OFFSET 11.172456 -8.350345 -5.802111
SCALE 1.000000 1.000000 1.000000
X -0.816710 -0.309279 0.487166
Y 0.567293 -0.584909 0.579707
Z 0.105657 0.749818 0.653153

PART 37
OFFSET 11.229125 -7.861369 -5.267592
SCALE 1.000000 1.000000 1.000000
X -0.946924 -0.154145 0.282091
Y 0.318318 -0.572000 0.755970
Z 0.044827 0.805640 0.590707

PART 38
OFFSET 10.398123 -6.896985 -4.758514
SCALE 1.000000 1.000000 1.000000
X -0.364730 -0.918304 0.153917
Y 0.789253 -0.392613 -0.472160
Z 0.494016 -0.050731 0.867972

PART 39
OFFSET 6.065496 -8.548414 -3.843268
SCALE 1.000000 1.000000 1.000000
X -0.895168 -0.255237 0.365415
Y -0.445573 0.490715 -0.748775
Z 0.011801 -0.833098 -0.552999

PART 40
OFFSET 22.649097 -3.816365 -1.988075
SCALE 1.000000 1.000000 1.000000
X 1.000000 0.000000 -0.000000
Y -0.000000 0.848099 -0.529838
Z 0.000000 0.529838 0.848099

PART 41
OFFSET 27.108629 -4.704959 -3.795944
SCALE 1.000000 1.000000 1.000000
X -0.429548 -0.831588 0.352065
Y -0.849279 0.239494 -0.470497
Z 0.306942 -0.501103 -0.809124

PART 42
OFFSET 26.825734 -4.773152 -4.493578
SCALE 1.000000 1.000000 1.000000
X -0.359403 -0.846775 0.392176
Y -0.933172 0.324147 -0.155300
Z 0.004382 -0.421783 -0.906686

PART 43
OFFSET 25.407328 -4.939295 -6.448583
SCALE 1.000000 1.000000 1.000000
X 0.895114 -0.318687 0.311784
Y -0.432315 -0.791351 0.432282
Z 0.108968 -0.521730 -0.846123

PART 44
OFFSET 25.791137 -4.176267 -6.241391
SCALE 1.000000 1.000000 1.000000
X 0.682532 -0.491435 0.540964
Y -0.701647 -0.647762 0.296810
Z 0.204553 -0.582148 -0.786932

PART 45
OFFSET 25.147016 -5.820589 -3.160323
SCALE 1.000000 1.000000 1.000000
X 0.988901 -0.024590 -0.146530
Y 0.141067 -0.154213 0.977915
Z -0.046644 -0.987732 -0.149033

PART 46
OFFSET 15.241850 -5.837943 -4.559691
SCALE 1.000000 1.000000 1.000000
X 0.681265 -0.667774 0.299926
Y 0.703443 0.710577 -0.015759
Z -0.202597 0.221717 0.953832

PART 47
OFFSET 13.997507 -5.537567 -6.114513
SCALE 1.000000 1.000000 1.000000
X 0.894398 -0.359738 0.265782
Y 0.442799 0.628344 -0.639619
Z 0.063092 0.689763 0.721281

PART 48
OFFSET 13.163848 -7.604308 -6.795191
SCALE 1.000000 1.000000 1.000000
X 0.138569 -0.833275 0.535211
Y 0.990098 0.104295 -0.093963
Z 0.022477 0.542932 0.839476

PART 49
OFFSET 13.679989 -7.561112 -6.097175
SCALE 1.000000 1.000000 1.000000
X -0.047185 -0.863512 0.502116
Y 0.983745 -0.127364 -0.126589
Z 0.173263 0.487981 0.855485

PART 50
OFFSET 11.150583 -4.808903 -5.128696
SCALE 1.000000 1.000000 1.000000
X -0.887900 -0.390726 0.242830
Y 0.357383 -0.918224 -0.170708
Z 0.289672 -0.064789 0.954931

PART 51
OFFSET 26.267058 -5.343988 -3.495726
SCALE 1.000000 1.000000 1.000000
X -0.984602 0.089725 -0.150025
Y 0.169261 0.703830 -0.689908
Z 0.043690 -0.704679 -0.708180

PART 52
OFFSET 26.053594 -5.877868 -4.008339
SCALE 1.000000 1.000000 1.000000
X -0.931863 0.190948 -0.308498
Y 0.314508 0.849057 -0.424484
Z 0.180878 -0.492586 -0.851259

PART 53
OFFSET 26.695991 -5.415911 -5.994053
SCALE 1.000000 1.000000 1.000000
X -0.038816 -0.729643 0.682726
Y -0.964777 -0.150542 -0.215739
Z 0.260191 -0.667052 -0.698099

PART 54
OFFSET 26.980253 -5.058189 -5.322729
SCALE 1.000000 1.000000 1.000000
X -0.495316 -0.615931 0.612610
Y -0.856816 0.230068 -0.461449
Z 0.143279 -0.753457 -0.641696

PART 55
OFFSET 26.664072 -5.943522 -3.640307
SCALE 1.000000 1.000000 1.000000
X 0.787554 -0.156119 -0.596142
Y 0.606049 0.020967 0.795151
Z -0.111638 -0.987516 0.111129

PART 56
OFFSET 14.562686 -4.923657 -4.898364
SCALE 1.000000 1.000000 1.000000
X 0.632097 -0.707842 0.315299
Y 0.744959 0.667097 0.004162
Z -0.213282 0.232254 0.948983

PART 57
OFFSET 12.659956 -5.052771 -6.471548
SCALE 1.000000 1.000000 1.000000
X 0.858566 0.332424 -0.390331
Y -0.511756 0.601889 -0.613053
Z 0.031143 0.726101 0.686882

PART 58
OFFSET 12.977742 -6.451306 -7.539352
SCALE 1.000000 1.000000 1.000000
X 0.756109 -0.631205 0.172858
Y 0.651238 0.699566 -0.294101
Z 0.064713 0.334944 0.940013

PART 59
OFFSET 13.751596 -6.068642 -6.961821
SCALE 1.000000 1.000000 1.000000
X 0.882998 -0.466770 0.049401
Y 0.429863 0.761906 -0.484476
Z 0.188500 0.449027 0.873409

PART 60
OFFSET 12.602199 -4.500116 -5.586072
SCALE 1.000000 1.000000 1.000000
X -0.907909 0.286607 0.305871
Y -0.308313 -0.950980 -0.024071
Z 0.283978 -0.116159 0.951769

PART 61
OFFSET 25.154948 -5.242679 -3.665145
SCALE 1.000000 1.000000 1.000000
X 0.179950 -0.863179 0.471741
Y 0.975154 0.219528 0.029706
Z -0.129202 0.454675 0.881236

PART 62
OFFSET 24.999247 -5.665691 -4.363464
SCALE 1.000000 1.000000 1.000000
X 0.501254 -0.654902 0.565551
Y 0.851545 0.489419 -0.187992
Z -0.153675 0.575823 0.803002

PART 63
OFFSET 26.615101 -6.115888 -5.347055
SCALE 1.000000 1.000000 1.000000
X -0.995882 -0.074699 -0.051382
Y -0.005399 0.614585 -0.788832
Z 0.090503 -0.785306 -0.612457

PART 64
OFFSET 26.146081 -5.861804 -4.575266
SCALE 1.000000 1.000000 1.000000
X -0.936942 0.041913 -0.346963
Y 0.272342 0.709733 -0.649699
Z 0.219020 -0.703223 -0.676393

PART 65
OFFSET 27.520946 -6.157211 -4.266356
SCALE 1.000000 1.000000 1.000000
X 0.777984 0.523397 -0.347559
