// Export time: Fri Jun 17 07:28:03 2022

ANIMATION
VERSION 3

NUMPARTS 85
PART 0 "tag_torso"
PART 1 "j_shoulder_le"
PART 2 "j_shoulder_ri"
PART 3 "tag_weapon"
PART 4 "tag_weapon1"
PART 5 "j_elbow_le"
PART 6 "j_elbow_ri"
PART 7 "j_gun"
PART 8 "j_sleave_reshape_bottom_le_1"
PART 9 "j_sleave_reshape_bottom_le_2"
PART 10 "j_sleave_reshape_top_le_1"
PART 11 "j_sleave_reshape_top_le_2"
PART 12 "j_sleave_reshape_top_le_3"
PART 13 "j_wrist_le"
PART 14 "j_wristtwist_le"
PART 15 "j_sleave_reshape_top_ri_1"
PART 16 "j_sleave_reshape_top_ri_2"
PART 17 "j_sleave_reshape_top_ri_3"
PART 18 "j_wrist_ri"
PART 19 "j_wristtwist_ri"
PART 20 "tag_barrel"
PART 21 "tag_bolt_animate"
PART 22 "tag_brass"
PART 23 "tag_flash"
PART 24 "tag_grip"
PART 25 "tag_handguard"
PART 26 "tag_laser"
PART 27 "tag_mag_release_animate"
PART 28 "tag_sights_off"
PART 29 "tag_sights_on"
PART 30 "tag_stock"
PART 31 "tag_ext_mag_animate"
PART 32 "tag_foregrip"
PART 33 "j_index_le_0"
PART 34 "j_mid_le_0"
PART 35 "j_pinkypalm_le"
PART 36 "j_ringpalm_le"
PART 37 "j_thumb_le_0"
PART 38 "j_webbing_le"
PART 39 "tag_knife_attach"
PART 40 "j_index_ri_0"
PART 41 "j_mid_ri_0"
PART 42 "j_pinkypalm_ri"
PART 43 "j_ringpalm_ri"
PART 44 "j_thumb_ri_0"
PART 45 "j_webbing_ri"
PART 46 "tag_ext_mag_bullet_animate"
PART 47 "j_index_le_1"
PART 48 "j_mid_le_1"
PART 49 "j_pinky_le_0"
PART 50 "j_ring_le_0"
PART 51 "j_thumb_le_1"
PART 52 "j_index_ri_1"
PART 53 "j_mid_ri_1"
PART 54 "j_pinky_ri_0"
PART 55 "j_ring_ri_0"
PART 56 "j_thumb_ri_1"
PART 57 "j_index_le_2"
PART 58 "j_mid_le_2"
PART 59 "j_pinky_le_1"
PART 60 "j_ring_le_1"
PART 61 "j_thumb_le_2"
PART 62 "j_index_ri_2"
PART 63 "j_mid_ri_2"
PART 64 "j_pinky_ri_1"
PART 65 "j_ring_ri_1"
PART 66 "j_thumb_ri_2"
PART 67 "j_index_le_3"
PART 68 "j_mid_le_3"
PART 69 "j_pinky_le_2"
PART 70 "j_ring_le_2"
PART 71 "j_thumb_le_3"
PART 72 "j_index_ri_3"
PART 73 "j_mid_ri_3"
PART 74 "j_pinky_ri_2"
PART 75 "j_ring_ri_2"
PART 76 "j_thumb_ri_3"
PART 77 "j_pinky_le_3"
PART 78 "j_ring_le_3"
PART 79 "j_pinky_ri_3"
PART 80 "j_ring_ri_3"
PART 81 "tag_cambone"
PART 82 "tag_camera"
PART 83 "tag_gasmask"
PART 84 "tag_gasmask2"

FRAMERATE 30
NUMFRAMES 34
FRAME 0
PART 0
OFFSET 0.000000 0.000000 0.000000
SCALE 1.000000 1.000000 1.000000
X 1.000000 0.000000 0.000000
Y 0.000000 1.000000 0.000000
Z 0.000000 0.000000 1.000000

PART 1
OFFSET -0.321156 5.122504 -5.284808
SCALE 1.000000 1.000000 1.000000
X 0.576310 0.524252 -0.626918
Y 0.182015 -0.830197 -0.526919
Z -0.796704 0.189560 -0.573873

PART 2
OFFSET -5.958754 -8.734057 2.893548
SCALE 1.000000 1.000000 1.000000
X -0.737968 0.249420 0.627052
Y -0.530545 -0.788667 -0.310686
Z 0.417044 -0.561956 0.714339

PART 3
OFFSET 18.791609 -16.344173 -10.285420
SCALE 1.000000 1.000000 1.000000
X 0.583338 -0.238631 -0.776384
Y 0.318779 0.946435 -0.051383
Z 0.747059 -0.217522 0.628162

PART 4
OFFSET 13.745596 17.667068 -17.903065
SCALE 1.000000 1.000000 1.000000
X 0.998737 0.041892 -0.027740
Y 0.021387 0.145113 0.989184
Z 0.045465 -0.988528 0.144033

PART 5
OFFSET 6.701282 11.796097 -13.053013
SCALE 1.000000 1.000000 1.000000
X 0.911876 -0.410225 -0.014047
Y -0.291446 -0.671185 0.681593
Z -0.289035 -0.617435 -0.731596

PART 6
OFFSET 3.317469 -11.316322 -3.188199
SCALE 1.000000 1.000000 1.000000
X -0.832912 0.425142 0.354277
Y -0.392413 -0.002319 -0.919786
Z -0.390218 -0.905124 0.168763

PART 7
OFFSET 18.791609 -16.344173 -10.285420
SCALE 1.000000 1.000000 1.000000
X 0.583338 -0.238631 -0.776384
Y 0.318779 0.946435 -0.051383
Z 0.747059 -0.217522 0.628162

PART 8
OFFSET 16.297917 8.996494 -13.255889
SCALE 1.000000 1.000000 1.000000
X 0.914384 -0.404526 -0.016130
Y 0.290626 0.628145 0.721783
Z -0.281848 -0.664675 0.691932

PART 9
OFFSET 15.536784 8.282733 -14.576829
SCALE 1.000000 1.000000 1.000000
X 0.914384 -0.404526 -0.016130
Y 0.290626 0.628145 0.721783
Z -0.281848 -0.664675 0.691932

PART 10
OFFSET 16.004586 7.008568 -11.613242
SCALE 1.000000 1.000000 1.000000
X 0.914384 -0.404526 -0.016130
Y 0.290626 0.628145 0.721783
Z -0.281848 -0.664675 0.691932

PART 11
OFFSET 15.467977 6.086590 -12.433915
SCALE 1.000000 1.000000 1.000000
X 0.914384 -0.404526 -0.016130
Y 0.290626 0.628145 0.721783
Z -0.281848 -0.664675 0.691932

PART 12
OFFSET 15.222134 6.513774 -13.526050
SCALE 1.000000 1.000000 1.000000
X 0.914384 -0.404526 -0.016130
Y 0.290626 0.628145 0.721783
Z -0.281848 -0.664675 0.691932

PART 13
OFFSET 17.419985 7.094480 -13.113546
SCALE 1.000000 1.000000 1.000000
X 0.692951 -0.564860 -0.448054
Y -0.317973 -0.797177 0.513228
Z -0.647080 -0.213172 -0.732014

PART 14
OFFSET 14.457412 8.306771 -13.171734
SCALE 1.000000 1.000000 1.000000
X 0.911876 -0.410225 -0.014047
Y -0.291446 -0.671185 0.681593
Z -0.289035 -0.617435 -0.731596

PART 15
OFFSET 12.277555 -16.457622 -5.385354
SCALE 1.000000 1.000000 1.000000
X -0.829488 0.427608 0.359307
Y 0.398140 0.903868 -0.156547
Z -0.391707 0.013200 -0.919995

PART 16
OFFSET 12.796276 -15.215720 -5.375114
SCALE 1.000000 1.000000 1.000000
X -0.829488 0.427608 0.359307
Y 0.398140 0.903868 -0.156547
Z -0.391707 0.013200 -0.919995

PART 17
OFFSET 12.336469 -14.505871 -6.223882
SCALE 1.000000 1.000000 1.000000
X -0.829488 0.427608 0.359307
Y 0.398140 0.903868 -0.156547
Z -0.391707 0.013200 -0.919995

PART 18
OFFSET 12.991967 -16.352870 -7.294011
SCALE 1.000000 1.000000 1.000000
X -0.823049 0.154509 0.546551
Y -0.566385 -0.151419 -0.810111
Z -0.042411 -0.976319 0.212137

PART 19
OFFSET 10.404586 -14.932798 -6.202393
SCALE 1.000000 1.000000 1.000000
X -0.832912 0.425142 0.354277
Y -0.392413 -0.002319 -0.919786
Z -0.390218 -0.905124 0.168763

PART 20
OFFSET 28.824332 -20.093116 -17.084856
SCALE 1.000000 1.000000 1.000000
X 0.583338 -0.238631 -0.776384
Y 0.318779 0.946435 -0.051383
Z 0.747059 -0.217522 0.628162

PART 21
OFFSET 23.993790 -18.123597 -10.657882
SCALE 1.000000 1.000000 1.000000
X 0.583338 -0.238631 -0.776384
Y 0.318779 0.946435 -0.051383
Z 0.747059 -0.217522 0.628162

PART 22
OFFSET 27.617314 -19.989964 -15.641354
SCALE 1.000000 1.000000 1.000000
X 0.097339 -0.928440 0.358503
Y 0.583338 -0.238631 -0.776384
Z 0.806376 0.284701 0.518366

PART 23
OFFSET 33.116210 -21.848831 -22.797065
SCALE 1.000000 1.000000 1.000000
X 0.583338 -0.238631 -0.776384
Y 0.318779 0.946435 -0.051383
Z 0.747059 -0.217522 0.628162

PART 24
OFFSET 18.791609 -16.344173 -10.285420
SCALE 1.000000 1.000000 1.000000
X 0.583338 -0.238631 -0.776384
Y 0.318779 0.946435 -0.051383
Z 0.747059 -0.217522 0.628162

PART 25
OFFSET 29.283497 -20.280950 -17.695975
SCALE 1.000000 1.000000 1.000000
X 0.583338 -0.238631 -0.776384
Y 0.318779 0.946435 -0.051383
Z 0.747059 -0.217522 0.628162

PART 26
OFFSET 30.741121 -22.459800 -21.503503
SCALE 1.000000 1.000000 1.000000
X 0.583338 -0.238631 -0.776384
Y 0.318779 0.946435 -0.051383
Z 0.747059 -0.217522 0.628162

PART 27
OFFSET 27.581701 -16.925630 -14.904858
SCALE 1.000000 1.000000 1.000000
X 0.583338 -0.238631 -0.776384
Y 0.318779 0.946435 -0.051383
Z 0.747059 -0.217522 0.628162

PART 28
OFFSET 22.299602 -17.335994 -6.780107
SCALE 1.000000 1.000000 1.000000
X 0.583338 -0.238631 -0.776384
Y 0.318779 0.946435 -0.051383
Z 0.747059 -0.217522 0.628162

PART 29
OFFSET 22.299602 -17.335994 -6.780107
SCALE 1.000000 1.000000 1.000000
X 0.583338 -0.238631 -0.776384
Y 0.318779 0.946435 -0.051383
Z 0.747059 -0.217522 0.628162

PART 30
OFFSET 20.054323 -16.647647 -8.041323
SCALE 1.000000 1.000000 1.000000
X 0.583338 -0.238631 -0.776384
Y 0.318779 0.946435 -0.051383
Z 0.747059 -0.217522 0.628162

PART 31
OFFSET 29.004296 -15.881508 -15.822994
SCALE 1.000000 1.000000 1.000000
X 0.583338 -0.238631 -0.776384
Y 0.318779 0.946435 -0.051383
Z 0.747059 -0.217522 0.628162

PART 32
OFFSET 29.423316 -20.333414 -17.805273
SCALE 1.000000 1.000000 1.000000
X 0.583338 -0.238631 -0.776384
Y 0.318779 0.946435 -0.051383
Z 0.747059 -0.217522 0.628162

PART 33
OFFSET 20.116789 4.349654 -14.205817
SCALE 1.000000 1.000000 1.000000
X 0.368272 -0.803083 -0.468437
Y -0.856018 -0.096291 -0.507899
Z 0.362779 0.588035 -0.722915

PART 34
OFFSET 20.276655 5.266439 -14.845289
SCALE 1.000000 1.000000 1.000000
X 0.218799 -0.864429 -0.452648
Y -0.901145 -0.001087 -0.433516
Z 0.374252 0.502754 -0.779214

PART 35
OFFSET 18.271840 7.515913 -14.228676
SCALE 1.000000 1.000000 1.000000
X 0.462235 -0.401895 -0.790455
Y -0.884606 -0.271034 -0.379489
Z -0.061726 0.874655 -0.480800

PART 36
OFFSET 18.234562 6.826057 -13.848479
SCALE 1.000000 1.000000 1.000000
X 0.650865 -0.409433 -0.639327
Y -0.731219 -0.111589 -0.672953
Z 0.204188 0.905490 -0.372015

PART 37
OFFSET 17.198105 5.892895 -13.109552
SCALE 1.000000 1.000000 1.000000
X 0.207407 -0.960551 -0.185268
Y -0.372852 -0.252711 0.892815
Z -0.904414 -0.116099 -0.410557

PART 38
OFFSET 18.704437 3.973195 -14.072245
SCALE 1.000000 1.000000 1.000000
X 0.533566 -0.436594 -0.724357
Y 0.807554 0.008488 0.589733
Z -0.251325 -0.899619 0.357102

PART 39
OFFSET 18.483989 5.667808 -15.720393
SCALE 1.000000 1.000000 1.000000
X 0.051271 0.945803 -0.320668
Y 0.647110 0.213103 0.732008
Z 0.760671 -0.245038 -0.601112

PART 40
OFFSET 16.598076 -17.215903 -8.726274
SCALE 1.000000 1.000000 1.000000
X -0.799841 0.055116 0.597676
Y 0.052068 -0.985650 0.160574
Z 0.597949 0.159553 0.785493

PART 41
OFFSET 15.970136 -17.139559 -9.656948
SCALE 1.000000 1.000000 1.000000
X -0.445990 -0.894948 -0.012669
Y 0.719258 -0.349940 -0.600176
Z 0.532693 -0.276785 0.799768

PART 42
OFFSET 13.033680 -16.451213 -8.686960
SCALE 1.000000 1.000000 1.000000
X -0.681928 -0.097856 0.724843
Y 0.089383 -0.994731 -0.050201
Z 0.725937 0.030556 0.687082

PART 43
OFFSET 13.609532 -16.465656 -8.220639
SCALE 1.000000 1.000000 1.000000
X -0.678075 0.162883 0.716717
Y -0.010971 -0.977269 0.211717
Z 0.734911 0.135697 0.664449

PART 44
OFFSET 13.881036 -15.902359 -7.029704
SCALE 1.000000 1.000000 1.000000
X -0.871614 -0.487287 0.053298
Y 0.104295 -0.290587 -0.951148
Z 0.478970 -0.823475 0.304101

PART 45
OFFSET 10.022774 -16.105098 -4.220610
SCALE 1.000000 1.000000 1.000000
X -0.676673 -0.096806 0.729892
Y -0.220761 0.972386 -0.075696
Z -0.702408 -0.212354 -0.679359

PART 46
OFFSET 27.646727 -19.912045 -15.604172
SCALE 1.000000 1.000000 1.000000
X 0.583338 -0.238631 -0.776384
Y 0.318779 0.946435 -0.051383
Z 0.747059 -0.217522 0.628162

PART 47
OFFSET 20.860170 3.005271 -14.994438
SCALE 1.000000 1.000000 1.000000
X -0.159361 -0.833172 -0.529555
Y -0.934882 0.299702 -0.190196
Z 0.317175 0.464762 -0.826678

PART 48
OFFSET 20.741309 3.617516 -15.700196
SCALE 1.000000 1.000000 1.000000
X -0.141086 -0.744258 -0.652820
Y -0.989909 0.097223 0.103096
Z -0.013261 0.660778 -0.750464

PART 49
OFFSET 19.247682 6.458801 -15.960964
SCALE 1.000000 1.000000 1.000000
X 0.335446 -0.618407 -0.710668
Y -0.904999 -0.421047 -0.060788
Z -0.261633 0.663545 -0.700897

PART 50
OFFSET 19.969854 5.899329 -15.547292
SCALE 1.000000 1.000000 1.000000
X 0.321446 -0.776532 -0.541914
Y -0.946537 -0.279925 -0.160340
Z -0.027186 0.564483 -0.824997

PART 51
OFFSET 17.531203 3.806339 -13.467942
SCALE 1.000000 1.000000 1.000000
X 0.363768 -0.797089 -0.481997
Y -0.461756 -0.603703 0.649865
Z -0.808984 -0.013835 -0.587668

PART 52
OFFSET 17.921599 -17.425660 -9.794608
SCALE 1.000000 1.000000 1.000000
X -0.850335 -0.354658 0.388777
Y 0.256780 -0.924495 -0.281731
Z 0.459340 -0.139736 0.877200

PART 53
OFFSET 16.830386 -15.371337 -9.608968
SCALE 1.000000 1.000000 1.000000
X 0.392746 -0.689396 -0.608674
Y 0.507857 0.714368 -0.481414
Z 0.766702 -0.120046 0.630680

PART 54
OFFSET 14.747384 -16.344868 -10.309972
SCALE 1.000000 1.000000 1.000000
X -0.385783 -0.920796 0.057493
Y 0.581806 -0.291175 -0.759420
Z 0.716012 -0.259522 0.648055

PART 55
OFFSET 15.266970 -16.884984 -10.186454
SCALE 1.000000 1.000000 1.000000
X -0.487237 -0.868258 0.093422
Y 0.397758 -0.315892 -0.861395
Z 0.777424 -0.382545 0.499271

PART 56
OFFSET 15.770124 -14.756677 -7.090500
SCALE 1.000000 1.000000 1.000000
X -0.851402 -0.121477 0.510253
Y -0.355757 -0.581098 -0.731957
Z 0.385423 -0.804716 0.451532

PART 57
OFFSET 20.708996 1.945443 -15.562158
SCALE 1.000000 1.000000 1.000000
X -0.333438 -0.813310 -0.476808
Y -0.894570 0.432590 -0.112300
Z 0.297597 0.389093 -0.871804

PART 58
OFFSET 20.708116 2.560778 -16.634901
SCALE 1.000000 1.000000 1.000000
X -0.557896 -0.656011 -0.508333
Y -0.823449 0.361271 0.437511
Z -0.103366 0.662671 -0.741743

PART 59
OFFSET 19.701344 5.636866 -16.919003
SCALE 1.000000 1.000000 1.000000
X -0.082395 -0.839219 -0.537515
Y -0.981536 -0.025084 0.189623
Z -0.172619 0.543215 -0.821657

PART 60
OFFSET 20.495822 4.676722 -16.400358
SCALE 1.000000 1.000000 1.000000
X -0.350173 -0.823848 -0.445705
Y -0.936461 0.318317 0.147359
Z 0.020474 0.468987 -0.882968

PART 61
OFFSET 17.954166 2.462923 -14.175109
SCALE 1.000000 1.000000 1.000000
X 0.019876 -0.968007 -0.250133
Y -0.348603 -0.241192 0.905705
Z -0.937060 0.069196 -0.342244

PART 62
OFFSET 18.945271 -17.271825 -10.309946
SCALE 1.000000 1.000000 1.000000
X -0.857149 -0.114259 0.502236
Y 0.037602 -0.986364 -0.160226
Z 0.513695 -0.118452 0.849757

PART 63
OFFSET 16.218893 -14.402408 -8.693096
SCALE 1.000000 1.000000 1.000000
X 0.641288 0.223496 -0.734029
Y -0.098157 0.972675 0.210403
Z 0.760996 -0.062879 0.645703

PART 64
OFFSET 15.280648 -15.075989 -10.396322
SCALE 1.000000 1.000000 1.000000
X -0.041261 -0.826784 -0.561005
Y 0.789405 0.317217 -0.525560
Z 0.612485 -0.464545 0.639578

PART 65
OFFSET 16.102905 -15.401289 -10.339196
SCALE 1.000000 1.000000 1.000000
X 0.136316 -0.670408 -0.729363
Y 0.634848 0.624311 -0.455196
Z 0.760517 -0.400984 0.510711

PART 66
OFFSET 16.915660 -14.748801 -8.115076
SCALE 1.000000 1.000000 1.000000
X -0.369837 0.322828 0.871208
Y -0.867094 -0.456737 -0.198846
Z 0.333720 -0.828959 0.448840

PART 67
OFFSET 20.332424 1.026795 -16.100706
SCALE 1.000000 1.000000 1.000000
X 0.999815 -0.016031 0.010618
Y 0.007905 0.846070 0.533013
Z -0.017528 -0.532830 0.846041

PART 68
OFFSET 20.076105 1.822233 -17.216187
SCALE 1.000000 1.000000 1.000000
X 0.960488 0.227079 0.160927
Y -0.277757 0.745273 0.606151
Z 0.017710 -0.626899 0.778899

PART 69
OFFSET 19.642613 4.949724 -17.362515
SCALE 1.000000 1.000000 1.000000
X -0.632039 -0.744147 -0.216268
Y -0.743313 0.503249 0.440711
Z -0.219117 0.439301 -0.871207

PART 70
OFFSET 20.117072 3.535512 -17.049160
SCALE 1.000000 1.000000 1.000000
X -0.791510 -0.558933 -0.247198
Y -0.587308 0.583738 0.560642
Z -0.169062 0.588934 -0.790300

PART 71
OFFSET 17.926817 1.415172 -14.445858
SCALE 1.000000 1.000000 1.000000
X 0.544732 -0.808729 0.221866
Y 0.804626 0.578585 0.133474
Z -0.236313 0.105812 0.965899

PART 72
OFFSET 19.913401 -17.142822 -10.877190
SCALE 1.000000 1.000000 1.000000
X 0.389867 0.893995 0.220853
Y 0.752776 -0.171261 -0.635609
Z -0.530408 0.414056 -0.739747

PART 73
OFFSET 15.487139 -14.654438 -7.866159
SCALE 1.000000 1.000000 1.000000
X -0.480833 -0.788073 0.384371
Y -0.431132 0.594218 0.678992
Z -0.763496 0.160767 -0.625483

PART 74
OFFSET 15.316486 -14.339306 -9.894611
SCALE 1.000000 1.000000 1.000000
X 0.547456 -0.044410 -0.835655
Y 0.495344 0.822054 0.280824
Z 0.674482 -0.567675 0.472037

PART 75
OFFSET 15.877916 -14.483821 -9.314093
SCALE 1.000000 1.000000 1.000000
X 0.662110 0.034843 -0.748597
Y 0.230359 0.941092 0.247548
Z 0.713124 -0.336350 0.615080

PART 76
OFFSET 17.315104 -15.052234 -9.074381
SCALE 1.000000 1.000000 1.000000
X -0.666086 0.676643 0.313822
Y 0.219464 0.579914 -0.784561
Z -0.712857 -0.453712 -0.534771

PART 77
OFFSET 19.042161 4.242765 -17.567974
SCALE 1.000000 1.000000 1.000000
X 0.981803 0.189254 0.015708
Y -0.182014 0.914187 0.362124
Z 0.054173 -0.358393 0.931998

PART 78
OFFSET 19.258730 2.929355 -17.317261
SCALE 1.000000 1.000000 1.000000
X 0.974650 0.156195 -0.160190
Y -0.019895 0.773645 0.633306
Z 0.222849 -0.614065 0.757141

PART 79
OFFSET 14.796375 -14.297108 -9.100717
SCALE 1.000000 1.000000 1.000000
X -0.827821 -0.399280 0.394067
Y 0.106621 0.577662 0.809283
Z -0.550768 0.711957 -0.435629

PART 80
OFFSET 15.159869 -14.521566 -8.502192
SCALE 1.000000 1.000000 1.000000
X -0.635540 -0.584052 0.504947
Y -0.220623 0.764132 0.606158
Z -0.739874 0.273835 -0.614492

PART 81
OFFSET 0.000000 0.000000 0.000000
SCALE 1.000000 1.000000 1.000000
X 1.000000 0.000000 0.000000
Y 0.000000 1.000000 0.000000
Z 0.000000 0.000000 1.000000

PART 82
OFFSET 0.000000 0.000000 0.000000
SCALE 1.000000 1.000000 1.000000
X 1.000000 0.000000 0.000000
Y 0.000000 1.000000 0.000000
Z 0.000000 0.000000 1.000000

PART 83
OFFSET 1.540556 -0.000017 4.135819
SCALE 1.000000 1.000000 1.000000
X 1.000000 0.000000 0.000000
Y 0.000000 1.000000 0.000000
Z 0.000000 0.000000 1.000000

PART 84
OFFSET -4.631835 0.000000 -1.376957
SCALE 1.000000 1.000000 1.000000
X 1.000000 0.000000 0.000000
Y 0.000000 1.000000 0.000000
Z 0.000000 0.000000 1.000000

FRAME 1
PART 0
OFFSET 0.000000 0.000000 0.000000
SCALE 1.000000 1.000000 1.000000
X 1.000000 0.000000 0.000000
Y 0.000000 1.000000 0.000000
Z 0.000000 0.000000 1.000000

PART 1
OFFSET -0.283877 5.017847 -5.267565
SCALE 1.000000 1.000000 1.000000
X 0.607667 0.513237 -0.606076
Y 0.180152 -0.832321 -0.524201
Z -0.773489 0.209354 -0.598235

PART 2
OFFSET -5.912747 -8.758585 2.923457
SCALE 1.000000 1.000000 1.000000
X -0.734848 0.216858 0.642628
Y -0.483469 -0.832002 -0.272086
Z 0.475663 -0.510632 0.716239

PART 3
OFFSET 18.661054 -14.996548 -10.026987
SCALE 1.000000 1.000000 1.000000
X 0.759319 -0.296940 -0.579017
Y 0.292391 0.950619 -0.104071
Z 0.581328 -0.090276 0.808646

PART 4
OFFSET 13.745596 17.667068 -17.903065
SCALE 1.000000 1.000000 1.000000
X 0.998737 0.041892 -0.027740
Y 0.021387 0.145113 0.989184
Z 0.045465 -0.988528 0.144033

PART 5
OFFSET 7.166803 11.658906 -12.841356
SCALE 1.000000 1.000000 1.000000
X 0.878526 -0.475738 0.043195
Y -0.377996 -0.637034 0.671794
Z -0.292082 -0.606516 -0.739478

PART 6
OFFSET 3.338531 -10.879612 -3.370918
SCALE 1.000000 1.000000 1.000000
X -0.849666 0.377491 0.368196
Y -0.418003 -0.056488 -0.906688
Z -0.321468 -0.924289 0.205788

PART 7
OFFSET 18.661054 -14.996548 -10.026987
SCALE 1.000000 1.000000 1.000000
X 0.759319 -0.296940 -0.579017
Y 0.292391 0.950619 -0.104071
Z 0.581328 -0.090276 0.808646

PART 8
OFFSET 16.527330 8.164709 -12.459989
SCALE 1.000000 1.000000 1.000000
X 0.881560 -0.470272 0.041191
Y 0.295007 0.616921 0.729643
Z -0.368542 -0.631072 0.682586

PART 9
OFFSET 15.791266 7.486974 -13.813706
SCALE 1.000000 1.000000 1.000000
X 0.881560 -0.470272 0.041191
Y 0.295007 0.616921 0.729643
Z -0.368542 -0.631072 0.682586

PART 10
OFFSET 15.996372 6.230322 -10.813049
SCALE 1.000000 1.000000 1.000000
X 0.881560 -0.470272 0.041191
Y 0.295007 0.616921 0.729643
Z -0.368542 -0.631072 0.682586

PART 11
OFFSET 15.440366 5.336704 -11.651978
SCALE 1.000000 1.000000 1.000000
X 0.881560 -0.470272 0.041191
Y 0.295007 0.616921 0.729643
Z -0.368542 -0.631072 0.682586

PART 12
OFFSET 15.288526 5.762904 -12.761475
SCALE 1.000000 1.000000 1.000000
X 0.881560 -0.470272 0.041191
Y 0.295007 0.616921 0.729643
Z -0.368542 -0.631072 0.682586

PART 13
OFFSET 17.461040 6.194826 -12.249644
SCALE 1.000000 1.000000 1.000000
X 0.746159 -0.582587 -0.322240
Y -0.373807 -0.767122 0.521337
Z -0.550921 -0.268545 -0.790170

PART 14
OFFSET 14.639213 7.612353 -12.473194
SCALE 1.000000 1.000000 1.000000
X 0.878526 -0.475738 0.043195
Y -0.377996 -0.637034 0.671794
Z -0.292082 -0.606516 -0.739478

PART 15
OFFSET 12.565332 -15.458771 -5.703521
SCALE 1.000000 1.000000 1.000000
X -0.846276 0.380334 0.373046
Y 0.329811 0.923941 -0.193796
Z -0.418380 -0.040970 -0.907348

PART 16
OFFSET 12.996831 -14.184532 -5.743773
SCALE 1.000000 1.000000 1.000000
X -0.846276 0.380334 0.373046
Y 0.329811 0.923941 -0.193796
Z -0.418380 -0.040970 -0.907348

PART 17
OFFSET 12.464351 -13.533339 -6.597077
SCALE 1.000000 1.000000 1.000000
X -0.846276 0.380334 0.373046
Y 0.329811 0.923941 -0.193796
Z -0.418380 -0.040970 -0.907348

PART 18
OFFSET 13.164976 -15.342541 -7.654442
SCALE 1.000000 1.000000 1.000000
X -0.878814 0.138877 0.456507
Y -0.477162 -0.253579 -0.841435
Z -0.001095 -0.957293 0.289116

PART 19
OFFSET 10.568148 -14.090625 -6.503574
SCALE 1.000000 1.000000 1.000000
X -0.849666 0.377491 0.368196
Y -0.418003 -0.056488 -0.906688
Z -0.321468 -0.924289 0.205788

PART 20
OFFSET 30.140707 -18.932730 -13.723809
SCALE 1.000000 1.000000 1.000000
X 0.759319 -0.296940 -0.579017
Y 0.292391 0.950619 -0.104071
Z 0.581328 -0.090276 0.808646

PART 21
OFFSET 23.853603 -16.480572 -8.930231
SCALE 1.000000 1.000000 1.000000
X 0.759319 -0.296940 -0.579017
Y 0.292391 0.950619 -0.104071
Z 0.581328 -0.090276 0.808646

PART 22
OFFSET 28.620641 -18.725467 -12.629425
SCALE 1.000000 1.000000 1.000000
X 0.037350 -0.868457 0.494355
Y 0.759319 -0.296940 -0.579017
Z 0.649646 0.396999 0.648346

PART 23
OFFSET 35.727360 -21.117451 -17.983900
SCALE 1.000000 1.000000 1.000000
X 0.759319 -0.296940 -0.579017
Y 0.292391 0.950619 -0.104071
Z 0.581328 -0.090276 0.808646

PART 24
OFFSET 18.661054 -14.996548 -10.026987
SCALE 1.000000 1.000000 1.000000
X 0.759319 -0.296940 -0.579017
Y 0.292391 0.950619 -0.104071
Z 0.581328 -0.090276 0.808646

PART 25
OFFSET 30.738393 -19.166462 -14.179573
SCALE 1.000000 1.000000 1.000000
X 0.759319 -0.296940 -0.579017
Y 0.292391 0.950619 -0.104071
Z 0.581328 -0.090276 0.808646

PART 26
OFFSET 33.131732 -21.708910 -17.208964
SCALE 1.000000 1.000000 1.000000
X 0.759319 -0.296940 -0.579017
Y 0.292391 0.950619 -0.104071
Z 0.581328 -0.090276 0.808646

PART 27
OFFSET 28.315033 -15.601346 -12.346028
SCALE 1.000000 1.000000 1.000000
X 0.759319 -0.296940 -0.579017
Y 0.292391 0.950619 -0.104071
Z 0.581328 -0.090276 0.808646

PART 28
OFFSET 21.256896 -15.321704 -5.698843
SCALE 1.000000 1.000000 1.000000
X 0.759319 -0.296940 -0.579017
Y 0.292391 0.950619 -0.104071
Z 0.581328 -0.090276 0.808646

PART 29
OFFSET 21.256896 -15.321704 -5.698843
SCALE 1.000000 1.000000 1.000000
X 0.759319 -0.296940 -0.579017
Y 0.292391 0.950619 -0.104071
Z 0.581328 -0.090276 0.808646

PART 30
OFFSET 19.358628 -14.937799 -7.530498
SCALE 1.000000 1.000000 1.000000
X 0.759319 -0.296940 -0.579017
Y 0.292391 0.950619 -0.104071
Z 0.581328 -0.090276 0.808646

PART 31
OFFSET 29.883066 -14.593475 -13.040582
SCALE 1.000000 1.000000 1.000000
X 0.759319 -0.296940 -0.579017
Y 0.292391 0.950619 -0.104071
Z 0.581328 -0.090276 0.808646

PART 32
OFFSET 30.901863 -19.223350 -14.245062
SCALE 1.000000 1.000000 1.000000
X 0.759319 -0.296940 -0.579017
Y 0.292391 0.950619 -0.104071
Z 0.581328 -0.090276 0.808646

PART 33
OFFSET 20.288173 3.423827 -12.822936
SCALE 1.000000 1.000000 1.000000
X 0.428063 -0.826113 -0.366469
Y -0.786416 -0.140679 -0.601465
Z 0.445323 0.545661 -0.709888

PART 34
OFFSET 20.519845 4.300021 -13.496429
SCALE 1.000000 1.000000 1.000000
X 0.278236 -0.888375 -0.365206
Y -0.840948 -0.041590 -0.539516
Z 0.464103 0.457232 -0.758648

PART 35
OFFSET 18.440901 6.556014 -13.277345
SCALE 1.000000 1.000000 1.000000
X 0.558304 -0.445054 -0.700160
Y -0.829603 -0.307096 -0.466316
Z -0.007481 0.841201 -0.540671

PART 36
OFFSET 18.361362 5.891405 -12.860440
SCALE 1.000000 1.000000 1.000000
X 0.726966 -0.440294 -0.526936
Y -0.642289 -0.164587 -0.748583
Z 0.242870 0.882639 -0.402445

PART 37
OFFSET 17.247609 4.992954 -12.194523
SCALE 1.000000 1.000000 1.000000
X 0.234412 -0.967431 -0.095546
Y -0.478160 -0.200314 0.855124
Z -0.846412 -0.154765 -0.509543

PART 38
OFFSET 18.872409 3.036934 -12.838792
SCALE 1.000000 1.000000 1.000000
X 0.621164 -0.474481 -0.623717
Y 0.728897 0.057452 0.682208
Z -0.287861 -0.878389 0.381535

PART 39
OFFSET 18.845927 4.619515 -14.608379
SCALE 1.000000 1.000000 1.000000
X 0.084571 0.924004 -0.372915
Y 0.550952 0.268476 0.790173
Z 0.830241 -0.272283 -0.486376

PART 40
OFFSET 16.936620 -16.060699 -8.683769
SCALE 1.000000 1.000000 1.000000
X -0.854221 0.045011 0.517957
Y 0.098829 -0.964023 0.246765
Z 0.510430 0.261981 0.819041

PART 41
OFFSET 16.395360 -16.101558 -9.669473
SCALE 1.000000 1.000000 1.000000
X -0.386048 -0.922182 0.023384
Y 0.792934 -0.344682 -0.502444
Z 0.471405 -0.175425 0.864294

PART 42
OFFSET 13.343496 -15.546428 -9.024944
SCALE 1.000000 1.000000 1.000000
X -0.739588 -0.088276 0.667246
Y 0.155666 -0.986918 0.041974
Z 0.654811 0.134911 0.743654

PART 43
OFFSET 13.872740 -15.484036 -8.509893
SCALE 1.000000 1.000000 1.000000
X -0.751282 0.170656 0.637536
Y 0.030245 -0.956073 0.291563
Z 0.659288 0.238328 0.713119

PART 44
OFFSET 13.995380 -14.811671 -7.351349
SCALE 1.000000 1.000000 1.000000
X -0.840619 -0.541366 0.016788
Y 0.211169 -0.356125 -0.910265
Z 0.498765 -0.761641 0.413686

PART 45
OFFSET 9.910394 -15.063243 -4.888040
SCALE 1.000000 1.000000 1.000000
X -0.734909 -0.086469 0.672631
Y -0.272975 0.945658 -0.176682
Z -0.620801 -0.313456 -0.718576

PART 46
OFFSET 28.637875 -18.641830 -12.597381
SCALE 1.000000 1.000000 1.000000
X 0.759319 -0.296940 -0.579017
Y 0.292391 0.950619 -0.104071
Z 0.581328 -0.090276 0.808646

PART 47
OFFSET 21.131231 2.042408 -13.425284
SCALE 1.000000 1.000000 1.000000
X -0.087824 -0.867518 -0.489592
Y -0.906216 0.273646 -0.322319
Z 0.413592 0.415369 -0.810191

PART 48
OFFSET 21.096469 2.606643 -14.178831
SCALE 1.000000 1.000000 1.000000
X -0.054991 -0.786374 -0.615299
Y -0.995665 0.089481 -0.025374
Z 0.075011 0.611236 -0.787886

PART 49
OFFSET 19.628638 5.404181 -14.804805
SCALE 1.000000 1.000000 1.000000
X 0.423993 -0.657806 -0.622512
Y -0.888076 -0.436785 -0.143319
Z -0.177629 0.613604 -0.769375

PART 50
OFFSET 20.297852 4.882420 -14.270395
SCALE 1.000000 1.000000 1.000000
X 0.390529 -0.804937 -0.446726
Y -0.917855 -0.303069 -0.256304
Z 0.070919 0.510124 -0.857172

PART 51
OFFSET 17.634840 2.892635 -12.372795
SCALE 1.000000 1.000000 1.000000
X 0.425025 -0.821115 -0.380951
Y -0.534457 -0.567311 0.626510
Z -0.730554 -0.062681 -0.679972

PART 52
OFFSET 18.363830 -16.260956 -9.609452
SCALE 1.000000 1.000000 1.000000
X -0.860153 -0.377861 0.342576
Y 0.335702 -0.925096 -0.177488
Z 0.383982 -0.037664 0.922572

PART 53
OFFSET 17.135154 -14.279195 -9.694753
SCALE 1.000000 1.000000 1.000000
X 0.490511 -0.705759 -0.511178
Y 0.505240 0.708261 -0.493050
Z 0.710022 -0.016421 0.703988

PART 54
OFFSET 15.192158 -15.447852 -10.492936
SCALE 1.000000 1.000000 1.000000
X -0.331204 -0.938189 0.100524
Y 0.667653 -0.308304 -0.677635
Z 0.666741 -0.157320 0.728496

PART 55
OFFSET 15.730552 -15.938988 -10.278769
SCALE 1.000000 1.000000 1.000000
X -0.438670 -0.890222 0.122774
Y 0.495912 -0.353742 -0.793056
Z 0.749426 -0.287005 0.596648

PART 56
OFFSET 15.806555 -13.544993 -7.340979
SCALE 1.000000 1.000000 1.000000
X -0.886330 -0.140403 0.441254
Y -0.248399 -0.660046 -0.708969
Z 0.390789 -0.737988 0.550143

PART 57
OFFSET 21.057806 0.946392 -13.936857
SCALE 1.000000 1.000000 1.000000
X -0.266869 -0.846893 -0.459949
Y -0.876707 0.411528 -0.249059
Z 0.400208 0.336774 -0.852301

PART 58
OFFSET 21.185242 1.492011 -15.039724
SCALE 1.000000 1.000000 1.000000
X -0.486875 -0.695075 -0.528983
Y -0.873334 0.376619 0.308944
Z -0.015514 0.612396 -0.790399

PART 59
OFFSET 20.201581 4.529133 -15.644586
SCALE 1.000000 1.000000 1.000000
X -0.010543 -0.872952 -0.487693
Y -0.997224 -0.026775 0.069484
Z -0.073714 0.487071 -0.870246

PART 60
OFFSET 20.932410 3.615392 -14.971156
SCALE 1.000000 1.000000 1.000000
X -0.287467 -0.855578 -0.430523
Y -0.949472 0.313672 0.010617
Z 0.125959 0.411821 -0.902517

PART 61
OFFSET 18.149531 1.512788 -12.933866
SCALE 1.000000 1.000000 1.000000
X 0.056212 -0.981669 -0.182116
Y -0.455790 -0.187519 0.870110
Z -0.888310 0.034097 -0.457976

PART 62
OFFSET 19.419270 -16.083203 -10.045450
SCALE 1.000000 1.000000 1.000000
X -0.891551 -0.126759 0.434820
Y 0.107336 -0.991822 -0.069055
Z 0.440017 -0.014894 0.897866

PART 63
OFFSET 16.380958 -13.286702 -8.921632
SCALE 1.000000 1.000000 1.000000
X 0.692226 0.209662 -0.690555
Y -0.178064 0.976905 0.118107
Z 0.699369 0.041207 0.713572

PART 64
OFFSET 15.650868 -14.155447 -10.638385
SCALE 1.000000 1.000000 1.000000
X 0.063376 -0.868998 -0.490740
Y 0.813942 0.329543 -0.478436
Z 0.577480 -0.369113 0.728199

PART 65
OFFSET 16.482824 -14.416987 -10.481425
SCALE 1.000000 1.000000 1.000000
X 0.245875 -0.714249 -0.655281
Y 0.634579 0.629633 -0.448186
Z 0.732703 -0.305630 0.608059

PART 66
OFFSET 17.040574 -13.537249 -8.257063
SCALE 1.000000 1.000000 1.000000
X -0.469516 0.363367 0.804686
Y -0.814340 -0.530400 -0.235639
Z 0.341182 -0.765924 0.544935

PART 67
OFFSET 20.756422 -0.010187 -14.456355
SCALE 1.000000 1.000000 1.000000
X 0.990973 -0.000850 0.134062
Y -0.063314 0.878470 0.473585
Z -0.118172 -0.477797 0.870486

PART 68
OFFSET 20.634326 0.708855 -15.644652
SCALE 1.000000 1.000000 1.000000
X 0.931903 0.250656 0.262161
Y -0.355017 0.778400 0.517741
Z -0.074291 -0.575557 0.814380

PART 69
OFFSET 20.202033 3.814285 -16.046199
SCALE 1.000000 1.000000 1.000000
X -0.596031 -0.765333 -0.242925
Y -0.794954 0.519813 0.312799
Z -0.113120 0.379552 -0.918229

PART 70
OFFSET 20.643612 2.429745 -15.585613
SCALE 1.000000 1.000000 1.000000
X -0.751474 -0.584925 -0.305203
Y -0.655561 0.609873 0.445303
Z -0.074334 0.534713 -0.841758

PART 71
OFFSET 18.161883 0.449570 -13.136965
SCALE 1.000000 1.000000 1.000000
X 0.518149 -0.785206 0.339078
Y 0.778678 0.597080 0.192758
Z -0.353811 0.164155 0.920799

PART 72
OFFSET 20.426258 -15.940080 -10.536545
SCALE 1.000000 1.000000 1.000000
X 0.317343 0.932197 0.174075
Y 0.815947 -0.174869 -0.551045
Z -0.483242 0.316906 -0.816117

PART 73
OFFSET 15.591894 -13.523795 -8.144476
SCALE 1.000000 1.000000 1.000000
X -0.464663 -0.787263 0.405345
Y -0.529316 0.613925 0.585594
Z -0.709868 0.057549 -0.701980

PART 74
OFFSET 15.593306 -13.381070 -10.199377
SCALE 1.000000 1.000000 1.000000
X 0.625273 -0.071268 -0.777146
Y 0.414435 0.874123 0.253283
Z 0.661270 -0.480448 0.576101

PART 75
OFFSET 16.105613 -13.440100 -9.561313
SCALE 1.000000 1.000000 1.000000
X 0.726065 0.022367 -0.687263
Y 0.146836 0.971374 0.186739
Z 0.671766 -0.236499 0.701996

PART 76
OFFSET 17.546575 -13.886152 -9.148199
SCALE 1.000000 1.000000 1.000000
X -0.733588 0.650895 0.195408
Y 0.255575 0.530658 -0.808136
Z -0.629707 -0.542897 -0.555637

PART 77
OFFSET 19.635790 3.087198 -16.276983
SCALE 1.000000 1.000000 1.000000
X 0.971234 0.203765 0.123224
Y -0.230818 0.932797 0.276788
Z -0.058543 -0.297269 0.952997

PART 78
OFFSET 19.828691 1.795399 -15.916616
SCALE 1.000000 1.000000 1.000000
X 0.985929 0.159645 -0.049579
Y -0.102632 0.812182 0.574305
Z 0.131952 -0.561135 0.817139

PART 79
OFFSET 14.999267 -13.313358 -9.461070
SCALE 1.000000 1.000000 1.000000
X -0.834627 -0.424126 0.351446
Y -0.006206 0.645247 0.763949
Z -0.550780 0.635431 -0.541173

PART 80
OFFSET 15.318200 -13.464311 -8.815931
SCALE 1.000000 1.000000 1.000000
X -0.642458 -0.585752 0.494108
Y -0.323918 0.791920 0.517629
Z -0.694496 0.172505 -0.698511

PART 81
OFFSET 0.000000 0.000000 0.000000
SCALE 1.000000 1.000000 1.000000
X 1.000000 0.000000 0.000000
Y 0.000000 1.000000 0.000000
Z 0.000000 0.000000 1.000000

PART 82
OFFSET 0.000000 0.000000 0.000000
SCALE 1.000000 1.000000 1.000000
X 0.999986 0.002385 -0.004655
Y -0.002391 0.999996 -0.001276
Z 0.004652 0.001287 0.999988

PART 83
OFFSET 1.559777 0.008982 4.128598
SCALE 1.000000 1.000000 1.000000
X 0.999986 0.002385 -0.004655
Y -0.002391 0.999996 -0.001276
Z 0.004652 0.001287 0.999988

PART 84
OFFSET -4.638177 -0.012819 -1.355378
SCALE 1.000000 1.000000 1.000000
X 0.999986 0.002385 -0.004655
Y -0.002391 0.999996 -0.001276
Z 0.004652 0.001287 0.999988

FRAME 2
PART 0
OFFSET 0.000000 0.000000 0.000000
SCALE 1.000000 1.000000 1.000000
X 1.000000 0.000000 0.000000
Y 0.000000 1.000000 0.000000
Z 0.000000 0.000000 1.000000

PART 1
OFFSET -0.293468 4.936368 -5.258379
SCALE 1.000000 1.000000 1.000000
X 0.650893 0.493056 -0.577265
Y 0.179568 -0.838803 -0.513970
Z -0.737627 0.230881 -0.634508

PART 2
OFFSET -5.876287 -8.792372 2.948745
SCALE 1.000000 1.000000 1.000000
X -0.731838 0.182181 0.656676
Y -0.432021 -0.869258 -0.240311
Z 0.527041 -0.459566 0.714861

PART 3
OFFSET 18.723013 -13.726454 -9.872056
SCALE 1.000000 1.000000 1.000000
X 0.883648 -0.328562 -0.333486
Y 0.285297 0.942725 -0.172843
Z 0.371175 0.057590 0.926775

PART 4
OFFSET 13.745596 17.667068 -17.903065
SCALE 1.000000 1.000000 1.000000
X 0.998737 0.041892 -0.027740
Y 0.021387 0.145113 0.989184
Z 0.045465 -0.988528 0.144033

PART 5
OFFSET 7.741091 11.404613 -12.525286
SCALE 1.000000 1.000000 1.000000
X 0.838086 -0.534819 0.107613
Y -0.465247 -0.597685 0.652930
Z -0.284880 -0.597278 -0.749735

PART 6
OFFSET 3.339854 -10.434550 -3.537397
SCALE 1.000000 1.000000 1.000000
X -0.864124 0.327910 0.381791
Y -0.435460 -0.106824 -0.893848
Z -0.252317 -0.938650 0.235101

PART 7
OFFSET 18.723013 -13.726454 -9.872056
SCALE 1.000000 1.000000 1.000000
X 0.883648 -0.328562 -0.333486
Y 0.285297 0.942725 -0.172843
Z 0.371175 0.057590 0.926775

PART 8
OFFSET 16.786866 7.275546 -11.476912
SCALE 1.000000 1.000000 1.000000
X 0.841623 -0.529612 0.105748
Y 0.289171 0.607286 0.739989
Z -0.456126 -0.592212 0.664254

PART 9
OFFSET 16.095397 6.627604 -12.868208
SCALE 1.000000 1.000000 1.000000
X 0.841623 -0.529612 0.105748
Y 0.289171 0.607286 0.739989
Z -0.456126 -0.592212 0.664254

PART 10
OFFSET 16.013912 5.411086 -9.845191
SCALE 1.000000 1.000000 1.000000
X 0.841623 -0.529612 0.105748
Y 0.289171 0.607286 0.739989
Z -0.456126 -0.592212 0.664254

PART 11
OFFSET 15.452640 4.544081 -10.708194
SCALE 1.000000 1.000000 1.000000
X 0.841623 -0.529612 0.105748
Y 0.289171 0.607286 0.739989
Z -0.456126 -0.592212 0.664254

PART 12
OFFSET 15.404413 4.960820 -11.830552
SCALE 1.000000 1.000000 1.000000
X 0.841623 -0.529612 0.105748
Y 0.289171 0.607286 0.739989
Z -0.456126 -0.592212 0.664254

PART 13
OFFSET 17.509562 5.250523 -11.219593
SCALE 1.000000 1.000000 1.000000
X 0.801748 -0.582015 -0.135859
Y -0.449840 -0.737317 0.503991
Z -0.393501 -0.342959 -0.852957

PART 14
OFFSET 14.869481 6.855558 -11.609207
SCALE 1.000000 1.000000 1.000000
X 0.838086 -0.534819 0.107613
Y -0.465247 -0.597685 0.652930
Z -0.284880 -0.597278 -0.749735

PART 15
OFFSET 12.797683 -14.433353 -6.007750
SCALE 1.000000 1.000000 1.000000
X -0.860818 0.331093 0.386484
Y 0.260959 0.939162 -0.223328
Z -0.436914 -0.091388 -0.894849

PART 16
OFFSET 13.139903 -13.134160 -6.088252
SCALE 1.000000 1.000000 1.000000
X -0.860818 0.331093 0.386484
Y 0.260959 0.939162 -0.223328
Z -0.436914 -0.091388 -0.894849

PART 17
OFFSET 12.543193 -12.541597 -6.941787
SCALE 1.000000 1.000000 1.000000
X -0.860818 0.331093 0.386484
Y 0.260959 0.939162 -0.223328
Z -0.436914 -0.091388 -0.894849

PART 18
OFFSET 13.285230 -14.294105 -8.000244
SCALE 1.000000 1.000000 1.000000
X -0.931496 0.122886 0.342365
Y -0.363111 -0.369921 -0.855166
Z 0.021560 -0.920900 0.389202

PART 19
OFFSET 10.692435 -13.223685 -6.785749
SCALE 1.000000 1.000000 1.000000
X -0.864124 0.327910 0.381791
Y -0.435460 -0.106824 -0.893848
Z -0.252317 -0.938650 0.235101

PART 20
OFFSET 30.848976 -17.445631 -10.138899
SCALE 1.000000 1.000000 1.000000
X 0.883648 -0.328562 -0.333486
Y 0.285297 0.942725 -0.172843
Z 0.371175 0.057590 0.926775

PART 21
OFFSET 23.532749 -14.731665 -7.377311
SCALE 1.000000 1.000000 1.000000
X 0.883648 -0.328562 -0.333486
Y 0.285297 0.942725 -0.172843
Z 0.371175 0.057590 0.926775

PART 22
OFFSET 29.105192 -17.179605 -9.475815
SCALE 1.000000 1.000000 1.000000
X -0.061556 -0.787706 0.612968
Y 0.883648 -0.328562 -0.333486
Z 0.464087 0.521121 0.716280

PART 23
OFFSET 37.350374 -19.863008 -12.592505
SCALE 1.000000 1.000000 1.000000
X 0.883648 -0.328562 -0.333486
Y 0.285297 0.942725 -0.172843
Z 0.371175 0.057590 0.926775

PART 24
OFFSET 18.723013 -13.726454 -9.872056
SCALE 1.000000 1.000000 1.000000
X 0.883648 -0.328562 -0.333486
Y 0.285297 0.942725 -0.172843
Z 0.371175 0.057590 0.926775

PART 25
OFFSET 31.544526 -17.704253 -10.401397
SCALE 1.000000 1.000000 1.000000
X 0.883648 -0.328562 -0.333486
Y 0.285297 0.942725 -0.172843
Z 0.371175 0.057590 0.926775

PART 26
OFFSET 34.659886 -20.495003 -12.370042
SCALE 1.000000 1.000000 1.000000
X 0.883648 -0.328562 -0.333486
Y 0.285297 0.942725 -0.172843
Z 0.371175 0.057590 0.926775

PART 27
OFFSET 28.663215 -14.070216 -9.740759
SCALE 1.000000 1.000000 1.000000
X 0.883648 -0.328562 -0.333486
Y 0.285297 0.942725 -0.172843
Z 0.371175 0.057590 0.926775

PART 28
OFFSET 20.205530 -13.292742 -5.056354
SCALE 1.000000 1.000000 1.000000
X 0.883648 -0.328562 -0.333486
Y 0.285297 0.942725 -0.172843
Z 0.371175 0.057590 0.926775

PART 29
OFFSET 20.205530 -13.292742 -5.056354
SCALE 1.000000 1.000000 1.000000
X 0.883648 -0.328562 -0.333486
Y 0.285297 0.942725 -0.172843
Z 0.371175 0.057590 0.926775

PART 30
OFFSET 18.796197 -13.280505 -7.318961
SCALE 1.000000 1.000000 1.000000
X 0.883648 -0.328562 -0.333486
Y 0.285297 0.942725 -0.172843
Z 0.371175 0.057590 0.926775

PART 31
OFFSET 30.327100 -13.076718 -10.189523
SCALE 1.000000 1.000000 1.000000
X 0.883648 -0.328562 -0.333486
Y 0.285297 0.942725 -0.172843
Z 0.371175 0.057590 0.926775

PART 32
OFFSET 31.720318 -17.759823 -10.417412
SCALE 1.000000 1.000000 1.000000
X 0.883648 -0.328562 -0.333486
Y 0.285297 0.942725 -0.172843
Z 0.371175 0.057590 0.926775

PART 33
OFFSET 20.438692 2.531547 -11.055110
SCALE 1.000000 1.000000 1.000000
X 0.501172 -0.837625 -0.217279
Y -0.661333 -0.208810 -0.720442
Z 0.558091 0.504759 -0.658599

PART 34
OFFSET 20.774672 3.361995 -11.742465
SCALE 1.000000 1.000000 1.000000
X 0.354750 -0.904100 -0.238234
Y -0.727868 -0.107130 -0.677297
Z 0.586823 0.413674 -0.696070

PART 35
OFFSET 18.654010 5.564012 -12.079068
SCALE 1.000000 1.000000 1.000000
X 0.683581 -0.478613 -0.551041
Y -0.725774 -0.365828 -0.582599
Z 0.077253 0.798185 -0.597438

PART 36
OFFSET 18.510820 4.930041 -11.632504
SCALE 1.000000 1.000000 1.000000
X 0.817802 -0.455930 -0.351181
Y -0.492592 -0.239023 -0.836792
Z 0.297578 0.857319 -0.420061

PART 37
OFFSET 17.309312 4.050127 -11.109728
SCALE 1.000000 1.000000 1.000000
X 0.263658 -0.964307 0.024425
Y -0.622385 -0.150716 0.768064
Z -0.736968 -0.217708 -0.639908

PART 38
OFFSET 19.055953 2.101828 -11.295380
SCALE 1.000000 1.000000 1.000000
X 0.731941 -0.500398 -0.462454
Y 0.591573 0.129928 0.795713
Z -0.338087 -0.855991 0.391122

PART 39
OFFSET 19.326027 3.547301 -13.159346
SCALE 1.000000 1.000000 1.000000
X 0.135904 0.895943 -0.422868
Y 0.393532 0.342891 0.852970
Z 0.909210 -0.282334 -0.305982

PART 40
OFFSET 17.184579 -14.848639 -8.537343
SCALE 1.000000 1.000000 1.000000
X -0.908502 0.037050 0.416234
Y 0.126519 -0.924925 0.358477
Z 0.398267 0.378339 0.835609

PART 41
OFFSET 16.761896 -15.026537 -9.564908
SCALE 1.000000 1.000000 1.000000
X -0.332138 -0.939689 0.081664
Y 0.863449 -0.337751 -0.374672
Z 0.379658 -0.053930 0.923554

PART 42
OFFSET 13.629612 -14.622619 -9.313711
SCALE 1.000000 1.000000 1.000000
X -0.804156 -0.071562 0.590095
Y 0.206803 -0.964391 0.164869
Z 0.557285 0.254614 0.790320

PART 43
OFFSET 14.092490 -14.471822 -8.754895
SCALE 1.000000 1.000000 1.000000
X -0.827383 0.181596 0.531471
Y 0.052298 -0.917263 0.394833
Z 0.559199 0.354473 0.749430

PART 44
OFFSET 14.043726 -13.678865 -7.669457
SCALE 1.000000 1.000000 1.000000
X -0.804320 -0.594018 -0.014566
Y 0.333349 -0.430800 -0.838624
Z 0.491883 -0.679377 0.544516

PART 45
OFFSET 9.727096 -13.963473 -5.643624
SCALE 1.000000 1.000000 1.000000
X -0.800233 -0.068898 0.595719
Y -0.305481 0.901666 -0.306072
Z -0.516051 -0.426909 -0.742590

PART 46
OFFSET 29.112118 -17.091454 -9.453443
SCALE 1.000000 1.000000 1.000000
X 0.883648 -0.328562 -0.333486
Y 0.285297 0.942725 -0.172843
Z 0.371175 0.057590 0.926775

PART 47
OFFSET 21.399959 1.135532 -11.385243
SCALE 1.000000 1.000000 1.000000
X 0.017099 -0.903744 -0.427731
Y -0.836762 0.221231 -0.500885
Z 0.547300 0.366474 -0.752436

PART 48
OFFSET 21.493863 1.641078 -12.174764
SCALE 1.000000 1.000000 1.000000
X 0.071024 -0.831149 -0.551495
Y -0.975748 0.056877 -0.211380
Z 0.207056 0.553133 -0.806952

PART 49
OFFSET 20.118527 4.338640 -13.272475
SCALE 1.000000 1.000000 1.000000
X 0.540885 -0.689016 -0.482391
Y -0.839904 -0.472989 -0.266162
Z -0.044776 0.549125 -0.834540

PART 50
OFFSET 20.687753 3.878424 -12.587003
SCALE 1.000000 1.000000 1.000000
X 0.478599 -0.823573 -0.304419
Y -0.850723 -0.349151 -0.392892
Z 0.217286 0.447014 -0.867736

PART 51
OFFSET 17.756773 1.955075 -11.050031
SCALE 1.000000 1.000000 1.000000
