// Export time: Sat Jun 18 03:13:41 2022

ANIMATION
VERSION 3

NUMPARTS 79
PART 0 "tag_torso"
PART 1 "j_shoulder_le"
PART 2 "j_shoulder_ri"
PART 3 "tag_weapon"
PART 4 "tag_weapon1"
PART 5 "j_elbow_le"
PART 6 "j_elbow_ri"
PART 7 "j_gun"
PART 8 "j_sleave_reshape_bottom_le_1"
PART 9 "j_sleave_reshape_bottom_le_2"
PART 10 "j_sleave_reshape_top_le_1"
PART 11 "j_sleave_reshape_top_le_2"
PART 12 "j_sleave_reshape_top_le_3"
PART 13 "j_wrist_le"
PART 14 "j_wristtwist_le"
PART 15 "j_sleave_reshape_top_ri_1"
PART 16 "j_sleave_reshape_top_ri_2"
PART 17 "j_sleave_reshape_top_ri_3"
PART 18 "j_wrist_ri"
PART 19 "j_wristtwist_ri"
PART 20 "tag_bolt_animate"
PART 21 "tag_brass"
PART 22 "tag_flash"
PART 23 "tag_handguard"
PART 24 "tag_mag_release_animate"
PART 25 "tag_frame"
PART 26 "tag_ext_mag_animate"
PART 27 "j_index_le_0"
PART 28 "j_mid_le_0"
PART 29 "j_pinkypalm_le"
PART 30 "j_ringpalm_le"
PART 31 "j_thumb_le_0"
PART 32 "j_webbing_le"
PART 33 "tag_knife_attach"
PART 34 "j_index_ri_0"
PART 35 "j_mid_ri_0"
PART 36 "j_pinkypalm_ri"
PART 37 "j_ringpalm_ri"
PART 38 "j_thumb_ri_0"
PART 39 "j_webbing_ri"
PART 40 "tag_ext_mag_bullet_animate"
PART 41 "j_index_le_1"
PART 42 "j_mid_le_1"
PART 43 "j_pinky_le_0"
PART 44 "j_ring_le_0"
PART 45 "j_thumb_le_1"
PART 46 "j_index_ri_1"
PART 47 "j_mid_ri_1"
PART 48 "j_pinky_ri_0"
PART 49 "j_ring_ri_0"
PART 50 "j_thumb_ri_1"
PART 51 "j_index_le_2"
PART 52 "j_mid_le_2"
PART 53 "j_pinky_le_1"
PART 54 "j_ring_le_1"
PART 55 "j_thumb_le_2"
PART 56 "j_index_ri_2"
PART 57 "j_mid_ri_2"
PART 58 "j_pinky_ri_1"
PART 59 "j_ring_ri_1"
PART 60 "j_thumb_ri_2"
PART 61 "j_index_le_3"
PART 62 "j_mid_le_3"
PART 63 "j_pinky_le_2"
PART 64 "j_ring_le_2"
PART 65 "j_thumb_le_3"
PART 66 "j_index_ri_3"
PART 67 "j_mid_ri_3"
PART 68 "j_pinky_ri_2"
PART 69 "j_ring_ri_2"
PART 70 "j_thumb_ri_3"
PART 71 "j_pinky_le_3"
PART 72 "j_ring_le_3"
PART 73 "j_pinky_ri_3"
PART 74 "j_ring_ri_3"
PART 75 "tag_cambone"
PART 76 "tag_camera"
PART 77 "tag_gasmask"
PART 78 "tag_gasmask2"

FRAMERATE 30
NUMFRAMES 74
FRAME 0
PART 0
OFFSET 0.000000 0.000000 0.000000
SCALE 1.000000 1.000000 1.000000
X 1.000000 0.000000 0.000000
Y 0.000000 1.000000 0.000000
Z 0.000000 0.000000 1.000000

PART 1
OFFSET 2.012421 1.077323 -2.694884
SCALE 1.000000 1.000000 1.000000
X 0.852873 -0.192102 -0.485495
Y -0.061317 -0.960272 0.272247
Z -0.518506 -0.202423 -0.830768

PART 2
OFFSET -4.806000 -7.401901 2.691043
SCALE 1.000000 1.000000 1.000000
X -0.450189 0.493087 0.744443
Y -0.236332 -0.869771 0.433181
Z 0.861090 0.019077 0.508094

PART 3
OFFSET 12.641339 -5.736846 -5.568593
SCALE 1.000000 1.000000 1.000000
X 1.000000 0.000000 -0.000000
Y -0.000000 0.848099 -0.529838
Z 0.000000 0.529838 0.848099

PART 4
OFFSET 13.745596 17.667068 -17.903065
SCALE 1.000000 1.000000 1.000000
X 0.998737 0.041892 -0.027740
Y 0.021387 0.145113 0.989184
Z 0.045465 -0.988528 0.144033

PART 5
OFFSET 12.103558 -1.421420 -8.040193
SCALE 1.000000 1.000000 1.000000
X 0.915114 -0.300063 0.269309
Y -0.312561 -0.106016 0.943963
Z -0.254698 -0.948010 -0.190805

PART 6
OFFSET 0.819042 -14.210594 -7.028768
SCALE 1.000000 1.000000 1.000000
X -0.821930 -0.540784 -0.178842
Y 0.449514 -0.423022 -0.786759
Z 0.349812 -0.727052 0.590785

PART 7
OFFSET 12.641339 -5.736846 -5.568593
SCALE 1.000000 1.000000 1.000000
X 1.000000 0.000000 -0.000000
Y -0.000000 0.848099 -0.529838
Z 0.000000 0.529838 0.848099

PART 8
OFFSET 21.723767 -3.430619 -6.199259
SCALE 1.000000 1.000000 1.000000
X 0.917655 -0.296846 0.264182
Y 0.256586 0.950271 0.176492
Z -0.303435 -0.094173 0.948187

PART 9
OFFSET 21.021476 -4.837137 -6.801054
SCALE 1.000000 1.000000 1.000000
X 0.917655 -0.296846 0.264182
Y 0.256586 0.950271 0.176492
Z -0.303435 -0.094173 0.948187

PART 10
OFFSET 21.382308 -3.962051 -3.681886
SCALE 1.000000 1.000000 1.000000
X 0.917655 -0.296846 0.264182
Y 0.256586 0.950271 0.176492
Z -0.303435 -0.094173 0.948187

PART 11
OFFSET 20.886307 -5.210942 -3.757723
SCALE 1.000000 1.000000 1.000000
X 0.917655 -0.296846 0.264182
Y 0.256586 0.950271 0.176492
Z -0.303435 -0.094173 0.948187

PART 12
OFFSET 20.680298 -5.568755 -4.882541
SCALE 1.000000 1.000000 1.000000
X 0.917655 -0.296846 0.264182
Y 0.256586 0.950271 0.176492
Z -0.303435 -0.094173 0.948187

PART 13
OFFSET 22.654289 -5.071174 -4.876743
SCALE 1.000000 1.000000 1.000000
X 0.917721 0.384020 -0.101573
Y 0.146501 -0.089534 0.985150
Z 0.369223 -0.918974 -0.138427

PART 14
OFFSET 19.887216 -3.973228 -5.748895
SCALE 1.000000 1.000000 1.000000
X 0.915114 -0.300063 0.269309
Y -0.312561 -0.106016 0.943963
Z -0.254698 -0.948010 -0.190805

PART 15
OFFSET 8.997762 -8.516026 -3.532478
SCALE 1.000000 1.000000 1.000000
X -0.825549 -0.536268 -0.175743
Y -0.353916 0.734558 -0.578937
Z 0.439559 -0.415743 -0.796207

PART 16
OFFSET 8.355482 -7.515388 -4.163110
SCALE 1.000000 1.000000 1.000000
X -0.825549 -0.536268 -0.175743
Y -0.353916 0.734558 -0.578937
Z 0.439559 -0.415743 -0.796207

PART 17
OFFSET 8.259006 -7.688141 -5.344873
SCALE 1.000000 1.000000 1.000000
X -0.825549 -0.536268 -0.175743
Y -0.353916 0.734558 -0.578937
Z 0.439559 -0.415743 -0.796207

PART 18
OFFSET 10.323601 -7.847683 -4.919787
SCALE 1.000000 1.000000 1.000000
X -0.969789 -0.242112 0.029866
Y 0.167032 -0.748255 -0.642040
Z 0.177793 -0.617654 0.766089

PART 19
OFFSET 7.811876 -9.608726 -5.507408
SCALE 1.000000 1.000000 1.000000
X -0.821930 -0.540784 -0.178842
Y 0.449514 -0.423022 -0.786759
Z 0.349812 -0.727052 0.590785

PART 20
OFFSET 16.389756 -3.602286 -2.139285
SCALE 1.000000 1.000000 1.000000
X 1.000000 0.000000 -0.000000
Y -0.000000 0.848099 -0.529838
Z 0.000000 0.529838 0.848099

PART 21
OFFSET 22.817966 -3.912740 -1.965846
SCALE 1.000000 1.000000 1.000000
X 0.000000 -0.469686 0.882833
Y 1.000000 0.000000 0.000000
Z -0.000000 0.882833 0.469686

PART 22
OFFSET 32.024843 -3.597088 -2.142530
SCALE 1.000000 1.000000 1.000000
X 1.000000 0.000000 -0.000000
Y -0.000000 0.848099 -0.529838
Z 0.000000 0.529838 0.848099

PART 23
OFFSET 25.454527 -3.597088 -2.142530
SCALE 1.000000 1.000000 1.000000
X 1.000000 0.000000 -0.000000
Y -0.000000 0.848099 -0.529838
Z 0.000000 0.529838 0.848099

PART 24
OFFSET 21.494143 -1.616952 -3.671921
SCALE 1.000000 1.000000 1.000000
X 1.000000 0.000000 -0.000000
Y -0.000000 0.848099 -0.529838
Z 0.000000 0.529838 0.848099

PART 25
OFFSET 25.625997 -3.569688 -2.099679
SCALE 1.000000 1.000000 1.000000
X 1.000000 0.000000 -0.000000
Y -0.000000 0.848099 -0.529838
Z 0.000000 0.529838 0.848099

PART 26
OFFSET 22.809663 -0.204322 -4.244662
SCALE 1.000000 1.000000 1.000000
X 1.000000 0.000000 -0.000000
Y -0.000000 0.848099 -0.529838
Z 0.000000 0.529838 0.848099

PART 27
OFFSET 26.272718 -3.412157 -4.446390
SCALE 1.000000 1.000000 1.000000
X 0.625864 -0.695121 0.353696
Y -0.740121 -0.672371 -0.011772
Z 0.245998 -0.254410 -0.935286

PART 28
OFFSET 26.101864 -3.427142 -5.580013
SCALE 1.000000 1.000000 1.000000
X 0.462185 -0.690958 0.555844
Y -0.818731 -0.573293 -0.031872
Z 0.340683 -0.440355 -0.830676

PART 29
OFFSET 23.338939 -4.769927 -6.387639
SCALE 1.000000 1.000000 1.000000
X 0.992152 -0.089762 -0.087053
Y -0.033584 -0.861901 0.505963
Z -0.120447 -0.499069 -0.858151

PART 30
OFFSET 23.510778 -4.552050 -5.486971
SCALE 1.000000 1.000000 1.000000
X 0.957055 0.158259 -0.242900
Y 0.204644 -0.962262 0.179366
Z -0.205347 -0.221371 -0.953324

PART 31
OFFSET 23.376449 -5.361801 -4.094886
SCALE 1.000000 1.000000 1.000000
X 0.902427 -0.193324 0.385034
Y -0.409903 -0.110029 0.905468
Z -0.132684 -0.974946 -0.178537

PART 32
OFFSET 25.913864 -4.522094 -3.699874
SCALE 1.000000 1.000000 1.000000
X 0.937816 0.123118 -0.324565
Y -0.080605 0.986670 0.141369
Z 0.337644 -0.106416 0.935239

PART 33
OFFSET 25.626096 -5.382181 -5.893989
SCALE 1.000000 1.000000 1.000000
X -0.462809 -0.052585 -0.884897
Y -0.369160 0.918994 0.138463
Z 0.805934 0.390750 -0.444731

PART 34
OFFSET 14.022003 -6.593376 -4.245560
SCALE 1.000000 1.000000 1.000000
X -0.980685 -0.195069 -0.014323
Y 0.113232 -0.625914 0.771629
Z -0.159486 0.755103 0.635912

PART 35
OFFSET 14.153912 -7.258212 -5.150096
SCALE 1.000000 1.000000 1.000000
X 0.009609 -0.901507 0.432658
Y 0.999353 0.023659 0.027103
Z -0.034670 0.432118 0.901151

PART 36
OFFSET 11.261194 -8.364805 -5.816978
SCALE 1.000000 1.000000 1.000000
X -0.895439 -0.260642 0.360908
Y 0.440632 -0.634525 0.634997
Z 0.063498 0.727629 0.683026

PART 37
OFFSET 11.374368 -7.840865 -5.305145
SCALE 1.000000 1.000000 1.000000
X -0.978587 -0.083915 0.187952
Y 0.200331 -0.598025 0.776037
Z 0.047279 0.797073 0.602030

PART 38
OFFSET 10.619452 -6.874010 -4.753591
SCALE 1.000000 1.000000 1.000000
X -0.470530 -0.878267 0.085134
Y 0.770646 -0.456022 -0.445139
Z 0.429774 -0.143843 0.891406

PART 39
OFFSET 6.241548 -8.553652 -3.841946
SCALE 1.000000 1.000000 1.000000
X -0.895339 -0.254846 0.365268
Y -0.445235 0.490889 -0.748862
Z 0.011539 -0.833115 -0.552979

PART 40
OFFSET 22.809663 -3.816078 -1.988266
SCALE 1.000000 1.000000 1.000000
X 1.000000 0.000000 -0.000000
Y -0.000000 0.848099 -0.529838
Z 0.000000 0.529838 0.848099

PART 41
OFFSET 27.284935 -4.703773 -3.796022
SCALE 1.000000 1.000000 1.000000
X -0.429555 -0.831644 0.351924
Y -0.849283 0.239590 -0.470442
Z 0.306923 -0.500964 -0.809218

PART 42
OFFSET 27.001990 -4.771842 -4.493611
SCALE 1.000000 1.000000 1.000000
X -0.359409 -0.846839 0.392031
Y -0.933170 0.324188 -0.155229
Z 0.004362 -0.421622 -0.906761

PART 43
OFFSET 25.583564 -4.937547 -6.448558
SCALE 1.000000 1.000000 1.000000
X 0.895114 -0.318755 0.311714
Y -0.432320 -0.791421 0.432148
Z 0.108947 -0.521582 -0.846217

PART 44
OFFSET 25.967443 -4.174550 -6.241241
SCALE 1.000000 1.000000 1.000000
X 0.682533 -0.491541 0.540866
Y -0.701652 -0.647804 0.296706
Z 0.204532 -0.582011 -0.787038

PART 45
OFFSET 25.323345 -5.819459 -3.160571
SCALE 1.000000 1.000000 1.000000
X 0.988898 -0.024579 -0.146549
Y 0.141080 -0.154389 0.977886
Z -0.046661 -0.987704 -0.149208

PART 46
OFFSET 15.668977 -6.027325 -4.329791
SCALE 1.000000 1.000000 1.000000
X 0.047993 -0.945873 0.320968
Y 0.941178 0.150430 0.302579
Z -0.334485 0.287566 0.897455

PART 47
OFFSET 14.105957 -5.482749 -5.995314
SCALE 1.000000 1.000000 1.000000
X 0.895798 -0.421702 0.140404
Y 0.406527 0.649687 -0.642373
Z 0.179671 0.632515 0.753421

PART 48
OFFSET 13.435620 -7.736527 -6.495013
SCALE 1.000000 1.000000 1.000000
X 0.016734 -0.856007 0.516694
Y 0.983058 -0.080254 -0.164794
Z 0.182532 0.510697 0.840161

PART 49
OFFSET 13.907987 -7.723490 -5.900411
SCALE 1.000000 1.000000 1.000000
X -0.094983 -0.873784 0.476949
Y 0.927612 -0.251563 -0.276139
Z 0.361269 0.416195 0.834426

PART 50
OFFSET 11.573702 -4.890917 -4.957739
SCALE 1.000000 1.000000 1.000000
X -0.870646 -0.459968 0.174371
Y 0.414045 -0.876637 -0.245100
Z 0.265599 -0.141198 0.953688

PART 51
OFFSET 26.443352 -5.342842 -3.495907
SCALE 1.000000 1.000000 1.000000
X -0.984603 0.089767 -0.149994
Y 0.169261 0.703950 -0.689786
Z 0.043668 -0.704553 -0.708306

PART 52
OFFSET 26.229835 -5.876617 -4.008546
SCALE 1.000000 1.000000 1.000000
X -0.931865 0.191017 -0.308450
Y 0.314514 0.849128 -0.424338
Z 0.180857 -0.492438 -0.851349

PART 53
OFFSET 26.872232 -5.414259 -5.994125
SCALE 1.000000 1.000000 1.000000
X -0.038817 -0.729764 0.682597
Y -0.964782 -0.150489 -0.215751
Z 0.260171 -0.666932 -0.698221

PART 54
OFFSET 27.156570 -5.056654 -5.322758
SCALE 1.000000 1.000000 1.000000
X -0.495316 -0.616033 0.612508
Y -0.856819 0.230163 -0.461395
Z 0.143257 -0.753345 -0.641832

PART 55
OFFSET 26.840401 -5.942350 -3.640595
SCALE 1.000000 1.000000 1.000000
X 0.787543 -0.156025 -0.596182
Y 0.606062 0.020817 0.795145
Z -0.111651 -0.987534 0.110955

PART 56
OFFSET 15.524807 -4.868155 -4.669896
SCALE 1.000000 1.000000 1.000000
X 0.456669 -0.829576 0.321335
Y 0.839103 0.521652 0.154225
Z -0.295566 0.199204 0.934322

PART 57
OFFSET 12.767618 -4.907975 -6.168675
SCALE 1.000000 1.000000 1.000000
X 0.829131 0.316471 -0.460856
Y -0.539564 0.668764 -0.511494
Z 0.146331 0.672757 0.725249

PART 58
OFFSET 13.418178 -6.558302 -7.211507
SCALE 1.000000 1.000000 1.000000
X 0.611769 -0.780444 0.129019
Y 0.768537 0.547786 -0.330576
Z 0.187322 0.301392 0.934919

PART 59
OFFSET 14.068288 -6.225818 -6.709587
SCALE 1.000000 1.000000 1.000000
X 0.786404 -0.616725 -0.034926
Y 0.509850 0.679967 -0.526970
Z 0.348744 0.396604 0.849166

PART 60
OFFSET 13.011440 -4.493683 -5.328126
SCALE 1.000000 1.000000 1.000000
X -0.916635 0.278126 0.287101
Y -0.319851 -0.941120 -0.109495
Z 0.239743 -0.192196 0.951622

PART 61
OFFSET 25.331242 -5.241487 -3.665291
SCALE 1.000000 1.000000 1.000000
X 0.179944 -0.863266 0.471585
Y 0.975158 0.219508 0.029730
Z -0.129182 0.454520 0.881319

PART 62
OFFSET 25.175487 -5.664361 -4.363617
SCALE 1.000000 1.000000 1.000000
X 0.501253 -0.655010 0.565427
Y 0.851549 0.489440 -0.187918
Z -0.153654 0.575683 0.803106

PART 63
OFFSET 26.791337 -6.114346 -5.347241
SCALE 1.000000 1.000000 1.000000
X -0.995883 -0.074675 -0.051380
Y -0.005402 0.614725 -0.788723
Z 0.090482 -0.785198 -0.612598

PART 64
OFFSET 26.322397 -5.860394 -4.575428
SCALE 1.000000 1.000000 1.000000
X -0.936947 0.041989 -0.346941
Y 0.272343 0.709844 -0.649577
Z 0.218999 -0.703106 -0.676521

PART 65
OFFSET 27.697263 -6.155941 -4.266694
SCALE 1.000000 1.000000 1.000000
X 0.777986 0.523447 -0.347478
Y -0.551275 0.834030 0.022119
Z 0.301385 0.174348 0.937427

PART 66
OFFSET 15.009049 -3.931152 -5.032803
SCALE 1.000000 1.000000 1.000000
X -0.989281 -0.144677 0.019768
Y -0.141205 0.913357 -0.381891
Z 0.037196 -0.380589 -0.923996

PART 67
OFFSET 11.827158 -5.270705 -5.652179
SCALE 1.000000 1.000000 1.000000
X -0.301112 -0.715459 0.630436
Y -0.933460 0.356271 -0.041524
Z -0.194897 -0.600990 -0.775130

PART 68
OFFSET 12.871276 -5.862877 -7.325461
SCALE 1.000000 1.000000 1.000000
X 0.920838 0.038881 -0.388003
Y -0.118224 0.976021 -0.182772
Z 0.371593 0.214174 0.903354

PART 69
OFFSET 12.948409 -5.397528 -6.654730
SCALE 1.000000 1.000000 1.000000
X 0.918522 0.196860 -0.342874
Y -0.323202 0.873364 -0.364383
Z 0.227721 0.445512 0.865830

PART 70
OFFSET 13.997200 -4.769658 -5.680271
SCALE 1.000000 1.000000 1.000000
X -0.896568 0.134791 -0.421898
Y 0.442898 0.266931 -0.855914
Z -0.002752 -0.954243 -0.299020

PART 71
OFFSET 25.845222 -6.185288 -5.396052
SCALE 1.000000 1.000000 1.000000
X 0.751829 -0.214323 0.623554
Y 0.648238 0.413209 -0.639567
Z -0.120584 0.885056 0.449595

PART 72
OFFSET 25.306308 -5.814889 -4.951653
SCALE 1.000000 1.000000 1.000000
X 0.623762 -0.477587 0.618735
Y 0.750857 0.586019 -0.304624
Z -0.217106 0.654594 0.724135

PART 73
OFFSET 11.996444 -5.899819 -6.956857
SCALE 1.000000 1.000000 1.000000
X -0.684159 -0.673507 0.279848
Y -0.635051 0.738810 0.225544
Z -0.358660 -0.023409 -0.933175

PART 74
OFFSET 11.952234 -5.610971 -6.282873
SCALE 1.000000 1.000000 1.000000
X -0.555588 -0.636020 0.535537
Y -0.800461 0.583379 -0.137593
Z -0.224909 -0.505121 -0.833228

PART 75
OFFSET 0.000000 0.000000 0.000000
SCALE 1.000000 1.000000 1.000000
X 1.000000 0.000000 0.000000
Y 0.000000 1.000000 0.000000
Z 0.000000 0.000000 1.000000

PART 76
OFFSET 0.000000 0.000000 0.000000
SCALE 1.000000 1.000000 1.000000
X 1.000000 0.000000 0.000000
Y 0.000000 1.000000 0.000000
Z 0.000000 0.000000 1.000000

PART 77
OFFSET 1.540551 -0.000001 4.135835
SCALE 1.000000 1.000000 1.000000
X 1.000000 0.000000 0.000000
Y 0.000000 1.000000 0.000000
Z 0.000000 0.000000 1.000000

PART 78
OFFSET -4.631835 0.000000 -1.376957
SCALE 1.000000 1.000000 1.000000
X 1.000000 0.000000 0.000000
Y 0.000000 1.000000 0.000000
Z 0.000000 0.000000 1.000000

FRAME 1
PART 0
OFFSET 0.000000 0.000000 0.000000
SCALE 1.000000 1.000000 1.000000
X 1.000000 0.000000 0.000000
Y 0.000000 1.000000 0.000000
Z 0.000000 0.000000 1.000000

PART 1
OFFSET 2.596391 0.544461 -2.303232
SCALE 1.000000 1.000000 1.000000
X 0.719591 -0.044394 -0.692977
Y 0.111077 -0.977745 0.177980
Z -0.685456 -0.205047 -0.698645

PART 2
OFFSET -4.638280 -7.442029 2.375393
SCALE 1.000000 1.000000 1.000000
X -0.436458 0.485416 0.757546
Y -0.242973 -0.874283 0.420230
Z 0.866296 -0.000650 0.499531

PART 3
OFFSET 12.697553 -5.811206 -5.869747
SCALE 1.000000 1.000000 1.000000
X 0.999547 -0.005797 0.029542
Y 0.020054 0.860107 -0.509719
Z -0.022454 0.510080 0.859834

PART 4
OFFSET 13.745596 17.667068 -17.903065
SCALE 1.000000 1.000000 1.000000
X 0.998737 0.041892 -0.027740
Y 0.021387 0.145113 0.989184
Z 0.045465 -0.988528 0.144033

PART 5
OFFSET 11.404767 0.118220 -10.984946
SCALE 1.000000 1.000000 1.000000
X 0.844350 -0.347945 0.407439
Y -0.451013 -0.051049 0.891056
Z -0.289239 -0.936124 -0.200031

PART 6
OFFSET 0.806523 -14.153204 -7.525719
SCALE 1.000000 1.000000 1.000000
X -0.828208 -0.529744 -0.182875
Y 0.439732 -0.411979 -0.798066
Z 0.347430 -0.741380 0.574149

PART 7
OFFSET 12.697553 -5.811206 -5.869747
SCALE 1.000000 1.000000 1.000000
X 0.999547 -0.005797 0.029542
Y 0.020054 0.860107 -0.509719
Z -0.022454 0.510080 0.859834

PART 8
OFFSET 20.501450 -2.433827 -7.712066
SCALE 1.000000 1.000000 1.000000
X 0.847814 -0.345087 0.402650
Y 0.293308 0.937732 0.186088
Z -0.441794 -0.039668 0.896239

PART 9
OFFSET 19.797652 -3.813645 -8.371182
SCALE 1.000000 1.000000 1.000000
X 0.847814 -0.345087 0.402650
Y 0.293308 0.937732 0.186088
Z -0.441794 -0.039668 0.896239

PART 10
OFFSET 19.767448 -2.849499 -5.257551
SCALE 1.000000 1.000000 1.000000
X 0.847814 -0.345087 0.402650
Y 0.293308 0.937732 0.186088
Z -0.441794 -0.039668 0.896239

PART 11
OFFSET 19.202849 -4.066013 -5.370785
SCALE 1.000000 1.000000 1.000000
X 0.847814 -0.345087 0.402650
Y 0.293308 0.937732 0.186088
Z -0.441794 -0.039668 0.896239

PART 12
OFFSET 19.135917 -4.450968 -6.503488
SCALE 1.000000 1.000000 1.000000
X 0.847814 -0.345087 0.402650
Y 0.293308 0.937732 0.186088
Z -0.441794 -0.039668 0.896239

PART 13
OFFSET 21.148459 -4.167236 -6.158225
SCALE 1.000000 1.000000 1.000000
X 0.952688 0.303186 0.021518
Y 0.112850 -0.418560 0.901151
Z 0.282223 -0.856087 -0.432972

PART 14
OFFSET 18.586467 -2.840832 -7.518781
SCALE 1.000000 1.000000 1.000000
X 0.844350 -0.347945 0.407439
Y -0.451013 -0.051049 0.891056
Z -0.289239 -0.936124 -0.200031

PART 15
OFFSET 9.063344 -8.601402 -3.983687
SCALE 1.000000 1.000000 1.000000
X -0.831763 -0.525254 -0.179663
Y -0.351376 0.748695 -0.562130
Z 0.429774 -0.404429 -0.807299

PART 16
OFFSET 8.425707 -7.583067 -4.590242
SCALE 1.000000 1.000000 1.000000
X -0.831763 -0.525254 -0.179663
Y -0.351376 0.748695 -0.562130
Z 0.429774 -0.404429 -0.807299

PART 17
OFFSET 8.318878 -7.732296 -5.774317
SCALE 1.000000 1.000000 1.000000
X -0.831763 -0.525254 -0.179663
Y -0.351376 0.748695 -0.562130
Z 0.429774 -0.404429 -0.807299

PART 18
OFFSET 10.374137 -7.921012 -5.381098
SCALE 1.000000 1.000000 1.000000
X -0.971584 -0.236661 -0.003931
Y 0.181478 -0.734170 -0.654263
Z 0.151953 -0.636385 0.756257

PART 19
OFFSET 7.852780 -9.645261 -5.970029
SCALE 1.000000 1.000000 1.000000
X -0.828208 -0.529744 -0.182875
Y 0.439732 -0.411979 -0.798066
Z 0.347430 -0.741380 0.574149

PART 20
OFFSET 16.353436 -3.778267 -2.282435
SCALE 1.000000 1.000000 1.000000
X 0.999547 -0.005797 0.029542
Y 0.020054 0.860107 -0.509719
Z -0.022454 0.510080 0.859834

PART 21
OFFSET 22.772001 -4.129910 -1.926444
SCALE 1.000000 1.000000 1.000000
X -0.028593 -0.489964 0.871274
Y 0.999547 -0.005797 0.029542
Z -0.009423 0.871724 0.489907

PART 22
OFFSET 31.981560 -3.863639 -1.823664
SCALE 1.000000 1.000000 1.000000
X 0.999547 -0.005797 0.029542
Y 0.020054 0.860107 -0.509719
Z -0.022454 0.510080 0.859834

PART 23
OFFSET 25.414222 -3.825548 -2.017765
SCALE 1.000000 1.000000 1.000000
X 0.999547 -0.005797 0.029542
Y 0.020054 0.860107 -0.509719
Z -0.022454 0.510080 0.859834

PART 24
OFFSET 21.511127 -1.787656 -3.616972
SCALE 1.000000 1.000000 1.000000
X 0.999547 -0.005797 0.029542
Y 0.020054 0.860107 -0.509719
Z -0.022454 0.510080 0.859834

PART 25
OFFSET 25.584482 -3.800141 -1.969240
SCALE 1.000000 1.000000 1.000000
X 0.999547 -0.005797 0.029542
Y 0.020054 0.860107 -0.509719
Z -0.022454 0.510080 0.859834

PART 26
OFFSET 22.850295 -0.369803 -4.117540
SCALE 1.000000 1.000000 1.000000
X 0.999547 -0.005797 0.029542
Y 0.020054 0.860107 -0.509719
Z -0.022454 0.510080 0.859834

PART 27
OFFSET 24.886385 -3.036245 -5.239075
SCALE 1.000000 1.000000 1.000000
X 0.892632 -0.449282 -0.036780
Y -0.433139 -0.832225 -0.346109
Z 0.124891 0.324879 -0.937473

PART 28
OFFSET 24.711547 -2.713171 -6.302400
SCALE 1.000000 1.000000 1.000000
X 0.775708 -0.619320 0.121329
Y -0.570614 -0.770412 -0.284367
Z 0.269588 0.151354 -0.951007

PART 29
OFFSET 21.891620 -3.481768 -7.420141
SCALE 1.000000 1.000000 1.000000
X 0.972345 -0.110406 -0.205804
Y -0.091829 -0.990965 0.097757
Z -0.214738 -0.076155 -0.973698

PART 30
OFFSET 22.080431 -3.608972 -6.557589
SCALE 1.000000 1.000000 1.000000
X 0.964731 0.163273 -0.206485
Y 0.113280 -0.965559 -0.234230
Z -0.237617 0.202578 -0.950000

PART 31
OFFSET 21.837657 -4.771331 -5.492899
SCALE 1.000000 1.000000 1.000000
X 0.892916 -0.333627 0.302313
Y -0.409250 -0.321585 0.853872
Z -0.187656 -0.886158 -0.423685

PART 32
OFFSET 24.415766 -4.356049 -4.893156
SCALE 1.000000 1.000000 1.000000
X 0.953034 0.128173 -0.274404
Y 0.011416 0.890188 0.455450
Z 0.302648 -0.437192 0.846916

PART 33
OFFSET 24.100626 -4.424247 -7.245334
SCALE 1.000000 1.000000 1.000000
X -0.443760 0.283701 -0.850054
Y -0.282158 0.856088 0.433012
Z 0.850567 0.432003 -0.299849

PART 34
OFFSET 14.060457 -6.704168 -4.572466
SCALE 1.000000 1.000000 1.000000
X -0.978823 -0.203523 -0.021991
Y 0.115321 -0.636985 0.762201
Z -0.169134 0.743524 0.646966

PART 35
OFFSET 14.212764 -7.350355 -5.486426
SCALE 1.000000 1.000000 1.000000
X -0.008033 -0.911357 0.411539
Y 0.998256 0.016763 0.056606
Z -0.058486 0.411276 0.909633

PART 36
OFFSET 11.334560 -8.423015 -6.262590
SCALE 1.000000 1.000000 1.000000
X -0.907012 -0.263341 0.328603
Y 0.418400 -0.651852 0.632479
Z 0.047643 0.711154 0.701420

PART 37
OFFSET 11.435703 -7.911826 -5.735570
SCALE 1.000000 1.000000 1.000000
X -0.984099 -0.082127 0.157492
Y 0.174300 -0.617134 0.767310
Z 0.034177 0.782561 0.621636

PART 38
OFFSET 10.670458 -6.953335 -5.183656
SCALE 1.000000 1.000000 1.000000
X -0.477709 -0.877043 0.050883
Y 0.780724 -0.450377 -0.433163
Z 0.402819 -0.167201 0.899878

PART 39
OFFSET 6.258545 -8.626244 -4.438849
SCALE 1.000000 1.000000 1.000000
X -0.907007 -0.257649 0.333098
Y -0.420487 0.510932 -0.749760
Z 0.022984 -0.820101 -0.571757

PART 40
OFFSET 22.764894 -4.032700 -1.946826
SCALE 1.000000 1.000000 1.000000
X 0.999547 -0.005797 0.029542
Y 0.020054 0.860107 -0.509719
Z -0.022454 0.510080 0.859834

PART 41
OFFSET 26.476868 -3.727591 -5.303711
SCALE 1.000000 1.000000 1.000000
X 0.485192 -0.871157 -0.075326
Y -0.844417 -0.444441 -0.299053
Z 0.227044 0.208705 -0.951259

PART 42
OFFSET 26.219730 -3.853789 -6.065143
SCALE 1.000000 1.000000 1.000000
X 0.530413 -0.845608 -0.060077
Y -0.841318 -0.533778 0.085236
Z -0.104144 0.005334 -0.994548

PART 43
OFFSET 24.095961 -3.814846 -7.733046
SCALE 1.000000 1.000000 1.000000
X 0.963788 -0.266413 0.011705
Y -0.265806 -0.956209 0.122525
Z -0.021450 -0.121199 -0.992396

PART 44
OFFSET 24.552664 -3.147952 -7.224713
SCALE 1.000000 1.000000 1.000000
X 0.873984 -0.459359 0.158557
Y -0.480104 -0.866683 0.135503
Z 0.075174 -0.194552 -0.978007

PART 45
OFFSET 23.766138 -5.566455 -4.761489
SCALE 1.000000 1.000000 1.000000
X 0.993968 0.046055 -0.099529
Y 0.109630 -0.441002 0.890785
Z -0.002867 -0.896324 -0.443391

PART 46
OFFSET 15.738123 -6.176006 -4.617363
SCALE 1.000000 1.000000 1.000000
X -0.108233 -0.951409 0.288282
Y 0.932531 0.003323 0.361075
Z -0.344488 0.307912 0.886858

PART 47
OFFSET 14.199366 -5.555472 -6.290898
SCALE 1.000000 1.000000 1.000000
X 0.888959 -0.430453 0.156404
Y 0.428686 0.661874 -0.614939
Z 0.161183 0.613704 0.772908

PART 48
OFFSET 13.531287 -7.792790 -6.862423
SCALE 1.000000 1.000000 1.000000
X -0.003104 -0.867867 0.496788
Y 0.986976 -0.082560 -0.138063
Z 0.160835 0.489889 0.856820

PART 49
OFFSET 13.986201 -7.796528 -6.254237
SCALE 1.000000 1.000000 1.000000
X -0.113713 -0.884015 0.453416
Y 0.933841 -0.250886 -0.254947
Z 0.339133 0.394428 0.854058

PART 50
OFFSET 11.641312 -4.972051 -5.313594
SCALE 1.000000 1.000000 1.000000
X -0.877911 -0.458431 0.138249
Y 0.416104 -0.873284 -0.253443
Z 0.236917 -0.164975 0.957420

PART 51
OFFSET 26.915702 -4.855965 -5.327755
SCALE 1.000000 1.000000 1.000000
X -0.075990 -0.993749 -0.081781
Y -0.949166 0.097219 -0.299385
Z 0.305465 0.054874 -0.950621

PART 52
OFFSET 26.986331 -5.094118 -6.133530
SCALE 1.000000 1.000000 1.000000
X -0.304165 -0.952506 -0.014714
Y -0.950990 0.302706 0.063140
Z -0.055687 0.033198 -0.997896

PART 53
OFFSET 25.398639 -4.170963 -7.729763
SCALE 1.000000 1.000000 1.000000
X 0.685035 -0.688314 0.238643
Y -0.712147 -0.701738 0.020236
Z 0.153536 -0.183811 -0.970897

PART 54
OFFSET 25.918757 -3.845940 -6.995525
SCALE 1.000000 1.000000 1.000000
X 0.463457 -0.833475 0.300878
Y -0.874730 -0.484585 0.005022
Z 0.141615 -0.265514 -0.953650

PART 55
OFFSET 25.362444 -5.629903 -4.929326
SCALE 1.000000 1.000000 1.000000
X 0.972989 -0.228430 -0.033351
Y -0.031444 -0.274262 0.961141
Z -0.228701 -0.934131 -0.274036

PART 56
OFFSET 15.843267 -5.001307 -4.914888
SCALE 1.000000 1.000000 1.000000
X 0.198870 -0.928114 0.314729
Y 0.922299 0.285834 0.260123
Z -0.331384 0.238543 0.912843

PART 57
OFFSET 12.869875 -4.968453 -6.489481
SCALE 1.000000 1.000000 1.000000
X 0.843956 0.321891 -0.429097
Y -0.520694 0.683832 -0.511128
Z 0.128903 0.654798 0.744731

PART 58
OFFSET 13.541301 -6.598153 -7.551353
SCALE 1.000000 1.000000 1.000000
X 0.603382 -0.787048 0.128398
Y 0.780887 0.550493 -0.295251
Z 0.161694 0.278413 0.946753

PART 59
OFFSET 14.178365 -6.281496 -7.023156
SCALE 1.000000 1.000000 1.000000
X 0.783630 -0.620661 -0.026539
Y 0.528772 0.688818 -0.495913
Z 0.326075 0.374579 0.867966

PART 60
OFFSET 13.091424 -4.575334 -5.632752
SCALE 1.000000 1.000000 1.000000
X -0.923039 0.277118 0.266841
Y -0.321778 -0.936300 -0.140714
Z 0.210848 -0.215748 0.953413

PART 61
OFFSET 26.829919 -5.978402 -5.420113
SCALE 1.000000 1.000000 1.000000
X 0.967535 0.251101 0.028696
Y -0.252733 0.960762 0.114293
Z 0.001129 -0.117835 0.993033

PART 62
OFFSET 26.642117 -6.172882 -6.157305
SCALE 1.000000 1.000000 1.000000
X 0.844153 0.534682 0.038993
Y -0.534527 0.845015 -0.015187
Z -0.041070 -0.008022 0.999124

PART 63
OFFSET 26.003592 -4.777172 -7.520758
SCALE 1.000000 1.000000 1.000000
X -0.255131 -0.923483 0.286509
Y -0.950181 0.184581 -0.251171
Z 0.179068 -0.336317 -0.924568

PART 64
OFFSET 26.559218 -5.013835 -6.592041
SCALE 1.000000 1.000000 1.000000
X -0.327374 -0.935185 0.135114
Y -0.942183 0.312253 -0.121612
Z 0.071540 -0.167114 -0.983339

PART 65
OFFSET 26.403637 -5.924373 -4.961577
SCALE 1.000000 1.000000 1.000000
X 0.858670 0.374877 0.349505
Y -0.378736 0.923551 -0.060107
Z -0.345318 -0.080758 0.935004

PART 66
OFFSET 15.618686 -3.953020 -5.270329
SCALE 1.000000 1.000000 1.000000
X -0.990583 0.111316 -0.079717
Y 0.132039 0.930701 -0.341118
Z 0.036221 -0.348431 -0.936634

PART 67
OFFSET 11.912760 -5.337185 -6.009092
SCALE 1.000000 1.000000 1.000000
X -0.323337 -0.728011 0.604527
Y -0.929849 0.362980 -0.060215
Z -0.175594 -0.581589 -0.794305

PART 68
OFFSET 13.001844 -5.896856 -7.664806
SCALE 1.000000 1.000000 1.000000
X 0.931950 0.042115 -0.360132
Y -0.107396 0.980725 -0.163231
Z 0.346316 0.190800 0.918510

PART 69
OFFSET 13.062008 -5.447706 -6.981415
SCALE 1.000000 1.000000 1.000000
X 0.929204 0.199014 -0.311405
Y -0.307568 0.883601 -0.353060
Z 0.204893 0.423843 0.882256

PART 70
OFFSET 14.085465 -4.849224 -5.962538
SCALE 1.000000 1.000000 1.000000
X -0.883133 0.150168 -0.444438
Y 0.469122 0.283962 -0.836235
Z 0.000628 -0.947003 -0.321224

PART 71
OFFSET 25.761212 -5.654504 -7.248566
SCALE 1.000000 1.000000 1.000000
X 0.765384 0.639396 0.073214
Y -0.530582 0.691294 -0.490504
Z -0.364238 0.336578 0.868358

PART 72
OFFSET 26.204228 -6.028018 -6.445518
SCALE 1.000000 1.000000 1.000000
X 0.810052 0.578751 -0.094145
Y -0.586347 0.798536 -0.136150
Z -0.003619 0.165491 0.986205

PART 73
OFFSET 12.116455 -5.936870 -7.322680
SCALE 1.000000 1.000000 1.000000
X -0.695771 -0.675527 0.244061
Y -0.637213 0.737335 0.224270
Z -0.331455 0.000522 -0.943471

PART 74
OFFSET 12.054249 -5.663485 -6.643686
SCALE 1.000000 1.000000 1.000000
X -0.574494 -0.644796 0.504177
Y -0.792843 0.591420 -0.147047
Z -0.203365 -0.484211 -0.850989

PART 75
OFFSET 0.000000 0.000000 0.000000
SCALE 1.000000 1.000000 1.000000
X 1.000000 0.000000 0.000000
Y 0.000000 1.000000 0.000000
Z 0.000000 0.000000 1.000000

PART 76
OFFSET 0.000000 0.000000 0.000000
SCALE 1.000000 1.000000 1.000000
X 0.999999 0.000337 -0.001419
Y -0.000334 0.999998 0.001892
Z 0.001419 -0.001892 0.999997

PART 77
OFFSET 1.546419 -0.007306 4.133637
SCALE 1.000000 1.000000 1.000000
X 0.999999 0.000337 -0.001419
Y -0.000334 0.999998 0.001892
Z 0.001419 -0.001892 0.999997

PART 78
OFFSET -4.633784 0.001044 -1.370382
SCALE 1.000000 1.000000 1.000000
X 0.999999 0.000337 -0.001419
Y -0.000334 0.999998 0.001892
Z 0.001419 -0.001892 0.999997

FRAME 2
PART 0
OFFSET 0.000000 0.000000 0.000000
SCALE 1.000000 1.000000 1.000000
X 1.000000 0.000000 0.000000
Y 0.000000 1.000000 0.000000
Z 0.000000 0.000000 1.000000

PART 1
OFFSET 3.148127 -0.011332 -2.201893
SCALE 1.000000 1.000000 1.000000
X 0.546496 0.098216 -0.831683
Y 0.307222 -0.947373 0.089997
Z -0.779074 -0.304694 -0.547909

PART 2
OFFSET -4.240441 -7.557120 1.630650
SCALE 1.000000 1.000000 1.000000
X -0.403769 0.461669 0.789831
Y -0.261317 -0.885566 0.384040
Z 0.876746 -0.051333 0.478206

PART 3
OFFSET 12.922410 -6.009499 -6.706287
SCALE 1.000000 1.000000 1.000000
X 0.993763 -0.021372 0.109443
Y 0.068810 0.889848 -0.451038
Z -0.087748 0.455756 0.885769

PART 4
OFFSET 13.745596 17.667068 -17.903065
SCALE 1.000000 1.000000 1.000000
X 0.998737 0.041892 -0.027740
Y 0.021387 0.145113 0.989184
Z 0.045465 -0.988528 0.144033

PART 5
OFFSET 10.019365 1.567103 -13.264618
SCALE 1.000000 1.000000 1.000000
X 0.797639 -0.311660 0.516372
Y -0.548504 -0.018785 0.835937
Z -0.250828 -0.950008 -0.185930

PART 6
OFFSET 0.769006 -13.954997 -8.710253
SCALE 1.000000 1.000000 1.000000
X -0.846444 -0.496993 -0.191131
Y 0.412049 -0.384002 -0.826292
Z 0.337266 -0.778165 0.529821

PART 7
OFFSET 12.922410 -6.009499 -6.706287
SCALE 1.000000 1.000000 1.000000
X 0.993763 -0.021372 0.109443
Y 0.068810 0.889848 -0.451038
Z -0.087748 0.455756 0.885769

PART 8
OFFSET 18.722018 -0.647266 -8.867489
SCALE 1.000000 1.000000 1.000000
X 0.801582 -0.308958 0.511871
Y 0.256431 0.951050 0.172474
Z -0.540102 -0.006993 0.841571

PART 9
OFFSET 18.118039 -2.069995 -9.534358
SCALE 1.000000 1.000000 1.000000
X 0.801582 -0.308958 0.511871
Y 0.256431 0.951050 0.172474
Z -0.540102 -0.006993 0.841571

PART 10
OFFSET 17.720172 -0.963492 -6.494204
SCALE 1.000000 1.000000 1.000000
X 0.801582 -0.308958 0.511871
Y 0.256431 0.951050 0.172474
Z -0.540102 -0.006993 0.841571

PART 11
OFFSET 17.190067 -2.195048 -6.611501
SCALE 1.000000 1.000000 1.000000
X 0.801582 -0.308958 0.511871
Y 0.256431 0.951050 0.172474
Z -0.540102 -0.006993 0.841571

PART 12
OFFSET 17.257902 -2.633313 -7.724608
SCALE 1.000000 1.000000 1.000000
X 0.801582 -0.308958 0.511871
Y 0.256431 0.951050 0.172474
Z -0.540102 -0.006993 0.841571

PART 13
OFFSET 19.212894 -2.420134 -7.204731
SCALE 1.000000 1.000000 1.000000
X 0.958597 0.111991 0.261822
Y -0.020133 -0.890469 0.454598
Z 0.284055 -0.441047 -0.851346

PART 14
OFFSET 16.803677 -1.083294 -8.871941
SCALE 1.000000 1.000000 1.000000
X 0.797639 -0.311660 0.516372
Y -0.548504 -0.018785 0.835937
Z -0.250828 -0.950008 -0.185930

PART 15
OFFSET 9.249045 -8.815116 -5.075123
SCALE 1.000000 1.000000 1.000000
X -0.849805 -0.492571 -0.187630
Y -0.340765 0.784983 -0.517379
Z 0.402132 -0.375733 -0.834934

PART 16
OFFSET 8.629032 -7.750828 -5.617683
SCALE 1.000000 1.000000 1.000000
X -0.849805 -0.492571 -0.187630
Y -0.340765 0.784983 -0.517379
Z 0.402132 -0.375733 -0.834934

PART 17
OFFSET 8.494801 -7.838333 -6.805135
SCALE 1.000000 1.000000 1.000000
X -0.849805 -0.492571 -0.187630
Y -0.340765 0.784983 -0.517379
Z 0.402132 -0.375733 -0.834934

PART 18
OFFSET 10.523842 -8.111698 -6.503228
SCALE 1.000000 1.000000 1.000000
X -0.969942 -0.222892 -0.097631
Y 0.228257 -0.694351 -0.682477
Z 0.084329 -0.684248 0.724357

PART 19
OFFSET 7.970436 -9.725688 -7.084273
SCALE 1.000000 1.000000 1.000000
X -0.846444 -0.496993 -0.191131
Y 0.412049 -0.384002 -0.826292
Z 0.337266 -0.778165 0.529821

PART 20
OFFSET 16.292544 -4.254574 -2.715101
SCALE 1.000000 1.000000 1.000000
X 0.993763 -0.021372 0.109443
Y 0.068810 0.889848 -0.451038
Z -0.087748 0.455756 0.885769

PART 21
OFFSET 22.657750 -4.715951 -1.866784
SCALE 1.000000 1.000000 1.000000
X -0.103459 -0.542877 0.833415
Y 0.993763 -0.021372 0.109443
Z -0.041602 0.839540 0.541703

PART 22
OFFSET 31.830542 -4.583271 -1.006714
SCALE 1.000000 1.000000 1.000000
X 0.993763 -0.021372 0.109443
Y 0.068810 0.889848 -0.451038
Z -0.087748 0.455756 0.885769

PART 23
OFFSET 25.301203 -4.442851 -1.725788
SCALE 1.000000 1.000000 1.000000
X 0.993763 -0.021372 0.109443
Y 0.068810 0.889848 -0.451038
Z -0.087748 0.455756 0.885769

PART 24
OFFSET 21.558588 -2.255765 -3.501768
SCALE 1.000000 1.000000 1.000000
X 0.993763 -0.021372 0.109443
Y 0.068810 0.889848 -0.451038
Z -0.087748 0.455756 0.885769

PART 25
OFFSET 25.467177 -4.422862 -1.662213
SCALE 1.000000 1.000000 1.000000
X 0.993763 -0.021372 0.109443
Y 0.068810 0.889848 -0.451038
Z -0.087748 0.455756 0.885769

PART 26
OFFSET 22.946232 -0.828011 -3.802278
SCALE 1.000000 1.000000 1.000000
X 0.993763 -0.021372 0.109443
Y 0.068810 0.889848 -0.451038
Z -0.087748 0.455756 0.885769

PART 27
OFFSET 22.796553 -2.486645 -5.505130
SCALE 1.000000 1.000000 1.000000
X 0.958571 0.204805 0.197980
Y 0.254424 -0.303023 -0.918393
Z -0.128099 0.930716 -0.342576

PART 28
OFFSET 22.772702 -1.633106 -6.198151
SCALE 1.000000 1.000000 1.000000
X 0.996661 -0.033291 0.074559
Y 0.055210 -0.398004 -0.915721
Z 0.060160 0.916779 -0.394837

PART 29
OFFSET 20.138507 -1.324085 -7.655627
SCALE 1.000000 1.000000 1.000000
X 0.966766 0.090794 -0.238998
Y -0.102422 -0.718983 -0.687440
Z -0.234251 0.689072 -0.685789

PART 30
OFFSET 20.241229 -1.928812 -7.149083
SCALE 1.000000 1.000000 1.000000
X 0.977862 0.209222 0.003448
Y 0.107547 -0.488382 -0.865977
Z -0.179498 0.847177 -0.500071

PART 31
OFFSET 19.788884 -3.418778 -6.980888
SCALE 1.000000 1.000000 1.000000
X 0.853588 -0.502516 0.137353
Y -0.489724 -0.684120 0.540509
Z -0.177648 -0.528637 -0.830051

PART 32
OFFSET 22.288251 -3.725159 -6.132149
SCALE 1.000000 1.000000 1.000000
X 0.984819 0.154936 -0.078278
Y 0.006178 0.419371 0.907794
Z 0.173477 -0.894496 0.412047

PART 33
OFFSET 22.255538 -2.308716 -8.037228
SCALE 1.000000 1.000000 1.000000
X -0.321538 0.792721 -0.517886
Y -0.283996 0.441016 0.851382
Z 0.903305 0.420829 0.083326

PART 34
OFFSET 14.146638 -6.993196 -5.326764
SCALE 1.000000 1.000000 1.000000
X -0.972638 -0.224522 -0.059708
Y 0.109591 -0.670010 0.734218
Z -0.204853 0.707585 0.676283

PART 35
OFFSET 14.362836 -7.587168 -6.260742
SCALE 1.000000 1.000000 1.000000
X -0.049216 -0.935036 0.351120
Y 0.990391 -0.000199 0.138293
Z -0.129240 0.354553 0.926061

PART 36
OFFSET 11.548913 -8.570654 -7.333911
SCALE 1.000000 1.000000 1.000000
X -0.932996 -0.271103 0.236691
Y 0.359866 -0.695549 0.621859
Z -0.003958 0.665368 0.746505

PART 37
OFFSET 11.610874 -8.094696 -6.769182
SCALE 1.000000 1.000000 1.000000
X -0.994328 -0.078562 0.071688
Y 0.105857 -0.666024 0.738380
Z -0.010262 0.741781 0.670563

PART 38
OFFSET 10.811053 -7.162267 -6.221662
SCALE 1.000000 1.000000 1.000000
X -0.487535 -0.872018 -0.043534
Y 0.809757 -0.432954 -0.396035
Z 0.326501 -0.228333 0.917203

PART 39
OFFSET 6.339281 -8.818953 -5.944183
SCALE 1.000000 1.000000 1.000000
X -0.933311 -0.265703 0.241522
Y -0.353528 0.562250 -0.747592
Z 0.062841 -0.783120 -0.618687

PART 40
OFFSET 22.653196 -4.617564 -1.881465
SCALE 1.000000 1.000000 1.000000
X 0.993763 -0.021372 0.109443
Y 0.068810 0.889848 -0.451038
Z -0.087748 0.455756 0.885769

PART 41
OFFSET 24.245662 -1.998474 -4.981877
SCALE 1.000000 1.000000 1.000000
X 0.970198 0.168230 0.174400
Y 0.224515 -0.353337 -0.908155
Z -0.091157 0.920245 -0.380577

PART 42
OFFSET 24.601210 -1.655141 -5.999748
SCALE 1.000000 1.000000 1.000000
X 0.962984 0.242842 0.117001
Y 0.257853 -0.703349 -0.662429
Z -0.078573 0.668078 -0.739931

PART 43
OFFSET 22.346511 -1.354950 -8.203232
SCALE 1.000000 1.000000 1.000000
X 0.994790 0.091927 -0.044066
Y 0.039548 -0.746414 -0.664306
Z -0.093959 0.659102 -0.746161

PART 44
OFFSET 22.746920 -1.242581 -7.194043
SCALE 1.000000 1.000000 1.000000
X 0.999555 -0.025536 0.015437
Y -0.011987 -0.817385 -0.575967
Z 0.027326 0.575526 -0.817327

PART 45
OFFSET 21.615606 -4.610441 -6.687908
SCALE 1.000000 1.000000 1.000000
X 0.989493 0.002676 0.144557
Y -0.064269 -0.887474 0.456355
Z 0.129512 -0.460851 -0.877977

PART 46
OFFSET 15.855502 -6.561092 -5.252085
SCALE 1.000000 1.000000 1.000000
X -0.436475 -0.884399 0.165310
Y 0.823678 -0.318858 0.468918
Z -0.362001 0.340833 0.867634

PART 47
OFFSET 14.430152 -5.745633 -6.948621
SCALE 1.000000 1.000000 1.000000
X 0.869592 -0.451255 0.200443
Y 0.483005 0.693086 -0.535105
Z 0.102545 0.562139 0.820661

PART 48
OFFSET 13.792482 -7.933828 -7.712656
SCALE 1.000000 1.000000 1.000000
X -0.050912 -0.897012 0.439065
Y 0.994240 -0.087040 -0.062535
Z 0.094310 0.433352 0.896276

PART 49
OFFSET 14.196105 -7.981556 -7.071047
SCALE 1.000000 1.000000 1.000000
X -0.157736 -0.908941 0.385936
Y 0.949442 -0.247028 -0.193743
Z 0.271438 0.335863 0.901952

PART 50
OFFSET 11.805695 -5.189948 -6.147009
SCALE 1.000000 1.000000 1.000000
X -0.890050 -0.454327 0.037377
Y 0.428166 -0.861304 -0.273550
Z 0.156474 -0.227469 0.961131

PART 51
OFFSET 25.256519 -1.716933 -4.517479
SCALE 1.000000 1.000000 1.000000
X 0.847138 0.304572 0.435423
Y 0.514807 -0.267413 -0.814533
Z -0.131646 0.914181 -0.383332

PART 52
OFFSET 25.747913 -1.151349 -5.637130
SCALE 1.000000 1.000000 1.000000
X 0.970106 0.114179 0.214143
Y 0.223480 -0.764311 -0.604884
Z 0.094607 0.634658 -0.766980

PART 53
OFFSET 23.589136 -1.261397 -8.289701
SCALE 1.000000 1.000000 1.000000
X 0.988026 0.125997 0.089047
Y 0.152401 -0.707004 -0.690594
Z -0.024056 0.695895 -0.717740

PART 54
OFFSET 24.113769 -1.374566 -7.212396
SCALE 1.000000 1.000000 1.000000
X 0.975936 0.198573 0.090096
Y 0.212291 -0.770859 -0.600591
Z -0.049810 0.605265 -0.794464

PART 55
OFFSET 22.958464 -4.951006 -6.389676
SCALE 1.000000 1.000000 1.000000
X 0.446956 -0.808683 0.382442
Y -0.881383 -0.325003 0.342836
Z -0.152951 -0.490311 -0.858022

PART 56
OFFSET 16.466720 -5.533126 -5.365889
SCALE 1.000000 1.000000 1.000000
X -0.390583 -0.903267 0.177635
Y 0.845250 -0.275444 0.457912
Z -0.364688 0.328998 0.871070

PART 57
OFFSET 13.126266 -5.129589 -7.216841
SCALE 1.000000 1.000000 1.000000
X 0.878854 0.336641 -0.338065
Y -0.471469 0.721276 -0.507422
Z 0.073019 0.605338 0.792613

PART 58
OFFSET 13.868703 -6.698831 -8.321636
SCALE 1.000000 1.000000 1.000000
X 0.584311 -0.801547 0.126901
Y 0.806954 0.557286 -0.195595
Z 0.086058 0.216692 0.972440

PART 59
OFFSET 14.463059 -6.424279 -7.724580
SCALE 1.000000 1.000000 1.000000
X 0.777996 -0.628265 -0.002089
Y 0.573245 0.711216 -0.406893
Z 0.257123 0.315364 0.913473

PART 60
OFFSET 13.280288 -4.793620 -6.321848
SCALE 1.000000 1.000000 1.000000
X -0.939432 0.272321 0.208107
Y -0.316960 -0.921310 -0.225219
Z 0.130400 -0.277540 0.951823

PART 61
OFFSET 26.213330 -1.372907 -4.025633
SCALE 1.000000 1.000000 1.000000
X -0.777420 0.400084 0.485337
Y -0.628969 -0.489470 -0.604001
Z -0.004094 -0.774824 0.632164

PART 62
OFFSET 26.847144 -1.016999 -5.399601
SCALE 1.000000 1.000000 1.000000
X -0.892841 0.357192 0.274317
Y -0.445424 -0.610291 -0.655089
Z -0.066580 -0.707078 0.703995

PART 63
OFFSET 24.356992 -1.162169 -8.219293
SCALE 1.000000 1.000000 1.000000
X 0.967433 -0.216101 -0.131808
Y -0.246709 -0.688481 -0.682004
Z 0.056634 0.692311 -0.719373

PART 64
OFFSET 25.344137 -0.958363 -6.997744
SCALE 1.000000 1.000000 1.000000
X 0.989094 0.084784 -0.120434
Y 0.008766 -0.850135 -0.526491
Z -0.147023 0.519694 -0.841607

PART 65
OFFSET 23.419798 -5.853508 -6.009551
SCALE 1.000000 1.000000 1.000000
