// Export time: Sat Jun 18 18:27:41 2022

ANIMATION
VERSION 3

NUMPARTS 79
PART 0 "tag_torso"
PART 1 "j_shoulder_le"
PART 2 "j_shoulder_ri"
PART 3 "tag_weapon"
PART 4 "tag_weapon1"
PART 5 "j_elbow_le"
PART 6 "j_elbow_ri"
PART 7 "j_gun"
PART 8 "j_sleave_reshape_bottom_le_1"
PART 9 "j_sleave_reshape_bottom_le_2"
PART 10 "j_sleave_reshape_top_le_1"
PART 11 "j_sleave_reshape_top_le_2"
PART 12 "j_sleave_reshape_top_le_3"
PART 13 "j_wrist_le"
PART 14 "j_wristtwist_le"
PART 15 "j_sleave_reshape_top_ri_1"
PART 16 "j_sleave_reshape_top_ri_2"
PART 17 "j_sleave_reshape_top_ri_3"
PART 18 "j_wrist_ri"
PART 19 "j_wristtwist_ri"
PART 20 "tag_bolt_animate"
PART 21 "tag_brass"
PART 22 "tag_flash"
PART 23 "tag_handguard"
PART 24 "tag_mag_release_animate"
PART 25 "tag_frame"
PART 26 "tag_ext_mag_animate"
PART 27 "j_index_le_0"
PART 28 "j_mid_le_0"
PART 29 "j_pinkypalm_le"
PART 30 "j_ringpalm_le"
PART 31 "j_thumb_le_0"
PART 32 "j_webbing_le"
PART 33 "tag_knife_attach"
PART 34 "j_index_ri_0"
PART 35 "j_mid_ri_0"
PART 36 "j_pinkypalm_ri"
PART 37 "j_ringpalm_ri"
PART 38 "j_thumb_ri_0"
PART 39 "j_webbing_ri"
PART 40 "tag_ext_mag_bullet_animate"
PART 41 "j_index_le_1"
PART 42 "j_mid_le_1"
PART 43 "j_pinky_le_0"
PART 44 "j_ring_le_0"
PART 45 "j_thumb_le_1"
PART 46 "j_index_ri_1"
PART 47 "j_mid_ri_1"
PART 48 "j_pinky_ri_0"
PART 49 "j_ring_ri_0"
PART 50 "j_thumb_ri_1"
PART 51 "j_index_le_2"
PART 52 "j_mid_le_2"
PART 53 "j_pinky_le_1"
PART 54 "j_ring_le_1"
PART 55 "j_thumb_le_2"
PART 56 "j_index_ri_2"
PART 57 "j_mid_ri_2"
PART 58 "j_pinky_ri_1"
PART 59 "j_ring_ri_1"
PART 60 "j_thumb_ri_2"
PART 61 "j_index_le_3"
PART 62 "j_mid_le_3"
PART 63 "j_pinky_le_2"
PART 64 "j_ring_le_2"
PART 65 "j_thumb_le_3"
PART 66 "j_index_ri_3"
PART 67 "j_mid_ri_3"
PART 68 "j_pinky_ri_2"
PART 69 "j_ring_ri_2"
PART 70 "j_thumb_ri_3"
PART 71 "j_pinky_le_3"
PART 72 "j_ring_le_3"
PART 73 "j_pinky_ri_3"
PART 74 "j_ring_ri_3"
PART 75 "tag_cambone"
PART 76 "tag_camera"
PART 77 "tag_gasmask"
PART 78 "tag_gasmask2"

FRAMERATE 30
NUMFRAMES 88
FRAME 0
PART 0
OFFSET 0.000000 0.000000 0.000000
SCALE 1.000000 1.000000 1.000000
X 1.000000 0.000000 0.000000
Y 0.000000 1.000000 0.000000
Z 0.000000 0.000000 1.000000

PART 1
OFFSET 2.012391 1.077281 -2.694969
SCALE 1.000000 1.000000 1.000000
X 0.852873 -0.192102 -0.485495
Y -0.061317 -0.960272 0.272247
Z -0.518506 -0.202423 -0.830768

PART 2
OFFSET -4.806000 -7.402280 2.691044
SCALE 1.000000 1.000000 1.000000
X -0.450189 0.493087 0.744443
Y -0.236332 -0.869771 0.433181
Z 0.861090 0.019077 0.508094

PART 3
OFFSET 12.641920 -5.736846 -5.573585
SCALE 1.000000 1.000000 1.000000
X 1.000000 0.000000 -0.000000
Y -0.000000 0.848099 -0.529838
Z 0.000000 0.529838 0.848099

PART 4
OFFSET 13.745596 17.667068 -17.903065
SCALE 1.000000 1.000000 1.000000
X 0.998737 0.041892 -0.027740
Y 0.021387 0.145113 0.989184
Z 0.045465 -0.988528 0.144033

PART 5
OFFSET 12.103548 -1.421500 -8.040313
SCALE 1.000000 1.000000 1.000000
X 0.915114 -0.300063 0.269309
Y -0.312561 -0.106016 0.943963
Z -0.254698 -0.948010 -0.190805

PART 6
OFFSET 0.819046 -14.210968 -7.028819
SCALE 1.000000 1.000000 1.000000
X -0.821930 -0.540784 -0.178842
Y 0.449514 -0.423022 -0.786759
Z 0.349812 -0.727052 0.590785

PART 7
OFFSET 12.641920 -5.736846 -5.573585
SCALE 1.000000 1.000000 1.000000
X 1.000000 0.000000 -0.000000
Y -0.000000 0.848099 -0.529838
Z 0.000000 0.529838 0.848099

PART 8
OFFSET 21.723757 -3.430699 -6.199379
SCALE 1.000000 1.000000 1.000000
X 0.917655 -0.296846 0.264182
Y 0.256586 0.950271 0.176492
Z -0.303435 -0.094173 0.948187

PART 9
OFFSET 21.021466 -4.837217 -6.801174
SCALE 1.000000 1.000000 1.000000
X 0.917655 -0.296846 0.264182
Y 0.256586 0.950271 0.176492
Z -0.303435 -0.094173 0.948187

PART 10
OFFSET 21.382298 -3.962131 -3.682006
SCALE 1.000000 1.000000 1.000000
X 0.917655 -0.296846 0.264182
Y 0.256586 0.950271 0.176492
Z -0.303435 -0.094173 0.948187

PART 11
OFFSET 20.886297 -5.211022 -3.757843
SCALE 1.000000 1.000000 1.000000
X 0.917655 -0.296846 0.264182
Y 0.256586 0.950271 0.176492
Z -0.303435 -0.094173 0.948187

PART 12
OFFSET 20.680288 -5.568835 -4.882661
SCALE 1.000000 1.000000 1.000000
X 0.917655 -0.296846 0.264182
Y 0.256586 0.950271 0.176492
Z -0.303435 -0.094173 0.948187

PART 13
OFFSET 22.654277 -5.071258 -4.876847
SCALE 1.000000 1.000000 1.000000
X 0.917721 0.384020 -0.101573
Y 0.146501 -0.089534 0.985150
Z 0.369223 -0.918974 -0.138427

PART 14
OFFSET 19.887203 -3.973312 -5.748999
SCALE 1.000000 1.000000 1.000000
X 0.915114 -0.300063 0.269309
Y -0.312561 -0.106016 0.943963
Z -0.254698 -0.948010 -0.190805

PART 15
OFFSET 8.997766 -8.516400 -3.532530
SCALE 1.000000 1.000000 1.000000
X -0.825549 -0.536268 -0.175743
Y -0.353916 0.734558 -0.578937
Z 0.439559 -0.415743 -0.796207

PART 16
OFFSET 8.355486 -7.515762 -4.163161
SCALE 1.000000 1.000000 1.000000
X -0.825549 -0.536268 -0.175743
Y -0.353916 0.734558 -0.578937
Z 0.439559 -0.415743 -0.796207

PART 17
OFFSET 8.259010 -7.688515 -5.344924
SCALE 1.000000 1.000000 1.000000
X -0.825549 -0.536268 -0.175743
Y -0.353916 0.734558 -0.578937
Z 0.439559 -0.415743 -0.796207

PART 18
OFFSET 10.323608 -7.848009 -4.919851
SCALE 1.000000 1.000000 1.000000
X -0.969789 -0.242112 0.029866
Y 0.167032 -0.748255 -0.642040
Z 0.177793 -0.617654 0.766089

PART 19
OFFSET 7.811882 -9.609058 -5.507468
SCALE 1.000000 1.000000 1.000000
X -0.821930 -0.540784 -0.178842
Y 0.449514 -0.423022 -0.786759
Z 0.349812 -0.727052 0.590785

PART 20
OFFSET 16.390349 -3.602240 -2.144305
SCALE 1.000000 1.000000 1.000000
X 1.000000 0.000000 -0.000000
Y -0.000000 0.848099 -0.529838
Z 0.000000 0.529838 0.848099

PART 21
OFFSET 22.818547 -3.912740 -1.970838
SCALE 1.000000 1.000000 1.000000
X 0.000000 -0.469686 0.882833
Y 1.000000 0.000000 0.000000
Z -0.000000 0.882833 0.469686

PART 22
OFFSET 32.025424 -3.597088 -2.147522
SCALE 1.000000 1.000000 1.000000
X 1.000000 0.000000 -0.000000
Y -0.000000 0.848099 -0.529838
Z 0.000000 0.529838 0.848099

PART 23
OFFSET 25.455108 -3.597088 -2.147522
SCALE 1.000000 1.000000 1.000000
X 1.000000 0.000000 -0.000000
Y -0.000000 0.848099 -0.529838
Z 0.000000 0.529838 0.848099

PART 24
OFFSET 21.494724 -1.616952 -3.676914
SCALE 1.000000 1.000000 1.000000
X 1.000000 0.000000 -0.000000
Y -0.000000 0.848099 -0.529838
Z 0.000000 0.529838 0.848099

PART 25
OFFSET 25.626578 -3.569688 -2.104671
SCALE 1.000000 1.000000 1.000000
X 1.000000 0.000000 -0.000000
Y -0.000000 0.848099 -0.529838
Z 0.000000 0.529838 0.848099

PART 26
OFFSET 22.810240 -0.204324 -4.249636
SCALE 1.000000 1.000000 1.000000
X 1.000000 0.000000 -0.000000
Y -0.000000 0.848099 -0.529838
Z 0.000000 0.529838 0.848099

PART 27
OFFSET 26.272708 -3.412244 -4.446497
SCALE 1.000000 1.000000 1.000000
X 0.625864 -0.695121 0.353696
Y -0.740121 -0.672371 -0.011772
Z 0.245998 -0.254410 -0.935286

PART 28
OFFSET 26.101855 -3.427233 -5.580121
SCALE 1.000000 1.000000 1.000000
X 0.462185 -0.690958 0.555844
Y -0.818731 -0.573293 -0.031872
Z 0.340683 -0.440355 -0.830676

PART 29
OFFSET 23.338938 -4.770003 -6.387753
SCALE 1.000000 1.000000 1.000000
X 0.992152 -0.089762 -0.087053
Y -0.033584 -0.861901 0.505963
Z -0.120447 -0.499069 -0.858151

PART 30
OFFSET 23.510776 -4.552133 -5.487082
SCALE 1.000000 1.000000 1.000000
X 0.957055 0.158259 -0.242900
Y 0.204644 -0.962262 0.179366
Z -0.205347 -0.221371 -0.953324

PART 31
OFFSET 23.376438 -5.361886 -4.094987
SCALE 1.000000 1.000000 1.000000
X 0.902427 -0.193324 0.385034
Y -0.409903 -0.110029 0.905468
Z -0.132684 -0.974946 -0.178537

PART 32
OFFSET 25.913853 -4.522178 -3.699978
SCALE 1.000000 1.000000 1.000000
X 0.937816 0.123118 -0.324565
Y -0.080605 0.986670 0.141369
Z 0.337644 -0.106416 0.935239

PART 33
OFFSET 25.626084 -5.382265 -5.894093
SCALE 1.000000 1.000000 1.000000
X -0.462809 -0.052585 -0.884897
Y -0.369160 0.918994 0.138463
Z 0.805934 0.390750 -0.444731

PART 34
OFFSET 14.022010 -6.593699 -4.245624
SCALE 1.000000 1.000000 1.000000
X -0.980685 -0.195069 -0.014323
Y 0.113232 -0.625914 0.771629
Z -0.159486 0.755103 0.635912

PART 35
OFFSET 14.153919 -7.258534 -5.150160
SCALE 1.000000 1.000000 1.000000
X 0.009609 -0.901507 0.432658
Y 0.999353 0.023659 0.027103
Z -0.034670 0.432118 0.901151

PART 36
OFFSET 11.261156 -8.365166 -5.817066
SCALE 1.000000 1.000000 1.000000
X -0.895439 -0.260642 0.360908
Y 0.440632 -0.634525 0.634997
Z 0.063498 0.727629 0.683026

PART 37
OFFSET 11.374330 -7.841220 -5.305239
SCALE 1.000000 1.000000 1.000000
X -0.978587 -0.083915 0.187952
Y 0.200331 -0.598025 0.776037
Z 0.047279 0.797073 0.602030

PART 38
OFFSET 10.619462 -6.874338 -4.753655
SCALE 1.000000 1.000000 1.000000
X -0.470530 -0.878267 0.085134
Y 0.770646 -0.456022 -0.445139
Z 0.429774 -0.143843 0.891406

PART 39
OFFSET 6.241555 -8.553977 -3.842009
SCALE 1.000000 1.000000 1.000000
X -0.895339 -0.254846 0.365268
Y -0.445235 0.490889 -0.748862
Z 0.011539 -0.833115 -0.552979

PART 40
OFFSET 22.810240 -3.816080 -1.993240
SCALE 1.000000 1.000000 1.000000
X 1.000000 0.000000 -0.000000
Y -0.000000 0.848099 -0.529838
Z 0.000000 0.529838 0.848099

PART 41
OFFSET 27.284924 -4.703853 -3.796128
SCALE 1.000000 1.000000 1.000000
X -0.429555 -0.831644 0.351924
Y -0.849283 0.239590 -0.470442
Z 0.306923 -0.500964 -0.809218

PART 42
OFFSET 27.001983 -4.771938 -4.493724
SCALE 1.000000 1.000000 1.000000
X -0.359409 -0.846839 0.392031
Y -0.933170 0.324188 -0.155229
Z 0.004362 -0.421622 -0.906761

PART 43
OFFSET 25.583556 -4.937630 -6.448668
SCALE 1.000000 1.000000 1.000000
X 0.895114 -0.318755 0.311714
Y -0.432320 -0.791421 0.432148
Z 0.108947 -0.521582 -0.846217

PART 44
OFFSET 25.967438 -4.174636 -6.241354
SCALE 1.000000 1.000000 1.000000
X 0.682533 -0.491541 0.540866
Y -0.701652 -0.647804 0.296706
Z 0.204532 -0.582011 -0.787038

PART 45
OFFSET 25.323333 -5.819535 -3.160669
SCALE 1.000000 1.000000 1.000000
X 0.988898 -0.024579 -0.146549
Y 0.141080 -0.154389 0.977886
Z -0.046661 -0.987704 -0.149208

PART 46
OFFSET 15.668984 -6.027644 -4.329854
SCALE 1.000000 1.000000 1.000000
X 0.047993 -0.945873 0.320968
Y 0.941178 0.150430 0.302579
Z -0.334485 0.287566 0.897455

PART 47
OFFSET 14.105963 -5.483070 -5.995376
SCALE 1.000000 1.000000 1.000000
X 0.895798 -0.421702 0.140404
Y 0.406527 0.649687 -0.642373
Z 0.179671 0.632515 0.753421

PART 48
OFFSET 13.435586 -7.736889 -6.495100
SCALE 1.000000 1.000000 1.000000
X 0.016734 -0.856007 0.516694
Y 0.983058 -0.080254 -0.164794
Z 0.182532 0.510697 0.840161

PART 49
OFFSET 13.907950 -7.723843 -5.900504
SCALE 1.000000 1.000000 1.000000
X -0.094983 -0.873784 0.476949
Y 0.927612 -0.251563 -0.276139
Z 0.361269 0.416195 0.834426

PART 50
OFFSET 11.573711 -4.891246 -4.957802
SCALE 1.000000 1.000000 1.000000
X -0.870646 -0.459968 0.174371
Y 0.414045 -0.876637 -0.245100
Z 0.265599 -0.141198 0.953688

PART 51
OFFSET 26.443341 -5.342922 -3.496012
SCALE 1.000000 1.000000 1.000000
X -0.984603 0.089767 -0.149994
Y 0.169261 0.703950 -0.689786
Z 0.043668 -0.704553 -0.708306

PART 52
OFFSET 26.229829 -5.876709 -4.008660
SCALE 1.000000 1.000000 1.000000
X -0.931865 0.191017 -0.308450
Y 0.314514 0.849128 -0.424338
Z 0.180857 -0.492438 -0.851349

PART 53
OFFSET 26.872226 -5.414342 -5.994237
SCALE 1.000000 1.000000 1.000000
X -0.038817 -0.729764 0.682597
Y -0.964782 -0.150489 -0.215751
Z 0.260171 -0.666932 -0.698221

PART 54
OFFSET 27.156571 -5.056740 -5.322876
SCALE 1.000000 1.000000 1.000000
X -0.495316 -0.616033 0.612508
Y -0.856819 0.230163 -0.461395
Z 0.143257 -0.753345 -0.641832

PART 55
OFFSET 26.840392 -5.942428 -3.640692
SCALE 1.000000 1.000000 1.000000
X 0.787543 -0.156025 -0.596182
Y 0.606062 0.020817 0.795145
Z -0.111651 -0.987534 0.110955

PART 56
OFFSET 15.524814 -4.868475 -4.669958
SCALE 1.000000 1.000000 1.000000
X 0.456669 -0.829576 0.321335
Y 0.839103 0.521652 0.154225
Z -0.295566 0.199204 0.934322

PART 57
OFFSET 12.767623 -4.908298 -6.168739
SCALE 1.000000 1.000000 1.000000
X 0.829131 0.316471 -0.460856
Y -0.539564 0.668764 -0.511494
Z 0.146331 0.672757 0.725249

PART 58
OFFSET 13.418142 -6.558662 -7.211593
SCALE 1.000000 1.000000 1.000000
X 0.611769 -0.780444 0.129019
Y 0.768537 0.547786 -0.330576
Z 0.187322 0.301392 0.934919

PART 59
OFFSET 14.068251 -6.226169 -6.709676
SCALE 1.000000 1.000000 1.000000
X 0.786404 -0.616725 -0.034926
Y 0.509850 0.679967 -0.526970
Z 0.348744 0.396604 0.849166

PART 60
OFFSET 13.011451 -4.494010 -5.328190
SCALE 1.000000 1.000000 1.000000
X -0.916635 0.278126 0.287101
Y -0.319851 -0.941120 -0.109495
Z 0.239743 -0.192196 0.951622

PART 61
OFFSET 25.331231 -5.241566 -3.665396
SCALE 1.000000 1.000000 1.000000
X 0.179944 -0.863266 0.471585
Y 0.975158 0.219508 0.029730
Z -0.129182 0.454520 0.881319

PART 62
OFFSET 25.175480 -5.664454 -4.363731
SCALE 1.000000 1.000000 1.000000
X 0.501253 -0.655010 0.565427
Y 0.851549 0.489440 -0.187918
Z -0.153654 0.575683 0.803106

PART 63
OFFSET 26.791331 -6.114429 -5.347352
SCALE 1.000000 1.000000 1.000000
X -0.995883 -0.074675 -0.051380
Y -0.005402 0.614725 -0.788723
Z 0.090482 -0.785198 -0.612598

PART 64
OFFSET 26.322394 -5.860479 -4.575545
SCALE 1.000000 1.000000 1.000000
X -0.936947 0.041989 -0.346941
Y 0.272343 0.709844 -0.649577
Z 0.218999 -0.703106 -0.676521

PART 65
OFFSET 27.697254 -6.156019 -4.266791
SCALE 1.000000 1.000000 1.000000
X 0.777986 0.523447 -0.347478
Y -0.551275 0.834030 0.022119
Z 0.301385 0.174348 0.937427

PART 66
OFFSET 15.009056 -3.931472 -5.032865
SCALE 1.000000 1.000000 1.000000
X -0.989281 -0.144677 0.019768
Y -0.141205 0.913357 -0.381891
Z 0.037196 -0.380589 -0.923996

PART 67
OFFSET 11.827163 -5.271027 -5.652243
SCALE 1.000000 1.000000 1.000000
X -0.301112 -0.715459 0.630436
Y -0.933460 0.356271 -0.041524
Z -0.194897 -0.600990 -0.775130

PART 68
OFFSET 12.871243 -5.863237 -7.325546
SCALE 1.000000 1.000000 1.000000
X 0.920838 0.038881 -0.388003
Y -0.118224 0.976021 -0.182772
Z 0.371593 0.214174 0.903354

PART 69
OFFSET 12.948370 -5.397879 -6.654821
SCALE 1.000000 1.000000 1.000000
X 0.918522 0.196860 -0.342874
Y -0.323202 0.873364 -0.364383
Z 0.227721 0.445512 0.865830

PART 70
OFFSET 13.997211 -4.769985 -5.680336
SCALE 1.000000 1.000000 1.000000
X -0.896568 0.134791 -0.421898
Y 0.442898 0.266931 -0.855914
Z -0.002752 -0.954243 -0.299020

PART 71
OFFSET 25.845217 -6.185372 -5.396163
SCALE 1.000000 1.000000 1.000000
X 0.751829 -0.214323 0.623554
Y 0.648238 0.413209 -0.639567
Z -0.120584 0.885056 0.449595

PART 72
OFFSET 25.306304 -5.814974 -4.951771
SCALE 1.000000 1.000000 1.000000
X 0.623762 -0.477587 0.618735
Y 0.750857 0.586019 -0.304624
Z -0.217106 0.654594 0.724135

PART 73
OFFSET 11.996411 -5.900179 -6.956942
SCALE 1.000000 1.000000 1.000000
X -0.684159 -0.673507 0.279848
Y -0.635051 0.738810 0.225544
Z -0.358660 -0.023409 -0.933175

PART 74
OFFSET 11.952195 -5.611323 -6.282963
SCALE 1.000000 1.000000 1.000000
X -0.555588 -0.636020 0.535537
Y -0.800461 0.583379 -0.137593
Z -0.224909 -0.505121 -0.833228

PART 75
OFFSET 0.000000 0.000000 0.000000
SCALE 1.000000 1.000000 1.000000
X 1.000000 0.000000 0.000000
Y 0.000000 1.000000 0.000000
Z 0.000000 0.000000 1.000000

PART 76
OFFSET 0.000000 0.000000 0.000000
SCALE 1.000000 1.000000 1.000000
X 1.000000 0.000000 0.000000
Y 0.000000 1.000000 0.000000
Z 0.000000 0.000000 1.000000

PART 77
OFFSET 1.540551 -0.000001 4.135837
SCALE 1.000000 1.000000 1.000000
X 1.000000 0.000000 0.000000
Y 0.000000 1.000000 0.000000
Z 0.000000 0.000000 1.000000

PART 78
OFFSET -4.631835 0.000000 -1.376957
SCALE 1.000000 1.000000 1.000000
X 1.000000 0.000000 0.000000
Y 0.000000 1.000000 0.000000
Z 0.000000 0.000000 1.000000

FRAME 1
PART 0
OFFSET 0.000000 0.000000 0.000000
SCALE 1.000000 1.000000 1.000000
X 1.000000 0.000000 0.000000
Y 0.000000 1.000000 0.000000
Z 0.000000 0.000000 1.000000

PART 1
OFFSET 2.512599 0.585385 -2.302147
SCALE 1.000000 1.000000 1.000000
X 0.723599 -0.048587 -0.688509
Y 0.106445 -0.977730 0.180868
Z -0.681964 -0.204164 -0.702312

PART 2
OFFSET -4.638357 -7.441499 2.375584
SCALE 1.000000 1.000000 1.000000
X -0.436458 0.485416 0.757546
Y -0.242973 -0.874283 0.420230
Z 0.866296 -0.000650 0.499531

PART 3
OFFSET 12.700197 -5.811206 -5.894712
SCALE 1.000000 1.000000 1.000000
X 0.999547 -0.005797 0.029542
Y 0.020054 0.860107 -0.509719
Z -0.022454 0.510080 0.859834

PART 4
OFFSET 13.745596 17.667068 -17.903065
SCALE 1.000000 1.000000 1.000000
X 0.998737 0.041892 -0.027740
Y 0.021387 0.145113 0.989184
Z 0.045465 -0.988528 0.144033

PART 5
OFFSET 11.359302 0.097932 -10.901787
SCALE 1.000000 1.000000 1.000000
X 0.848217 -0.346387 0.400680
Y -0.444424 -0.053937 0.894191
Z -0.288125 -0.936540 -0.199693

PART 6
OFFSET 0.806450 -14.152669 -7.525584
SCALE 1.000000 1.000000 1.000000
X -0.828208 -0.529744 -0.182875
Y 0.439733 -0.411981 -0.798064
Z 0.347428 -0.741379 0.574152

PART 7
OFFSET 12.700197 -5.811206 -5.894712
SCALE 1.000000 1.000000 1.000000
X 0.999547 -0.005797 0.029542
Y 0.020054 0.860107 -0.509719
Z -0.022454 0.510080 0.859834

PART 8
OFFSET 20.486310 -2.435266 -7.699451
SCALE 1.000000 1.000000 1.000000
X 0.851638 -0.343511 0.395871
Y 0.292089 0.938185 0.185725
Z -0.435198 -0.042541 0.899329

PART 9
OFFSET 19.781532 -3.815780 -8.356056
SCALE 1.000000 1.000000 1.000000
X 0.851638 -0.343511 0.395871
Y 0.292089 0.938185 0.185725
Z -0.435198 -0.042541 0.899329

PART 10
OFFSET 19.771194 -2.857500 -5.240486
SCALE 1.000000 1.000000 1.000000
X 0.851638 -0.343511 0.395871
Y 0.292089 0.938185 0.185725
Z -0.435198 -0.042541 0.899329

PART 11
OFFSET 19.209109 -4.075343 -5.351922
SCALE 1.000000 1.000000 1.000000
X 0.851638 -0.343511 0.395871
Y 0.292089 0.938185 0.185725
Z -0.435198 -0.042541 0.899329

PART 12
OFFSET 19.135045 -4.458377 -6.484832
SCALE 1.000000 1.000000 1.000000
X 0.851638 -0.343511 0.395871
Y 0.292089 0.938185 0.185725
Z -0.435198 -0.042541 0.899329

PART 13
OFFSET 21.147129 -4.168270 -6.156509
SCALE 1.000000 1.000000 1.000000
X 0.952650 0.303274 0.021983
Y 0.112463 -0.418594 0.901183
Z 0.282507 -0.856040 -0.432880

PART 14
OFFSET 18.573884 -2.847873 -7.493096
SCALE 1.000000 1.000000 1.000000
X 0.848217 -0.346387 0.400680
Y -0.444424 -0.053937 0.894191
Z -0.288125 -0.936540 -0.199693

PART 15
OFFSET 9.063267 -8.600861 -3.983549
SCALE 1.000000 1.000000 1.000000
X -0.831762 -0.525255 -0.179664
Y -0.351375 0.748694 -0.562133
Z 0.429776 -0.404432 -0.807297

PART 16
OFFSET 8.425631 -7.582528 -4.590108
SCALE 1.000000 1.000000 1.000000
X -0.831762 -0.525255 -0.179664
Y -0.351375 0.748694 -0.562133
Z 0.429776 -0.404432 -0.807297

PART 17
OFFSET 8.318805 -7.731760 -5.774183
SCALE 1.000000 1.000000 1.000000
X -0.831762 -0.525255 -0.179664
Y -0.351375 0.748694 -0.562133
Z 0.429776 -0.404432 -0.807297

PART 18
OFFSET 10.374067 -7.920428 -5.380970
SCALE 1.000000 1.000000 1.000000
X -0.971584 -0.236660 -0.003932
Y 0.181479 -0.734172 -0.654261
Z 0.151951 -0.636383 0.756259

PART 19
OFFSET 7.852708 -9.644684 -5.969899
SCALE 1.000000 1.000000 1.000000
X -0.828208 -0.529744 -0.182875
Y 0.439733 -0.411981 -0.798064
Z 0.347428 -0.741379 0.574152

PART 20
OFFSET 16.356093 -3.778221 -2.307427
SCALE 1.000000 1.000000 1.000000
X 0.999547 -0.005797 0.029542
Y 0.020054 0.860107 -0.509719
Z -0.022454 0.510080 0.859834

PART 21
OFFSET 22.774644 -4.129910 -1.951409
SCALE 1.000000 1.000000 1.000000
X -0.028593 -0.489964 0.871274
Y 0.999547 -0.005797 0.029542
Z -0.009423 0.871724 0.489907

PART 22
OFFSET 31.984203 -3.863639 -1.848629
SCALE 1.000000 1.000000 1.000000
X 0.999547 -0.005797 0.029542
Y 0.020054 0.860107 -0.509719
Z -0.022454 0.510080 0.859834

PART 23
OFFSET 25.416865 -3.825548 -2.042730
SCALE 1.000000 1.000000 1.000000
X 0.999547 -0.005797 0.029542
Y 0.020054 0.860107 -0.509719
Z -0.022454 0.510080 0.859834

PART 24
OFFSET 21.513770 -1.787656 -3.641937
SCALE 1.000000 1.000000 1.000000
X 0.999547 -0.005797 0.029542
Y 0.020054 0.860107 -0.509719
Z -0.022454 0.510080 0.859834

PART 25
OFFSET 25.587126 -3.800141 -1.994205
SCALE 1.000000 1.000000 1.000000
X 0.999547 -0.005797 0.029542
Y 0.020054 0.860107 -0.509719
Z -0.022454 0.510080 0.859834

PART 26
OFFSET 22.852934 -0.369806 -4.142488
SCALE 1.000000 1.000000 1.000000
X 0.999547 -0.005797 0.029542
Y 0.020054 0.860107 -0.509719
Z -0.022454 0.510080 0.859834

PART 27
OFFSET 24.884516 -3.036977 -5.235538
SCALE 1.000000 1.000000 1.000000
X 0.892692 -0.449197 -0.036380
Y -0.432898 -0.832249 -0.346354
Z 0.125305 0.324936 -0.937398

PART 28
OFFSET 24.710152 -2.713871 -6.298933
SCALE 1.000000 1.000000 1.000000
X 0.775708 -0.619253 0.121666
Y -0.570407 -0.770452 -0.284675
Z 0.270024 0.151426 -0.950872

PART 29
OFFSET 21.890848 -3.482650 -7.418054
SCALE 1.000000 1.000000 1.000000
X 0.972457 -0.110345 -0.205308
Y -0.091829 -0.990975 0.097653
Z -0.214231 -0.076110 -0.973813

PART 30
OFFSET 22.079249 -3.609899 -6.555410
SCALE 1.000000 1.000000 1.000000
X 0.964811 0.163379 -0.206025
Y 0.113486 -0.965536 -0.234223
Z -0.237191 0.202600 -0.950102

PART 31
OFFSET 21.836069 -4.772334 -5.490884
SCALE 1.000000 1.000000 1.000000
X 0.892804 -0.333559 0.302719
Y -0.409624 -0.321665 0.853663
Z -0.187373 -0.886155 -0.423818

PART 32
OFFSET 24.413854 -4.356841 -4.889903
SCALE 1.000000 1.000000 1.000000
X 0.953152 0.128275 -0.273947
Y 0.011117 0.890167 0.455499
Z 0.302288 -0.437205 0.847038

PART 33
OFFSET 24.099834 -4.424953 -7.242233
SCALE 1.000000 1.000000 1.000000
X -0.443384 0.283701 -0.850250
Y -0.282443 0.856041 0.432920
Z 0.850668 0.432097 -0.299425

PART 34
OFFSET 14.060386 -6.703581 -4.572332
SCALE 1.000000 1.000000 1.000000
X -0.978823 -0.203523 -0.021993
Y 0.115319 -0.636983 0.762204
Z -0.169135 0.743526 0.646964

PART 35
OFFSET 14.212695 -7.349770 -5.486291
SCALE 1.000000 1.000000 1.000000
X -0.008034 -0.911355 0.411542
Y 0.998256 0.016762 0.056608
Z -0.058488 0.411279 0.909631

PART 36
OFFSET 11.334446 -8.422469 -6.262485
SCALE 1.000000 1.000000 1.000000
X -0.907013 -0.263340 0.328601
Y 0.418398 -0.651851 0.632482
Z 0.047641 0.711156 0.701418

PART 37
OFFSET 11.435590 -7.911272 -5.735473
SCALE 1.000000 1.000000 1.000000
X -0.984100 -0.082126 0.157490
Y 0.174298 -0.617132 0.767313
Z 0.034176 0.782562 0.621633

PART 38
OFFSET 10.670390 -6.952752 -5.183530
SCALE 1.000000 1.000000 1.000000
X -0.477710 -0.877043 0.050884
Y 0.780725 -0.450378 -0.433160
Z 0.402817 -0.167198 0.899879

PART 39
OFFSET 6.258472 -8.625655 -4.438728
SCALE 1.000000 1.000000 1.000000
X -0.907008 -0.257648 0.333097
Y -0.420485 0.510930 -0.749762
Z 0.022985 -0.820103 -0.571755

PART 40
OFFSET 22.767533 -4.032702 -1.971773
SCALE 1.000000 1.000000 1.000000
X 0.999547 -0.005797 0.029542
Y 0.020054 0.860107 -0.509719
Z -0.022454 0.510080 0.859834

PART 41
OFFSET 26.475090 -3.728167 -5.299450
SCALE 1.000000 1.000000 1.000000
X 0.485309 -0.871108 -0.075139
Y -0.844234 -0.444505 -0.299475
Z 0.227475 0.208772 -0.951141

PART 42
OFFSET 26.218331 -3.854360 -6.061023
SCALE 1.000000 1.000000 1.000000
X 0.530520 -0.845555 -0.059867
Y -0.841308 -0.533861 0.084811
Z -0.103673 0.005373 -0.994597

PART 43
OFFSET 24.095361 -3.815604 -7.729839
SCALE 1.000000 1.000000 1.000000
X 0.963795 -0.266364 0.012189
Y -0.265820 -0.956227 0.122348
Z -0.020934 -0.121159 -0.992412

PART 44
OFFSET 24.551746 -3.148604 -7.221355
SCALE 1.000000 1.000000 1.000000
X 0.873956 -0.459280 0.158945
Y -0.480082 -0.866737 0.135237
Z 0.075652 -0.194498 -0.977981

PART 45
OFFSET 23.764277 -5.567307 -4.758594
SCALE 1.000000 1.000000 1.000000
X 0.994011 0.046153 -0.099056
Y 0.109250 -0.441036 0.890815
Z -0.002574 -0.896302 -0.443436

PART 46
OFFSET 15.738051 -6.175417 -4.617227
SCALE 1.000000 1.000000 1.000000
X -0.108234 -0.951408 0.288285
Y 0.932530 0.003323 0.361077
Z -0.344490 0.307915 0.886857

PART 47
OFFSET 14.199298 -5.554888 -6.290766
SCALE 1.000000 1.000000 1.000000
X 0.888958 -0.430453 0.156407
Y 0.428688 0.661872 -0.614940
Z 0.161181 0.613706 0.772907

PART 48
OFFSET 13.531179 -7.792247 -6.862314
SCALE 1.000000 1.000000 1.000000
X -0.003105 -0.867865 0.496790
Y 0.986977 -0.082561 -0.138060
Z 0.160833 0.489892 0.856819

PART 49
OFFSET 13.986089 -7.795974 -6.254132
SCALE 1.000000 1.000000 1.000000
X -0.113715 -0.884014 0.453419
Y 0.933841 -0.250887 -0.254944
Z 0.339131 0.394430 0.854058

PART 50
OFFSET 11.641245 -4.971470 -5.313470
SCALE 1.000000 1.000000 1.000000
X -0.877912 -0.458430 0.138249
Y 0.416104 -0.873285 -0.253440
Z 0.236915 -0.164972 0.957421

PART 51
OFFSET 26.914041 -4.856499 -5.323341
SCALE 1.000000 1.000000 1.000000
X -0.075858 -0.993752 -0.081866
Y -0.949034 0.097145 -0.299830
Z 0.305910 0.054949 -0.950474

PART 52
OFFSET 26.985078 -5.094613 -6.129108
SCALE 1.000000 1.000000 1.000000
X -0.304069 -0.952533 -0.014905
Y -0.951048 0.302614 0.062704
Z -0.055217 0.033242 -0.997921

PART 53
OFFSET 25.398056 -4.171657 -7.725907
SCALE 1.000000 1.000000 1.000000
X 0.684947 -0.688287 0.238974
Y -0.712125 -0.701771 0.019870
Z 0.154028 -0.183789 -0.970823

PART 54
OFFSET 25.917840 -3.846475 -6.991570
SCALE 1.000000 1.000000 1.000000
X 0.463293 -0.833494 0.301077
Y -0.874744 -0.484564 0.004587
Z 0.142068 -0.265490 -0.953589

PART 55
OFFSET 25.360672 -5.630595 -4.925674
SCALE 1.000000 1.000000 1.000000
X 0.973029 -0.228326 -0.032892
Y -0.031879 -0.274310 0.961113
Z -0.228470 -0.934142 -0.274191

PART 56
OFFSET 15.843196 -5.000719 -4.914754
SCALE 1.000000 1.000000 1.000000
X 0.198869 -0.928114 0.314732
Y 0.922298 0.285834 0.260125
Z -0.331386 0.238546 0.912841

PART 57
OFFSET 12.869807 -4.967871 -6.489356
SCALE 1.000000 1.000000 1.000000
X 0.843957 0.321889 -0.429096
Y -0.520692 0.683831 -0.511131
Z 0.128902 0.654800 0.744729

PART 58
OFFSET 13.541194 -6.597610 -7.551246
SCALE 1.000000 1.000000 1.000000
X 0.603381 -0.787047 0.128402
Y 0.780888 0.550491 -0.295250
Z 0.161692 0.278416 0.946752

PART 59
OFFSET 14.178256 -6.280944 -7.023051
SCALE 1.000000 1.000000 1.000000
X 0.783629 -0.620662 -0.026536
Y 0.528773 0.688816 -0.495914
Z 0.326073 0.374581 0.867966

PART 60
OFFSET 13.091360 -4.574753 -5.632628
SCALE 1.000000 1.000000 1.000000
X -0.923040 0.277120 0.266838
Y -0.321779 -0.936301 -0.140712
Z 0.210846 -0.215745 0.953414

PART 61
OFFSET 26.828406 -5.978940 -5.415794
SCALE 1.000000 1.000000 1.000000
X 0.967498 0.251190 0.029166
Y -0.252877 0.960733 0.114220
Z 0.000670 -0.117883 0.993027

PART 62
OFFSET 26.640976 -6.173408 -6.153099
SCALE 1.000000 1.000000 1.000000
X 0.844085 0.534759 0.039419
Y -0.534598 0.844966 -0.015399
Z -0.041542 -0.008075 0.999104

PART 63
OFFSET 26.002933 -4.777844 -7.516613
SCALE 1.000000 1.000000 1.000000
X -0.255231 -0.923495 0.286380
Y -0.950068 0.184546 -0.251623
Z 0.179523 -0.336302 -0.924485

PART 64
OFFSET 26.558077 -5.014399 -6.587809
SCALE 1.000000 1.000000 1.000000
X -0.327461 -0.935181 0.134929
Y -0.942117 0.312279 -0.122057
Z 0.072009 -0.167088 -0.983309

PART 65
OFFSET 26.401911 -5.924953 -4.957437
SCALE 1.000000 1.000000 1.000000
X 0.858462 0.374951 0.349937
Y -0.378805 0.923514 -0.060246
Z -0.345761 -0.080838 0.934834

PART 66
OFFSET 15.618617 -3.952432 -5.270199
SCALE 1.000000 1.000000 1.000000
X -0.990582 0.111317 -0.079720
Y 0.132040 0.930700 -0.341120
Z 0.036223 -0.348434 -0.936633

PART 67
OFFSET 11.912691 -5.336600 -6.008968
SCALE 1.000000 1.000000 1.000000
X -0.323339 -0.728009 0.604529
Y -0.929849 0.362980 -0.060218
Z -0.175592 -0.581591 -0.794304

PART 68
OFFSET 13.001740 -5.896313 -7.664701
SCALE 1.000000 1.000000 1.000000
X 0.931951 0.042113 -0.360130
Y -0.107395 0.980725 -0.163234
Z 0.346314 0.190802 0.918510

PART 69
OFFSET 13.061897 -5.447152 -6.981317
SCALE 1.000000 1.000000 1.000000
X 0.929205 0.199013 -0.311403
Y -0.307567 0.883600 -0.353064
Z 0.204891 0.423846 0.882255

PART 70
OFFSET 14.085402 -4.848644 -5.962411
SCALE 1.000000 1.000000 1.000000
X -0.883132 0.150168 -0.444441
Y 0.469124 0.283959 -0.836235
Z 0.000628 -0.947004 -0.321221

PART 71
OFFSET 25.760458 -5.655187 -7.244545
SCALE 1.000000 1.000000 1.000000
X 0.765324 0.639425 0.073585
Y -0.530375 0.691278 -0.490752
Z -0.364667 0.336557 0.868186

PART 72
OFFSET 26.202993 -6.028578 -6.441486
SCALE 1.000000 1.000000 1.000000
X 0.810111 0.578735 -0.093738
Y -0.586263 0.798554 -0.136410
Z -0.004090 0.165462 0.986208

PART 73
OFFSET 12.116350 -5.936326 -7.322577
SCALE 1.000000 1.000000 1.000000
X -0.695772 -0.675526 0.244061
Y -0.637213 0.737336 0.224266
Z -0.331453 0.000519 -0.943472

PART 74
OFFSET 12.054137 -5.662930 -6.643589
SCALE 1.000000 1.000000 1.000000
X -0.574496 -0.644795 0.504177
Y -0.792842 0.591420 -0.147051
Z -0.203363 -0.484213 -0.850989

PART 75
OFFSET 0.000000 0.000000 0.000000
SCALE 1.000000 1.000000 1.000000
X 1.000000 0.000000 0.000000
Y 0.000000 1.000000 0.000000
Z 0.000000 0.000000 1.000000

PART 76
OFFSET 0.000000 0.000000 0.000000
SCALE 1.000000 1.000000 1.000000
X 0.999999 0.000337 -0.001419
Y -0.000334 0.999998 0.001892
Z 0.001419 -0.001892 0.999997

PART 77
OFFSET 1.546419 -0.007306 4.133640
SCALE 1.000000 1.000000 1.000000
X 0.999999 0.000337 -0.001419
Y -0.000334 0.999998 0.001892
Z 0.001419 -0.001892 0.999997

PART 78
OFFSET -4.633784 0.001044 -1.370382
SCALE 1.000000 1.000000 1.000000
X 0.999999 0.000337 -0.001419
Y -0.000334 0.999998 0.001892
Z 0.001419 -0.001892 0.999997

FRAME 2
PART 0
OFFSET 0.000000 0.000000 0.000000
SCALE 1.000000 1.000000 1.000000
X 1.000000 0.000000 0.000000
Y 0.000000 1.000000 0.000000
Z 0.000000 0.000000 1.000000

PART 1
OFFSET 2.839652 0.128988 -2.176977
SCALE 1.000000 1.000000 1.000000
X 0.561947 0.086172 -0.822672
Y 0.294173 -0.950358 0.101396
Z -0.773096 -0.298987 -0.559401

PART 2
OFFSET -4.240701 -7.556589 1.631291
SCALE 1.000000 1.000000 1.000000
X -0.403769 0.461669 0.789831
Y -0.261317 -0.885566 0.384040
Z 0.876746 -0.051333 0.478206

PART 3
OFFSET 12.913875 -6.009499 -6.715371
SCALE 1.000000 1.000000 1.000000
X 0.993763 -0.021372 0.109443
Y 0.068810 0.889848 -0.451038
Z -0.087748 0.455756 0.885769

PART 4
OFFSET 13.745596 17.667068 -17.903065
SCALE 1.000000 1.000000 1.000000
X 0.998737 0.041892 -0.027740
Y 0.021387 0.145113 0.989184
Z 0.045465 -0.988528 0.144033

PART 5
OFFSET 9.876614 1.528573 -13.053513
SCALE 1.000000 1.000000 1.000000
X 0.810022 -0.308701 0.498566
Y -0.530576 -0.023781 0.847304
Z -0.249708 -0.950862 -0.183052

PART 6
OFFSET 0.768750 -13.954461 -8.709670
SCALE 1.000000 1.000000 1.000000
X -0.846444 -0.496993 -0.191132
Y 0.412052 -0.384007 -0.826288
Z 0.337263 -0.778162 0.529827

PART 7
OFFSET 12.913875 -6.009499 -6.715371
SCALE 1.000000 1.000000 1.000000
X 0.993763 -0.021372 0.109443
Y 0.068810 0.889848 -0.451038
Z -0.087748 0.455756 0.885769

PART 8
OFFSET 18.681942 -0.650455 -8.847284
SCALE 1.000000 1.000000 1.000000
X 0.813854 -0.305967 0.493990
Y 0.255018 0.951967 0.169483
Z -0.522119 -0.011958 0.852789

PART 9
OFFSET 18.071472 -2.074709 -9.504922
SCALE 1.000000 1.000000 1.000000
X 0.813854 -0.305967 0.493990
Y 0.255018 0.951967 0.169483
Z -0.522119 -0.011958 0.852789

PART 10
OFFSET 17.732246 -0.977909 -6.454162
SCALE 1.000000 1.000000 1.000000
X 0.813854 -0.305967 0.493990
Y 0.255018 0.951967 0.169483
Z -0.522119 -0.011958 0.852789

PART 11
OFFSET 17.206263 -2.211968 -6.563420
SCALE 1.000000 1.000000 1.000000
X 0.813854 -0.305967 0.493990
Y 0.255018 0.951967 0.169483
Z -0.522119 -0.011958 0.852789

PART 12
OFFSET 17.252820 -2.647094 -7.678850
SCALE 1.000000 1.000000 1.000000
X 0.813854 -0.305967 0.493990
Y 0.255018 0.951967 0.169483
Z -0.522119 -0.011958 0.852789

PART 13
OFFSET 19.212406 -2.422037 -7.208248
SCALE 1.000000 1.000000 1.000000
X 0.958676 0.111579 0.261708
Y -0.020399 -0.890557 0.454415
Z 0.283769 -0.440975 -0.851479

PART 14
OFFSET 16.766251 -1.096662 -8.812264
SCALE 1.000000 1.000000 1.000000
X 0.810022 -0.308701 0.498566
Y -0.530576 -0.023781 0.847304
Z -0.249708 -0.950862 -0.183052

PART 15
OFFSET 9.248779 -8.814568 -5.074535
SCALE 1.000000 1.000000 1.000000
X -0.849805 -0.492571 -0.187631
Y -0.340762 0.784980 -0.517385
Z 0.402135 -0.375739 -0.834930

PART 16
OFFSET 8.628770 -7.750282 -5.617103
SCALE 1.000000 1.000000 1.000000
X -0.849805 -0.492571 -0.187631
Y -0.340762 0.784980 -0.517385
Z 0.402135 -0.375739 -0.834930

PART 17
OFFSET 8.494544 -7.837794 -6.804555
SCALE 1.000000 1.000000 1.000000
X -0.849805 -0.492571 -0.187631
Y -0.340762 0.784980 -0.517385
Z 0.402135 -0.375739 -0.834930

PART 18
OFFSET 10.523588 -8.111111 -6.502647
SCALE 1.000000 1.000000 1.000000
X -0.969942 -0.222892 -0.097634
Y 0.228259 -0.694355 -0.682472
Z 0.084325 -0.684244 0.724362

PART 19
OFFSET 7.970182 -9.725109 -7.083690
SCALE 1.000000 1.000000 1.000000
X -0.846444 -0.496993 -0.191132
Y 0.412052 -0.384007 -0.826288
Z 0.337263 -0.778162 0.529827

PART 20
OFFSET 16.284025 -4.254525 -2.724210
SCALE 1.000000 1.000000 1.000000
X 0.993763 -0.021372 0.109443
Y 0.068810 0.889848 -0.451038
Z -0.087748 0.455756 0.885769

PART 21
OFFSET 22.649215 -4.715951 -1.875869
SCALE 1.000000 1.000000 1.000000
X -0.103459 -0.542877 0.833415
Y 0.993763 -0.021372 0.109443
Z -0.041602 0.839540 0.541703

PART 22
OFFSET 31.822007 -4.583271 -1.015799
SCALE 1.000000 1.000000 1.000000
X 0.993763 -0.021372 0.109443
Y 0.068810 0.889848 -0.451038
Z -0.087748 0.455756 0.885769

PART 23
OFFSET 25.292668 -4.442851 -1.734873
SCALE 1.000000 1.000000 1.000000
X 0.993763 -0.021372 0.109443
Y 0.068810 0.889848 -0.451038
Z -0.087748 0.455756 0.885769

PART 24
OFFSET 21.550053 -2.255765 -3.510852
SCALE 1.000000 1.000000 1.000000
X 0.993763 -0.021372 0.109443
Y 0.068810 0.889848 -0.451038
Z -0.087748 0.455756 0.885769

PART 25
OFFSET 25.458642 -4.422862 -1.671298
SCALE 1.000000 1.000000 1.000000
X 0.993763 -0.021372 0.109443
Y 0.068810 0.889848 -0.451038
Z -0.087748 0.455756 0.885769

PART 26
OFFSET 22.937692 -0.828014 -3.811346
SCALE 1.000000 1.000000 1.000000
X 0.993763 -0.021372 0.109443
Y 0.068810 0.889848 -0.451038
Z -0.087748 0.455756 0.885769

PART 27
OFFSET 22.796284 -2.490237 -5.509176
SCALE 1.000000 1.000000 1.000000
X 0.958676 0.204407 0.197886
Y 0.254181 -0.302925 -0.918493
Z -0.127802 0.930835 -0.342363

PART 28
OFFSET 22.772653 -1.636545 -6.202019
SCALE 1.000000 1.000000 1.000000
X 0.996659 -0.033677 0.074410
Y 0.054931 -0.397833 -0.915812
Z 0.060445 0.916840 -0.394654

PART 29
OFFSET 20.138375 -1.326228 -7.659045
SCALE 1.000000 1.000000 1.000000
X 0.966766 0.090484 -0.239117
Y -0.102787 -0.718801 -0.687575
Z -0.234093 0.689302 -0.685611

PART 30
OFFSET 20.240942 -1.931105 -7.152647
SCALE 1.000000 1.000000 1.000000
X 0.977940 0.208857 0.003352
Y 0.107242 -0.488240 -0.866095
Z -0.179254 0.847349 -0.499868

PART 31
OFFSET 19.788057 -3.420945 -6.984695
SCALE 1.000000 1.000000 1.000000
X 0.853420 -0.502862 0.137126
Y -0.489901 -0.684051 0.540435
Z -0.177963 -0.528397 -0.830136

PART 32
OFFSET 22.287429 -3.728431 -6.136378
SCALE 1.000000 1.000000 1.000000
X 0.984865 0.154586 -0.078386
Y 0.006464 0.419178 0.907881
Z 0.173203 -0.894647 0.411835

PART 33
OFFSET 22.254973 -2.311578 -8.041155
SCALE 1.000000 1.000000 1.000000
X -0.321317 0.792949 -0.517674
Y -0.283711 0.440943 0.851515
Z 0.903473 0.420476 0.083285

PART 34
OFFSET 14.146381 -6.992604 -5.326173
SCALE 1.000000 1.000000 1.000000
X -0.972638 -0.224521 -0.059711
Y 0.109587 -0.670006 0.734223
Z -0.204855 0.707589 0.676278

PART 35
OFFSET 14.362582 -7.586581 -6.260147
SCALE 1.000000 1.000000 1.000000
X -0.049219 -0.935034 0.351125
Y 0.990391 -0.000199 0.138298
Z -0.129243 0.354558 0.926059

PART 36
OFFSET 11.548620 -8.570106 -7.333355
SCALE 1.000000 1.000000 1.000000
X -0.932997 -0.271100 0.236688
Y 0.359862 -0.695546 0.621864
Z -0.003960 0.665373 0.746501

PART 37
OFFSET 11.610579 -8.094138 -6.768634
SCALE 1.000000 1.000000 1.000000
X -0.994329 -0.078560 0.071684
Y 0.105853 -0.666020 0.738385
Z -0.010264 0.741785 0.670559

PART 38
OFFSET 10.810801 -7.161681 -6.221085
SCALE 1.000000 1.000000 1.000000
X -0.487536 -0.872017 -0.043531
Y 0.809759 -0.432958 -0.396029
Z 0.326497 -0.228328 0.917206

PART 39
OFFSET 6.339024 -8.818358 -5.943616
SCALE 1.000000 1.000000 1.000000
X -0.933312 -0.265700 0.241520
Y -0.353524 0.562246 -0.747597
Z 0.062843 -0.783124 -0.618682

PART 40
OFFSET 22.644655 -4.617567 -1.890532
SCALE 1.000000 1.000000 1.000000
X 0.993763 -0.021372 0.109443
Y 0.068810 0.889848 -0.451038
Z -0.087748 0.455756 0.885769

PART 41
OFFSET 24.245643 -2.002718 -4.986024
SCALE 1.000000 1.000000 1.000000
X 0.970285 0.167833 0.174297
Y 0.224254 -0.353230 -0.908261
Z -0.090869 0.920359 -0.380371

PART 42
OFFSET 24.601183 -1.659296 -6.003885
SCALE 1.000000 1.000000 1.000000
X 0.963091 0.242459 0.116915
Y 0.257497 -0.703306 -0.662613
Z -0.078430 0.668262 -0.739780

PART 43
OFFSET 22.346283 -1.357806 -8.206976
SCALE 1.000000 1.000000 1.000000
X 0.994818 0.091566 -0.044189
Y 0.039176 -0.746289 -0.664468
Z -0.093821 0.659293 -0.746009

PART 44
OFFSET 22.746880 -1.245796 -7.197824
SCALE 1.000000 1.000000 1.000000
X 0.999547 -0.025911 0.015289
Y -0.012374 -0.817260 -0.576136
Z 0.027423 0.575686 -0.817211

PART 45
OFFSET 21.614376 -4.613346 -6.692217
SCALE 1.000000 1.000000 1.000000
X 0.989514 0.002278 0.144416
Y -0.064535 -0.887545 0.456179
Z 0.129215 -0.460715 -0.878092

PART 46
OFFSET 15.855245 -6.560499 -5.251490
SCALE 1.000000 1.000000 1.000000
X -0.436476 -0.884398 0.165314
Y 0.823676 -0.318856 0.468924
Z -0.362004 0.340839 0.867630

PART 47
OFFSET 14.429902 -5.745049 -6.948035
SCALE 1.000000 1.000000 1.000000
X 0.869591 -0.451255 0.200450
Y 0.483008 0.693083 -0.535107
Z 0.102542 0.562143 0.820658

PART 48
OFFSET 13.792195 -7.933285 -7.712092
SCALE 1.000000 1.000000 1.000000
X -0.050915 -0.897009 0.439070
Y 0.994240 -0.087042 -0.062530
Z 0.094307 0.433357 0.896274

PART 49
OFFSET 14.195813 -7.981001 -7.070486
SCALE 1.000000 1.000000 1.000000
X -0.157739 -0.908938 0.385940
Y 0.949443 -0.247030 -0.193738
Z 0.271435 0.335868 0.901951

PART 50
OFFSET 11.805445 -5.189364 -6.146438
SCALE 1.000000 1.000000 1.000000
X -0.890051 -0.454326 0.037376
Y 0.428166 -0.861306 -0.273543
Z 0.156470 -0.227464 0.961133

PART 51
OFFSET 25.256672 -1.721651 -4.521710
SCALE 1.000000 1.000000 1.000000
X 0.847314 0.304165 0.435366
Y 0.514591 -0.267434 -0.814662
Z -0.131360 0.914310 -0.383122

PART 52
OFFSET 25.748123 -1.156008 -5.641324
SCALE 1.000000 1.000000 1.000000
X 0.970179 0.113773 0.214028
Y 0.223110 -0.764268 -0.605076
Z 0.094734 0.634784 -0.766861

PART 53
OFFSET 23.588932 -1.264695 -8.293603
SCALE 1.000000 1.000000 1.000000
X 0.988085 0.125611 0.088933
Y 0.152039 -0.706916 -0.690763
Z -0.023900 0.696054 -0.717591

PART 54
OFFSET 24.113678 -1.378278 -7.216399
SCALE 1.000000 1.000000 1.000000
X 0.976023 0.198191 0.089998
Y 0.211918 -0.770812 -0.600782
Z -0.049698 0.605450 -0.794330

PART 55
OFFSET 22.957152 -4.954475 -6.394247
SCALE 1.000000 1.000000 1.000000
X 0.446709 -0.808929 0.382209
Y -0.881455 -0.324747 0.342894
Z -0.153256 -0.490074 -0.858102

PART 56
OFFSET 16.466463 -5.532533 -5.365295
SCALE 1.000000 1.000000 1.000000
X -0.390585 -0.903265 0.177638
Y 0.845248 -0.275442 0.457917
Z -0.364691 0.329004 0.871066

PART 57
OFFSET 13.126017 -5.129006 -7.216266
SCALE 1.000000 1.000000 1.000000
X 0.878856 0.336638 -0.338063
Y -0.471466 0.721274 -0.507429
Z 0.073016 0.605342 0.792609

PART 58
OFFSET 13.868418 -6.698291 -8.321078
SCALE 1.000000 1.000000 1.000000
X 0.584309 -0.801547 0.126908
Y 0.806956 0.557284 -0.195595
Z 0.086054 0.216697 0.972439

PART 59
OFFSET 14.462771 -6.423727 -7.724024
SCALE 1.000000 1.000000 1.000000
X 0.777996 -0.628266 -0.002082
Y 0.573247 0.711213 -0.406895
Z 0.257119 0.315369 0.913473

PART 60
OFFSET 13.280041 -4.793036 -6.321275
SCALE 1.000000 1.000000 1.000000
X -0.939433 0.272323 0.208102
Y -0.316960 -0.921311 -0.225215
Z 0.130395 -0.277535 0.951825

PART 61
OFFSET 26.213681 -1.378085 -4.029929
SCALE 1.000000 1.000000 1.000000
X -0.777202 0.400271 0.485531
Y -0.629237 -0.489109 -0.604014
Z -0.004292 -0.774955 0.632002

PART 62
OFFSET 26.847438 -1.022118 -5.403924
SCALE 1.000000 1.000000 1.000000
X -0.892668 0.357467 0.274519
Y -0.445745 -0.609988 -0.655154
Z -0.066743 -0.707200 0.703856

PART 63
OFFSET 24.356835 -1.165767 -8.223284
SCALE 1.000000 1.000000 1.000000
X 0.967334 -0.216433 -0.131991
Y -0.247063 -0.688246 -0.682113
Z 0.056789 0.692441 -0.719236

PART 64
OFFSET 25.344233 -0.962580 -7.001837
SCALE 1.000000 1.000000 1.000000
X 0.989109 0.084441 -0.120557
Y 0.008375 -0.850028 -0.526670
Z -0.146950 0.519925 -0.841477

PART 65
OFFSET 23.418205 -5.857228 -6.014377
SCALE 1.000000 1.000000 1.000000
