// Export time: Fri Jun 17 07:21:43 2022

ANIMATION
VERSION 3

NUMPARTS 85
PART 0 "tag_torso"
PART 1 "j_shoulder_le"
PART 2 "j_shoulder_ri"
PART 3 "tag_weapon"
PART 4 "tag_weapon1"
PART 5 "j_elbow_le"
PART 6 "j_elbow_ri"
PART 7 "j_gun"
PART 8 "j_sleave_reshape_bottom_le_1"
PART 9 "j_sleave_reshape_bottom_le_2"
PART 10 "j_sleave_reshape_top_le_1"
PART 11 "j_sleave_reshape_top_le_2"
PART 12 "j_sleave_reshape_top_le_3"
PART 13 "j_wrist_le"
PART 14 "j_wristtwist_le"
PART 15 "j_sleave_reshape_top_ri_1"
PART 16 "j_sleave_reshape_top_ri_2"
PART 17 "j_sleave_reshape_top_ri_3"
PART 18 "j_wrist_ri"
PART 19 "j_wristtwist_ri"
PART 20 "tag_barrel"
PART 21 "tag_bolt_animate"
PART 22 "tag_brass"
PART 23 "tag_flash"
PART 24 "tag_grip"
PART 25 "tag_handguard"
PART 26 "tag_laser"
PART 27 "tag_mag_release_animate"
PART 28 "tag_sights_off"
PART 29 "tag_sights_on"
PART 30 "tag_stock"
PART 31 "tag_ext_mag_animate"
PART 32 "tag_foregrip"
PART 33 "j_index_le_0"
PART 34 "j_mid_le_0"
PART 35 "j_pinkypalm_le"
PART 36 "j_ringpalm_le"
PART 37 "j_thumb_le_0"
PART 38 "j_webbing_le"
PART 39 "tag_knife_attach"
PART 40 "j_index_ri_0"
PART 41 "j_mid_ri_0"
PART 42 "j_pinkypalm_ri"
PART 43 "j_ringpalm_ri"
PART 44 "j_thumb_ri_0"
PART 45 "j_webbing_ri"
PART 46 "tag_ext_mag_bullet_animate"
PART 47 "j_index_le_1"
PART 48 "j_mid_le_1"
PART 49 "j_pinky_le_0"
PART 50 "j_ring_le_0"
PART 51 "j_thumb_le_1"
PART 52 "j_index_ri_1"
PART 53 "j_mid_ri_1"
PART 54 "j_pinky_ri_0"
PART 55 "j_ring_ri_0"
PART 56 "j_thumb_ri_1"
PART 57 "j_index_le_2"
PART 58 "j_mid_le_2"
PART 59 "j_pinky_le_1"
PART 60 "j_ring_le_1"
PART 61 "j_thumb_le_2"
PART 62 "j_index_ri_2"
PART 63 "j_mid_ri_2"
PART 64 "j_pinky_ri_1"
PART 65 "j_ring_ri_1"
PART 66 "j_thumb_ri_2"
PART 67 "j_index_le_3"
PART 68 "j_mid_le_3"
PART 69 "j_pinky_le_2"
PART 70 "j_ring_le_2"
PART 71 "j_thumb_le_3"
PART 72 "j_index_ri_3"
PART 73 "j_mid_ri_3"
PART 74 "j_pinky_ri_2"
PART 75 "j_ring_ri_2"
PART 76 "j_thumb_ri_3"
PART 77 "j_pinky_le_3"
PART 78 "j_ring_le_3"
PART 79 "j_pinky_ri_3"
PART 80 "j_ring_ri_3"
PART 81 "tag_cambone"
PART 82 "tag_camera"
PART 83 "tag_gasmask"
PART 84 "tag_gasmask2"

FRAMERATE 30
NUMFRAMES 88
FRAME 0
PART 0
OFFSET 0.000000 0.000000 0.000000
SCALE 1.000000 1.000000 1.000000
X 1.000000 0.000000 0.000000
Y 0.000000 1.000000 0.000000
Z 0.000000 0.000000 1.000000

PART 1
OFFSET 2.012391 1.077281 -2.694969
SCALE 1.000000 1.000000 1.000000
X 0.852873 -0.192102 -0.485495
Y -0.061317 -0.960272 0.272247
Z -0.518506 -0.202423 -0.830768

PART 2
OFFSET -4.806000 -7.401901 2.691043
SCALE 1.000000 1.000000 1.000000
X -0.450189 0.493087 0.744443
Y -0.236332 -0.869771 0.433181
Z 0.861090 0.019077 0.508094

PART 3
OFFSET 12.641920 -5.736846 -5.573585
SCALE 1.000000 1.000000 1.000000
X 1.000000 0.000000 -0.000000
Y -0.000000 0.848099 -0.529838
Z 0.000000 0.529838 0.848099

PART 4
OFFSET 13.745596 17.667068 -17.903065
SCALE 1.000000 1.000000 1.000000
X 0.998737 0.041892 -0.027740
Y 0.021387 0.145113 0.989184
Z 0.045465 -0.988528 0.144033

PART 5
OFFSET 12.103533 -1.421472 -8.040293
SCALE 1.000000 1.000000 1.000000
X 0.915114 -0.300063 0.269309
Y -0.312561 -0.106016 0.943963
Z -0.254698 -0.948010 -0.190805

PART 6
OFFSET 0.819055 -14.210573 -7.028752
SCALE 1.000000 1.000000 1.000000
X -0.821930 -0.540784 -0.178842
Y 0.449514 -0.423022 -0.786759
Z 0.349812 -0.727052 0.590785

PART 7
OFFSET 12.641920 -5.736846 -5.573585
SCALE 1.000000 1.000000 1.000000
X 1.000000 0.000000 -0.000000
Y -0.000000 0.848099 -0.529838
Z 0.000000 0.529838 0.848099

PART 8
OFFSET 21.723742 -3.430671 -6.199359
SCALE 1.000000 1.000000 1.000000
X 0.917655 -0.296846 0.264182
Y 0.256586 0.950271 0.176492
Z -0.303435 -0.094173 0.948187

PART 9
OFFSET 21.021451 -4.837189 -6.801153
SCALE 1.000000 1.000000 1.000000
X 0.917655 -0.296846 0.264182
Y 0.256586 0.950271 0.176492
Z -0.303435 -0.094173 0.948187

PART 10
OFFSET 21.382283 -3.962102 -3.681985
SCALE 1.000000 1.000000 1.000000
X 0.917655 -0.296846 0.264182
Y 0.256586 0.950271 0.176492
Z -0.303435 -0.094173 0.948187

PART 11
OFFSET 20.886282 -5.210994 -3.757823
SCALE 1.000000 1.000000 1.000000
X 0.917655 -0.296846 0.264182
Y 0.256586 0.950271 0.176492
Z -0.303435 -0.094173 0.948187

PART 12
OFFSET 20.680273 -5.568807 -4.882641
SCALE 1.000000 1.000000 1.000000
X 0.917655 -0.296846 0.264182
Y 0.256586 0.950271 0.176492
Z -0.303435 -0.094173 0.948187

PART 13
OFFSET 22.654267 -5.071230 -4.876844
SCALE 1.000000 1.000000 1.000000
X 0.917721 0.384020 -0.101573
Y 0.146501 -0.089534 0.985150
Z 0.369223 -0.918974 -0.138427

PART 14
OFFSET 19.887193 -3.973283 -5.748994
SCALE 1.000000 1.000000 1.000000
X 0.915114 -0.300063 0.269309
Y -0.312561 -0.106016 0.943963
Z -0.254698 -0.948010 -0.190805

PART 15
OFFSET 8.997775 -8.516005 -3.532462
SCALE 1.000000 1.000000 1.000000
X -0.825549 -0.536268 -0.175743
Y -0.353916 0.734558 -0.578937
Z 0.439559 -0.415743 -0.796207

PART 16
OFFSET 8.355495 -7.515367 -4.163094
SCALE 1.000000 1.000000 1.000000
X -0.825549 -0.536268 -0.175743
Y -0.353916 0.734558 -0.578937
Z 0.439559 -0.415743 -0.796207

PART 17
OFFSET 8.259019 -7.688119 -5.344857
SCALE 1.000000 1.000000 1.000000
X -0.825549 -0.536268 -0.175743
Y -0.353916 0.734558 -0.578937
Z 0.439559 -0.415743 -0.796207

PART 18
OFFSET 10.323597 -7.847617 -4.919777
SCALE 1.000000 1.000000 1.000000
X -0.969789 -0.242112 0.029866
Y 0.167032 -0.748255 -0.642040
Z 0.177793 -0.617654 0.766089

PART 19
OFFSET 7.811874 -9.608666 -5.507396
SCALE 1.000000 1.000000 1.000000
X -0.821930 -0.540784 -0.178842
Y 0.449514 -0.423022 -0.786759
Z 0.349812 -0.727052 0.590785

PART 20
OFFSET 24.667974 -3.597088 -2.147522
SCALE 1.000000 1.000000 1.000000
X 1.000000 0.000000 -0.000000
Y -0.000000 0.848099 -0.529838
Z 0.000000 0.529838 0.848099

PART 21
OFFSET 16.390349 -3.602240 -2.144305
SCALE 1.000000 1.000000 1.000000
X 1.000000 0.000000 -0.000000
Y -0.000000 0.848099 -0.529838
Z 0.000000 0.529838 0.848099

PART 22
OFFSET 22.818547 -3.912740 -1.970838
SCALE 1.000000 1.000000 1.000000
X 0.000000 -0.469686 0.882833
Y 1.000000 0.000000 0.000000
Z -0.000000 0.882833 0.469686

PART 23
OFFSET 32.025424 -3.597088 -2.147522
SCALE 1.000000 1.000000 1.000000
X 1.000000 0.000000 -0.000000
Y -0.000000 0.848099 -0.529838
Z 0.000000 0.529838 0.848099

PART 24
OFFSET 12.641920 -5.736846 -5.573585
SCALE 1.000000 1.000000 1.000000
X 1.000000 0.000000 -0.000000
Y -0.000000 0.848099 -0.529838
Z 0.000000 0.529838 0.848099

PART 25
OFFSET 25.455108 -3.597088 -2.147522
SCALE 1.000000 1.000000 1.000000
X 1.000000 0.000000 -0.000000
Y -0.000000 0.848099 -0.529838
Z 0.000000 0.529838 0.848099

PART 26
OFFSET 29.781441 -5.225150 -2.107735
SCALE 1.000000 1.000000 1.000000
X 1.000000 0.000000 -0.000000
Y -0.000000 0.848099 -0.529838
Z 0.000000 0.529838 0.848099

PART 27
OFFSET 21.494724 -1.616952 -3.676914
SCALE 1.000000 1.000000 1.000000
X 1.000000 0.000000 -0.000000
Y -0.000000 0.848099 -0.529838
Z 0.000000 0.529838 0.848099

PART 28
OFFSET 12.203474 -3.067801 -1.300307
SCALE 1.000000 1.000000 1.000000
X 1.000000 0.000000 -0.000000
Y -0.000000 0.848099 -0.529838
Z 0.000000 0.529838 0.848099

PART 29
OFFSET 12.203474 -3.067801 -1.300307
SCALE 1.000000 1.000000 1.000000
X 1.000000 0.000000 -0.000000
Y -0.000000 0.848099 -0.529838
Z 0.000000 0.529838 0.848099

PART 30
OFFSET 11.708646 -4.455172 -3.522043
SCALE 1.000000 1.000000 1.000000
X 1.000000 0.000000 -0.000000
Y -0.000000 0.848099 -0.529838
Z 0.000000 0.529838 0.848099

PART 31
OFFSET 22.788017 -0.216788 -4.246368
SCALE 1.000000 1.000000 1.000000
X 1.000000 0.000000 -0.000000
Y -0.000000 0.848099 -0.529838
Z 0.000000 0.529838 0.848099

PART 32
OFFSET 25.634046 -3.571623 -2.107768
SCALE 1.000000 1.000000 1.000000
X 1.000000 0.000000 -0.000000
Y -0.000000 0.848099 -0.529838
Z 0.000000 0.529838 0.848099

PART 33
OFFSET 26.272698 -3.412216 -4.446496
SCALE 1.000000 1.000000 1.000000
X 0.625864 -0.695121 0.353696
Y -0.740121 -0.672371 -0.011772
Z 0.245998 -0.254410 -0.935286

PART 34
OFFSET 26.101845 -3.427203 -5.580121
SCALE 1.000000 1.000000 1.000000
X 0.462185 -0.690958 0.555844
Y -0.818731 -0.573293 -0.031872
Z 0.340683 -0.440355 -0.830676

PART 35
OFFSET 23.338928 -4.769974 -6.387751
SCALE 1.000000 1.000000 1.000000
X 0.992152 -0.089762 -0.087053
Y -0.033584 -0.861901 0.505963
Z -0.120447 -0.499069 -0.858151

PART 36
OFFSET 23.510766 -4.552104 -5.487080
SCALE 1.000000 1.000000 1.000000
X 0.957055 0.158259 -0.242900
Y 0.204644 -0.962262 0.179366
Z -0.205347 -0.221371 -0.953324

PART 37
OFFSET 23.376428 -5.361857 -4.094985
SCALE 1.000000 1.000000 1.000000
X 0.902427 -0.193324 0.385034
Y -0.409903 -0.110029 0.905468
Z -0.132684 -0.974946 -0.178537

PART 38
OFFSET 25.913843 -4.522149 -3.699975
SCALE 1.000000 1.000000 1.000000
X 0.937816 0.123118 -0.324565
Y -0.080605 0.986670 0.141369
Z 0.337644 -0.106416 0.935239

PART 39
OFFSET 25.626074 -5.382236 -5.894090
SCALE 1.000000 1.000000 1.000000
X -0.462809 -0.052585 -0.884897
Y -0.369160 0.918994 0.138463
Z 0.805934 0.390750 -0.444731

PART 40
OFFSET 14.021998 -6.593307 -4.245550
SCALE 1.000000 1.000000 1.000000
X -0.980685 -0.195069 -0.014323
Y 0.113232 -0.625914 0.771629
Z -0.159486 0.755103 0.635912

PART 41
OFFSET 14.153908 -7.258142 -5.150087
SCALE 1.000000 1.000000 1.000000
X 0.009609 -0.901507 0.432658
Y 0.999353 0.023659 0.027103
Z -0.034670 0.432118 0.901151

PART 42
OFFSET 11.261143 -8.364774 -5.816992
SCALE 1.000000 1.000000 1.000000
X -0.895439 -0.260642 0.360908
Y 0.440632 -0.634525 0.634997
Z 0.063498 0.727629 0.683026

PART 43
OFFSET 11.374318 -7.840828 -5.305166
SCALE 1.000000 1.000000 1.000000
X -0.978587 -0.083915 0.187952
Y 0.200331 -0.598025 0.776037
Z 0.047279 0.797073 0.602030

PART 44
OFFSET 10.619451 -6.873946 -4.753581
SCALE 1.000000 1.000000 1.000000
X -0.470530 -0.878267 0.085134
Y 0.770646 -0.456022 -0.445139
Z 0.429774 -0.143843 0.891406

PART 45
OFFSET 6.241544 -8.553586 -3.841935
SCALE 1.000000 1.000000 1.000000
X -0.895339 -0.254846 0.365268
Y -0.445235 0.490889 -0.748862
Z 0.011539 -0.833115 -0.552979

PART 46
OFFSET 22.788017 -3.828543 -1.989971
SCALE 1.000000 1.000000 1.000000
X 1.000000 0.000000 -0.000000
Y -0.000000 0.848099 -0.529838
Z 0.000000 0.529838 0.848099

PART 47
OFFSET 27.284915 -4.703825 -3.796128
SCALE 1.000000 1.000000 1.000000
X -0.429555 -0.831644 0.351924
Y -0.849283 0.239590 -0.470442
Z 0.306923 -0.500964 -0.809218

PART 48
OFFSET 27.001972 -4.771908 -4.493725
SCALE 1.000000 1.000000 1.000000
X -0.359409 -0.846839 0.392031
Y -0.933170 0.324188 -0.155229
Z 0.004362 -0.421622 -0.906761

PART 49
OFFSET 25.583547 -4.937601 -6.448665
SCALE 1.000000 1.000000 1.000000
X 0.895114 -0.318755 0.311714
Y -0.432320 -0.791421 0.432148
Z 0.108947 -0.521582 -0.846217

PART 50
OFFSET 25.967429 -4.174606 -6.241350
SCALE 1.000000 1.000000 1.000000
X 0.682533 -0.491541 0.540866
Y -0.701652 -0.647804 0.296706
Z 0.204532 -0.582011 -0.787038

PART 51
OFFSET 25.323323 -5.819507 -3.160667
SCALE 1.000000 1.000000 1.000000
X 0.988898 -0.024579 -0.146549
Y 0.141080 -0.154389 0.977886
Z -0.046661 -0.987704 -0.149208

PART 52
OFFSET 15.668972 -6.027253 -4.329780
SCALE 1.000000 1.000000 1.000000
X 0.047993 -0.945873 0.320968
Y 0.941178 0.150430 0.302579
Z -0.334485 0.287566 0.897455

PART 53
OFFSET 14.105952 -5.482679 -5.995303
SCALE 1.000000 1.000000 1.000000
X 0.895798 -0.421702 0.140404
Y 0.406527 0.649687 -0.642373
Z 0.179671 0.632515 0.753421

PART 54
OFFSET 13.435573 -7.736497 -6.495027
SCALE 1.000000 1.000000 1.000000
X 0.016734 -0.856007 0.516694
Y 0.983058 -0.080254 -0.164794
Z 0.182532 0.510697 0.840161

PART 55
OFFSET 13.907938 -7.723451 -5.900430
SCALE 1.000000 1.000000 1.000000
X -0.094983 -0.873784 0.476949
Y 0.927612 -0.251563 -0.276139
Z 0.361269 0.416195 0.834426

PART 56
OFFSET 11.573700 -4.890854 -4.957728
SCALE 1.000000 1.000000 1.000000
X -0.870646 -0.459968 0.174371
Y 0.414045 -0.876637 -0.245100
Z 0.265599 -0.141198 0.953688

PART 57
OFFSET 26.443333 -5.342894 -3.496012
SCALE 1.000000 1.000000 1.000000
X -0.984603 0.089767 -0.149994
Y 0.169261 0.703950 -0.689786
Z 0.043668 -0.704553 -0.708306

PART 58
OFFSET 26.229818 -5.876679 -4.008659
SCALE 1.000000 1.000000 1.000000
X -0.931865 0.191017 -0.308450
Y 0.314514 0.849128 -0.424338
Z 0.180857 -0.492438 -0.851349

PART 59
OFFSET 26.872216 -5.414313 -5.994234
SCALE 1.000000 1.000000 1.000000
X -0.038817 -0.729764 0.682597
Y -0.964782 -0.150489 -0.215751
Z 0.260171 -0.666932 -0.698221

PART 60
OFFSET 27.156562 -5.056708 -5.322870
SCALE 1.000000 1.000000 1.000000
X -0.495316 -0.616033 0.612508
Y -0.856819 0.230163 -0.461395
Z 0.143257 -0.753345 -0.641832

PART 61
OFFSET 26.840382 -5.942400 -3.640689
SCALE 1.000000 1.000000 1.000000
X 0.787543 -0.156025 -0.596182
Y 0.606062 0.020817 0.795145
Z -0.111651 -0.987534 0.110955

PART 62
OFFSET 15.524802 -4.868083 -4.669885
SCALE 1.000000 1.000000 1.000000
X 0.456669 -0.829576 0.321335
Y 0.839103 0.521652 0.154225
Z -0.295566 0.199204 0.934322

PART 63
OFFSET 12.767612 -4.907906 -6.168666
SCALE 1.000000 1.000000 1.000000
X 0.829131 0.316471 -0.460856
Y -0.539564 0.668764 -0.511494
Z 0.146331 0.672757 0.725249

PART 64
OFFSET 13.418129 -6.558270 -7.211520
SCALE 1.000000 1.000000 1.000000
X 0.611769 -0.780444 0.129019
Y 0.768537 0.547786 -0.330576
Z 0.187322 0.301392 0.934919

PART 65
OFFSET 14.068238 -6.225778 -6.709602
SCALE 1.000000 1.000000 1.000000
X 0.786404 -0.616725 -0.034926
Y 0.509850 0.679967 -0.526970
Z 0.348744 0.396604 0.849166

PART 66
OFFSET 13.011439 -4.493618 -5.328117
SCALE 1.000000 1.000000 1.000000
X -0.916635 0.278126 0.287101
Y -0.319851 -0.941120 -0.109495
Z 0.239743 -0.192196 0.951622

PART 67
OFFSET 25.331223 -5.241538 -3.665396
SCALE 1.000000 1.000000 1.000000
X 0.179944 -0.863266 0.471585
Y 0.975158 0.219508 0.029730
Z -0.129182 0.454520 0.881319

PART 68
OFFSET 25.175469 -5.664424 -4.363730
SCALE 1.000000 1.000000 1.000000
X 0.501253 -0.655010 0.565427
Y 0.851549 0.489440 -0.187918
Z -0.153654 0.575683 0.803106

PART 69
OFFSET 26.791322 -6.114400 -5.347348
SCALE 1.000000 1.000000 1.000000
X -0.995883 -0.074675 -0.051380
Y -0.005402 0.614725 -0.788723
Z 0.090482 -0.785198 -0.612598

PART 70
OFFSET 26.322384 -5.860448 -4.575538
SCALE 1.000000 1.000000 1.000000
X -0.936947 0.041989 -0.346941
Y 0.272343 0.709844 -0.649577
Z 0.218999 -0.703106 -0.676521

PART 71
OFFSET 27.697244 -6.155991 -4.266789
SCALE 1.000000 1.000000 1.000000
X 0.777986 0.523447 -0.347478
Y -0.551275 0.834030 0.022119
Z 0.301385 0.174348 0.937427

PART 72
OFFSET 15.009044 -3.931080 -5.032792
SCALE 1.000000 1.000000 1.000000
X -0.989281 -0.144677 0.019768
Y -0.141205 0.913357 -0.381891
Z 0.037196 -0.380589 -0.923996

PART 73
OFFSET 11.827152 -5.270635 -5.652169
SCALE 1.000000 1.000000 1.000000
X -0.301112 -0.715459 0.630436
Y -0.933460 0.356271 -0.041524
Z -0.194897 -0.600990 -0.775130

PART 74
OFFSET 12.871230 -5.862845 -7.325472
SCALE 1.000000 1.000000 1.000000
X 0.920838 0.038881 -0.388003
Y -0.118224 0.976021 -0.182772
Z 0.371593 0.214174 0.903354

PART 75
OFFSET 12.948358 -5.397487 -6.654747
SCALE 1.000000 1.000000 1.000000
X 0.918522 0.196860 -0.342874
Y -0.323202 0.873364 -0.364383
Z 0.227721 0.445512 0.865830

PART 76
OFFSET 13.997200 -4.769593 -5.680262
SCALE 1.000000 1.000000 1.000000
X -0.896568 0.134791 -0.421898
Y 0.442898 0.266931 -0.855914
Z -0.002752 -0.954243 -0.299020

PART 77
OFFSET 25.845207 -6.185343 -5.396159
SCALE 1.000000 1.000000 1.000000
X 0.751829 -0.214323 0.623554
Y 0.648238 0.413209 -0.639567
Z -0.120584 0.885056 0.449595

PART 78
OFFSET 25.306295 -5.814943 -4.951764
SCALE 1.000000 1.000000 1.000000
X 0.623762 -0.477587 0.618735
Y 0.750857 0.586019 -0.304624
Z -0.217106 0.654594 0.724135

PART 79
OFFSET 11.996398 -5.899787 -6.956868
SCALE 1.000000 1.000000 1.000000
X -0.684159 -0.673507 0.279848
Y -0.635051 0.738810 0.225544
Z -0.358660 -0.023409 -0.933175

PART 80
OFFSET 11.952183 -5.610931 -6.282890
SCALE 1.000000 1.000000 1.000000
X -0.555588 -0.636020 0.535537
Y -0.800461 0.583379 -0.137593
Z -0.224909 -0.505121 -0.833228

PART 81
OFFSET 0.000000 0.000000 0.000000
SCALE 1.000000 1.000000 1.000000
X 1.000000 0.000000 0.000000
Y 0.000000 1.000000 0.000000
Z 0.000000 0.000000 1.000000

PART 82
OFFSET 0.000000 0.000000 0.000000
SCALE 1.000000 1.000000 1.000000
X 1.000000 0.000000 0.000000
Y 0.000000 1.000000 0.000000
Z 0.000000 0.000000 1.000000

PART 83
OFFSET 1.540551 -0.000001 4.135837
SCALE 1.000000 1.000000 1.000000
X 1.000000 0.000000 0.000000
Y 0.000000 1.000000 0.000000
Z 0.000000 0.000000 1.000000

PART 84
OFFSET -4.631835 0.000000 -1.376957
SCALE 1.000000 1.000000 1.000000
X 1.000000 0.000000 0.000000
Y 0.000000 1.000000 0.000000
Z 0.000000 0.000000 1.000000

FRAME 1
PART 0
OFFSET 0.000000 0.000000 0.000000
SCALE 1.000000 1.000000 1.000000
X 1.000000 0.000000 0.000000
Y 0.000000 1.000000 0.000000
Z 0.000000 0.000000 1.000000

PART 1
OFFSET 2.512599 0.585385 -2.302147
SCALE 1.000000 1.000000 1.000000
X 0.723599 -0.048587 -0.688509
Y 0.106445 -0.977730 0.180868
Z -0.681964 -0.204164 -0.702312

PART 2
OFFSET -4.653451 -7.443427 2.420310
SCALE 1.000000 1.000000 1.000000
X -0.436511 0.484830 0.757890
Y -0.242450 -0.874608 0.419856
Z 0.866416 -0.000479 0.499323

PART 3
OFFSET 12.700197 -5.811206 -5.894712
SCALE 1.000000 1.000000 1.000000
X 0.999547 -0.005797 0.029542
Y 0.020054 0.860107 -0.509719
Z -0.022454 0.510080 0.859834

PART 4
OFFSET 13.745596 17.667068 -17.903065
SCALE 1.000000 1.000000 1.000000
X 0.998737 0.041892 -0.027740
Y 0.021387 0.145113 0.989184
Z 0.045465 -0.988528 0.144033

PART 5
OFFSET 11.359290 0.097957 -10.901761
SCALE 1.000000 1.000000 1.000000
X 0.848217 -0.346387 0.400680
Y -0.444424 -0.053937 0.894191
Z -0.288125 -0.936540 -0.199693

PART 6
OFFSET 0.791100 -14.145248 -7.483491
SCALE 1.000000 1.000000 1.000000
X -0.828684 -0.529287 -0.182040
Y 0.438676 -0.412170 -0.798548
Z 0.347630 -0.741601 0.573744

PART 7
OFFSET 12.700197 -5.811206 -5.894712
SCALE 1.000000 1.000000 1.000000
X 0.999547 -0.005797 0.029542
Y 0.020054 0.860107 -0.509719
Z -0.022454 0.510080 0.859834

PART 8
OFFSET 20.486298 -2.435241 -7.699425
SCALE 1.000000 1.000000 1.000000
X 0.851638 -0.343511 0.395871
Y 0.292089 0.938185 0.185725
Z -0.435198 -0.042541 0.899329

PART 9
OFFSET 19.781520 -3.815755 -8.356030
SCALE 1.000000 1.000000 1.000000
X 0.851638 -0.343511 0.395871
Y 0.292089 0.938185 0.185725
Z -0.435198 -0.042541 0.899329

PART 10
OFFSET 19.771182 -2.857476 -5.240460
SCALE 1.000000 1.000000 1.000000
X 0.851638 -0.343511 0.395871
Y 0.292089 0.938185 0.185725
Z -0.435198 -0.042541 0.899329

PART 11
OFFSET 19.209097 -4.075319 -5.351896
SCALE 1.000000 1.000000 1.000000
X 0.851638 -0.343511 0.395871
Y 0.292089 0.938185 0.185725
Z -0.435198 -0.042541 0.899329

PART 12
OFFSET 19.135033 -4.458352 -6.484806
SCALE 1.000000 1.000000 1.000000
X 0.851638 -0.343511 0.395871
Y 0.292089 0.938185 0.185725
Z -0.435198 -0.042541 0.899329

PART 13
OFFSET 21.147124 -4.168246 -6.156500
SCALE 1.000000 1.000000 1.000000
X 0.952650 0.303274 0.021983
Y 0.112463 -0.418594 0.901183
Z 0.282507 -0.856040 -0.432880

PART 14
OFFSET 18.573879 -2.847849 -7.493085
SCALE 1.000000 1.000000 1.000000
X 0.848217 -0.346387 0.400680
Y -0.444424 -0.053937 0.894191
Z -0.288125 -0.936540 -0.199693

PART 15
OFFSET 9.054606 -8.598100 -3.949767
SCALE 1.000000 1.000000 1.000000
X -0.832233 -0.524796 -0.178824
Y -0.351560 0.748917 -0.561720
Z 0.428713 -0.404614 -0.807770

PART 16
OFFSET 8.416885 -7.579386 -4.555597
SCALE 1.000000 1.000000 1.000000
X -0.832233 -0.524796 -0.178824
Y -0.351560 0.748917 -0.561720
Z 0.428713 -0.404614 -0.807770

PART 17
OFFSET 8.308739 -7.728489 -5.739569
SCALE 1.000000 1.000000 1.000000
X -0.832233 -0.524796 -0.178824
Y -0.351560 0.748917 -0.561720
Z 0.428713 -0.404614 -0.807770

PART 18
OFFSET 10.363926 -7.918703 -5.349070
SCALE 1.000000 1.000000 1.000000
X -0.971451 -0.237199 -0.004466
Y 0.182222 -0.733971 -0.654279
Z 0.151916 -0.636414 0.756240

PART 19
OFFSET 7.841392 -9.641153 -5.934906
SCALE 1.000000 1.000000 1.000000
X -0.828684 -0.529287 -0.182040
Y 0.438676 -0.412170 -0.798548
Z 0.347630 -0.741601 0.573744

PART 20
OFFSET 24.630088 -3.820985 -2.065983
SCALE 1.000000 1.000000 1.000000
X 0.999547 -0.005797 0.029542
Y 0.020054 0.860107 -0.509719
Z -0.022454 0.510080 0.859834

PART 21
OFFSET 16.356093 -3.778221 -2.307427
SCALE 1.000000 1.000000 1.000000
X 0.999547 -0.005797 0.029542
Y 0.020054 0.860107 -0.509719
Z -0.022454 0.510080 0.859834

PART 22
OFFSET 22.774644 -4.129910 -1.951409
SCALE 1.000000 1.000000 1.000000
X -0.028593 -0.489964 0.871274
Y 0.999547 -0.005797 0.029542
Z -0.009423 0.871724 0.489907

PART 23
OFFSET 31.984203 -3.863639 -1.848629
SCALE 1.000000 1.000000 1.000000
X 0.999547 -0.005797 0.029542
Y 0.020054 0.860107 -0.509719
Z -0.022454 0.510080 0.859834

PART 24
OFFSET 12.700197 -5.811206 -5.894712
SCALE 1.000000 1.000000 1.000000
X 0.999547 -0.005797 0.029542
Y 0.020054 0.860107 -0.509719
Z -0.022454 0.510080 0.859834

PART 25
OFFSET 25.416865 -3.825548 -2.042730
SCALE 1.000000 1.000000 1.000000
X 0.999547 -0.005797 0.029542
Y 0.020054 0.860107 -0.509719
Z -0.022454 0.510080 0.859834

PART 26
OFFSET 29.731736 -5.479149 -1.913065
SCALE 1.000000 1.000000 1.000000
X 0.999547 -0.005797 0.029542
Y 0.020054 0.860107 -0.509719
Z -0.022454 0.510080 0.859834

PART 27
OFFSET 21.513770 -1.787656 -3.641937
SCALE 1.000000 1.000000 1.000000
X 0.999547 -0.005797 0.029542
Y 0.020054 0.860107 -0.509719
Z -0.022454 0.510080 0.859834

PART 28
OFFSET 12.148806 -3.239174 -1.575272
SCALE 1.000000 1.000000 1.000000
X 0.999547 -0.005797 0.029542
Y 0.020054 0.860107 -0.509719
Z -0.022454 0.510080 0.859834

PART 29
OFFSET 12.148806 -3.239174 -1.575272
SCALE 1.000000 1.000000 1.000000
X 0.999547 -0.005797 0.029542
Y 0.020054 0.860107 -0.509719
Z -0.022454 0.510080 0.859834

PART 30
OFFSET 11.713028 -4.571917 -3.842353
SCALE 1.000000 1.000000 1.000000
X 0.999547 -0.005797 0.029542
Y 0.020054 0.860107 -0.509719
Z -0.022454 0.510080 0.859834

PART 31
OFFSET 22.830560 -0.382213 -4.140168
SCALE 1.000000 1.000000 1.000000
X 0.999547 -0.005797 0.029542
Y 0.020054 0.860107 -0.509719
Z -0.022454 0.510080 0.859834

PART 32
OFFSET 25.594672 -3.802047 -1.997125
SCALE 1.000000 1.000000 1.000000
X 0.999547 -0.005797 0.029542
Y 0.020054 0.860107 -0.509719
Z -0.022454 0.510080 0.859834

PART 33
OFFSET 24.884511 -3.036953 -5.235531
SCALE 1.000000 1.000000 1.000000
X 0.892692 -0.449197 -0.036380
Y -0.432898 -0.832249 -0.346354
Z 0.125305 0.324936 -0.937398

PART 34
OFFSET 24.710147 -2.713845 -6.298926
SCALE 1.000000 1.000000 1.000000
X 0.775708 -0.619253 0.121666
Y -0.570407 -0.770452 -0.284675
Z 0.270024 0.151426 -0.950872

PART 35
OFFSET 21.890843 -3.482626 -7.418045
SCALE 1.000000 1.000000 1.000000
X 0.972457 -0.110345 -0.205308
Y -0.091829 -0.990975 0.097653
Z -0.214231 -0.076110 -0.973813

PART 36
OFFSET 22.079244 -3.609875 -6.555401
SCALE 1.000000 1.000000 1.000000
X 0.964811 0.163379 -0.206025
Y 0.113486 -0.965536 -0.234223
Z -0.237191 0.202600 -0.950102

PART 37
OFFSET 21.836065 -4.772311 -5.490875
SCALE 1.000000 1.000000 1.000000
X 0.892804 -0.333559 0.302719
Y -0.409624 -0.321665 0.853663
Z -0.187373 -0.886155 -0.423818

PART 38
OFFSET 24.413849 -4.356817 -4.889894
SCALE 1.000000 1.000000 1.000000
X 0.953152 0.128275 -0.273947
Y 0.011117 0.890167 0.455499
Z 0.302288 -0.437205 0.847038

PART 39
OFFSET 24.099829 -4.424929 -7.242224
SCALE 1.000000 1.000000 1.000000
X -0.443384 0.283701 -0.850250
Y -0.282443 0.856041 0.432920
Z 0.850668 0.432097 -0.299425

PART 40
OFFSET 14.049154 -6.699933 -4.538358
SCALE 1.000000 1.000000 1.000000
X -0.978699 -0.204062 -0.022525
Y 0.115283 -0.637035 0.762166
Z -0.169879 0.743334 0.646990

PART 41
OFFSET 14.202290 -7.345899 -5.452337
SCALE 1.000000 1.000000 1.000000
X -0.007739 -0.911423 0.411399
Y 0.998217 0.017308 0.057122
Z -0.059182 0.411107 0.909664

PART 42
OFFSET 11.325034 -8.420077 -6.230169
SCALE 1.000000 1.000000 1.000000
X -0.907035 -0.263893 0.328097
Y 0.418436 -0.651715 0.632597
Z 0.046887 0.711075 0.701551

PART 43
OFFSET 11.425624 -7.908904 -5.703028
SCALE 1.000000 1.000000 1.000000
X -0.984134 -0.082696 0.156974
Y 0.174248 -0.617152 0.767308
Z 0.033423 0.782486 0.621770

PART 44
OFFSET 10.659611 -6.950893 -5.151330
SCALE 1.000000 1.000000 1.000000
X -0.477249 -0.877316 0.050506
Y 0.781197 -0.449879 -0.432829
Z 0.402449 -0.167112 0.900060

PART 45
OFFSET 6.248241 -8.626358 -4.409044
SCALE 1.000000 1.000000 1.000000
X -0.907036 -0.258202 0.332593
Y -0.420384 0.510811 -0.749900
Z 0.023733 -0.820003 -0.571868

PART 46
OFFSET 22.745159 -4.045109 -1.969454
SCALE 1.000000 1.000000 1.000000
X 0.999547 -0.005797 0.029542
Y 0.020054 0.860107 -0.509719
Z -0.022454 0.510080 0.859834

PART 47
OFFSET 26.475087 -3.728142 -5.299444
SCALE 1.000000 1.000000 1.000000
X 0.485309 -0.871108 -0.075139
Y -0.844234 -0.444505 -0.299475
Z 0.227475 0.208772 -0.951141

PART 48
OFFSET 26.218325 -3.854335 -6.061017
SCALE 1.000000 1.000000 1.000000
X 0.530520 -0.845555 -0.059867
Y -0.841308 -0.533861 0.084811
Z -0.103673 0.005373 -0.994597

PART 49
OFFSET 24.095356 -3.815580 -7.729830
SCALE 1.000000 1.000000 1.000000
X 0.963795 -0.266364 0.012189
Y -0.265820 -0.956227 0.122348
Z -0.020934 -0.121159 -0.992412

PART 50
OFFSET 24.551743 -3.148579 -7.221344
SCALE 1.000000 1.000000 1.000000
X 0.873956 -0.459280 0.158945
Y -0.480082 -0.866737 0.135237
Z 0.075652 -0.194498 -0.977981

PART 51
OFFSET 23.764273 -5.567284 -4.758586
SCALE 1.000000 1.000000 1.000000
X 0.994011 0.046153 -0.099056
Y 0.109250 -0.441036 0.890815
Z -0.002574 -0.896302 -0.443436

PART 52
OFFSET 15.726548 -6.170832 -4.582313
SCALE 1.000000 1.000000 1.000000
X -0.107853 -0.951512 0.288085
Y 0.932343 0.003786 0.361556
Z -0.345115 0.307589 0.886727

PART 53
OFFSET 14.188309 -5.550902 -6.256546
SCALE 1.000000 1.000000 1.000000
X 0.889117 -0.429983 0.156797
Y 0.428636 0.662204 -0.614620
Z 0.160444 0.613678 0.773083

PART 54
OFFSET 13.521724 -7.788544 -6.828777
SCALE 1.000000 1.000000 1.000000
X -0.002878 -0.867942 0.496656
Y 0.987093 -0.081992 -0.137567
Z 0.160123 0.489850 0.856976

PART 55
OFFSET 13.976325 -7.792112 -6.220362
SCALE 1.000000 1.000000 1.000000
X -0.113456 -0.884146 0.453226
Y 0.934111 -0.250330 -0.254504
Z 0.338474 0.394488 0.854292

PART 56
OFFSET 11.629432 -4.969053 -5.280472
SCALE 1.000000 1.000000 1.000000
X -0.877728 -0.458939 0.137729
Y 0.416718 -0.873015 -0.253360
Z 0.236516 -0.164986 0.957517

PART 57
OFFSET 26.914038 -4.856474 -5.323335
SCALE 1.000000 1.000000 1.000000
X -0.075858 -0.993752 -0.081866
Y -0.949034 0.097145 -0.299830
Z 0.305910 0.054949 -0.950474

PART 58
OFFSET 26.985072 -5.094587 -6.129101
SCALE 1.000000 1.000000 1.000000
X -0.304069 -0.952533 -0.014905
Y -0.951048 0.302614 0.062704
Z -0.055217 0.033242 -0.997921

PART 59
OFFSET 25.398052 -4.171632 -7.725897
SCALE 1.000000 1.000000 1.000000
X 0.684947 -0.688287 0.238974
Y -0.712125 -0.701771 0.019870
Z 0.154028 -0.183789 -0.970823

PART 60
OFFSET 25.917836 -3.846450 -6.991556
SCALE 1.000000 1.000000 1.000000
X 0.463293 -0.833494 0.301077
Y -0.874744 -0.484564 0.004587
Z 0.142068 -0.265490 -0.953589

PART 61
OFFSET 25.360667 -5.630571 -4.925666
SCALE 1.000000 1.000000 1.000000
X 0.973029 -0.228326 -0.032892
Y -0.031879 -0.274310 0.961113
Z -0.228470 -0.934142 -0.274191

PART 62
OFFSET 15.831194 -4.996030 -4.879608
SCALE 1.000000 1.000000 1.000000
X 0.199223 -0.928051 0.314693
Y 0.922006 0.286306 0.260641
Z -0.331986 0.238223 0.912708

PART 63
OFFSET 12.858595 -4.964592 -6.455727
SCALE 1.000000 1.000000 1.000000
X 0.843998 0.322423 -0.428615
Y -0.520810 0.683620 -0.511294
Z 0.128156 0.654758 0.744895

PART 64
OFFSET 13.531429 -6.593797 -7.517521
SCALE 1.000000 1.000000 1.000000
X 0.603752 -0.786732 0.128591
Y 0.780734 0.550970 -0.294766
Z 0.161052 0.278361 0.946878

PART 65
OFFSET 14.168044 -6.276858 -6.988952
SCALE 1.000000 1.000000 1.000000
X 0.783987 -0.620222 -0.026229
Y 0.528645 0.689186 -0.495538
Z 0.325420 0.374630 0.868190

PART 66
OFFSET 13.079490 -4.571482 -5.598826
SCALE 1.000000 1.000000 1.000000
X -0.923330 0.276566 0.266407
Y -0.321187 -0.936457 -0.141019
Z 0.210477 -0.215774 0.953489

PART 67
OFFSET 26.828403 -5.978914 -5.415788
SCALE 1.000000 1.000000 1.000000
X 0.967498 0.251190 0.029166
Y -0.252877 0.960733 0.114220
Z 0.000670 -0.117883 0.993027

PART 68
OFFSET 26.640970 -6.173382 -6.153091
SCALE 1.000000 1.000000 1.000000
X 0.844085 0.534759 0.039419
Y -0.534598 0.844966 -0.015399
Z -0.041542 -0.008075 0.999104

PART 69
OFFSET 26.002929 -4.777820 -7.516603
SCALE 1.000000 1.000000 1.000000
X -0.255231 -0.923495 0.286380
Y -0.950068 0.184546 -0.251623
Z 0.179523 -0.336302 -0.924485

PART 70
OFFSET 26.558075 -5.014375 -6.587795
SCALE 1.000000 1.000000 1.000000
X -0.327461 -0.935181 0.134929
Y -0.942117 0.312279 -0.122057
Z 0.072009 -0.167088 -0.983309

PART 71
OFFSET 26.401906 -5.924930 -4.957428
SCALE 1.000000 1.000000 1.000000
X 0.858462 0.374951 0.349937
Y -0.378805 0.923514 -0.060246
Z -0.345761 -0.080838 0.934834

PART 72
OFFSET 15.606214 -3.947814 -5.235008
SCALE 1.000000 1.000000 1.000000
X -0.990603 0.110779 -0.080211
Y 0.131698 0.930825 -0.340910
Z 0.036896 -0.348270 -0.936668

PART 73
OFFSET 11.901437 -5.333926 -5.975886
SCALE 1.000000 1.000000 1.000000
X -0.323245 -0.728280 0.604252
Y -0.930019 0.362473 -0.060639
Z -0.174863 -0.581568 -0.794482

PART 74
OFFSET 12.991643 -5.892782 -7.631146
SCALE 1.000000 1.000000 1.000000
X 0.932112 0.042685 -0.359646
Y -0.107856 0.980690 -0.163140
Z 0.345737 0.190854 0.918717

PART 75
OFFSET 13.051201 -5.443692 -6.947663
SCALE 1.000000 1.000000 1.000000
X 0.929254 0.199576 -0.310897
Y -0.307877 0.883483 -0.353087
Z 0.204204 0.423825 0.882425

PART 76
OFFSET 14.073852 -4.844771 -5.928142
SCALE 1.000000 1.000000 1.000000
X -0.882987 0.149745 -0.444870
Y 0.469395 0.284347 -0.835952
Z 0.001318 -0.946955 -0.321365

PART 77
OFFSET 25.760453 -5.655163 -7.244534
SCALE 1.000000 1.000000 1.000000
X 0.765324 0.639425 0.073585
Y -0.530375 0.691278 -0.490752
Z -0.364667 0.336557 0.868186

PART 78
OFFSET 26.202991 -6.028554 -6.441473
SCALE 1.000000 1.000000 1.000000
X 0.810111 0.578735 -0.093738
Y -0.586263 0.798554 -0.136410
Z -0.004090 0.165462 0.986208

PART 79
OFFSET 12.106101 -5.933338 -7.289482
SCALE 1.000000 1.000000 1.000000
X -0.695522 -0.675950 0.243602
Y -0.637737 0.736948 0.224052
Z -0.330969 0.000479 -0.943641

PART 80
OFFSET 12.043388 -5.660081 -6.610484
SCALE 1.000000 1.000000 1.000000
X -0.574396 -0.645190 0.503785
Y -0.793095 0.591002 -0.147367
Z -0.202658 -0.484196 -0.851166

PART 81
OFFSET 0.000000 0.000000 0.000000
SCALE 1.000000 1.000000 1.000000
X 1.000000 0.000000 0.000000
Y 0.000000 1.000000 0.000000
Z 0.000000 0.000000 1.000000

PART 82
OFFSET 0.000000 0.000000 0.000000
SCALE 1.000000 1.000000 1.000000
X 0.999999 0.000337 -0.001419
Y -0.000334 0.999998 0.001892
Z 0.001419 -0.001892 0.999997

PART 83
OFFSET 1.546419 -0.007306 4.133640
SCALE 1.000000 1.000000 1.000000
X 0.999999 0.000337 -0.001419
Y -0.000334 0.999998 0.001892
Z 0.001419 -0.001892 0.999997

PART 84
OFFSET -4.633784 0.001044 -1.370382
SCALE 1.000000 1.000000 1.000000
X 0.999999 0.000337 -0.001419
Y -0.000334 0.999998 0.001892
Z 0.001419 -0.001892 0.999997

FRAME 2
PART 0
OFFSET 0.000000 0.000000 0.000000
SCALE 1.000000 1.000000 1.000000
X 1.000000 0.000000 0.000000
Y 0.000000 1.000000 0.000000
Z 0.000000 0.000000 1.000000

PART 1
OFFSET 2.839652 0.128988 -2.176977
SCALE 1.000000 1.000000 1.000000
X 0.561947 0.086172 -0.822672
Y 0.294173 -0.950358 0.101396
Z -0.773096 -0.298987 -0.559401

PART 2
OFFSET -4.239718 -7.558410 1.631546
SCALE 1.000000 1.000000 1.000000
X -0.403514 0.461045 0.790326
Y -0.260438 -0.885913 0.383835
Z 0.877125 -0.050948 0.477552

PART 3
OFFSET 12.913875 -6.009499 -6.715371
SCALE 1.000000 1.000000 1.000000
X 0.993763 -0.021372 0.109443
Y 0.068810 0.889848 -0.451038
Z -0.087748 0.455756 0.885769

PART 4
OFFSET 13.745596 17.667068 -17.903065
SCALE 1.000000 1.000000 1.000000
X 0.998737 0.041892 -0.027740
Y 0.021387 0.145113 0.989184
Z 0.045465 -0.988528 0.144033

PART 5
OFFSET 9.876604 1.528594 -13.053484
SCALE 1.000000 1.000000 1.000000
X 0.810022 -0.308701 0.498566
Y -0.530576 -0.023781 0.847304
Z -0.249708 -0.950862 -0.183052

PART 6
OFFSET 0.764564 -13.944788 -8.711734
SCALE 1.000000 1.000000 1.000000
X -0.847537 -0.496003 -0.188843
Y 0.409536 -0.384872 -0.827136
Z 0.337582 -0.778366 0.529324

PART 7
OFFSET 12.913875 -6.009499 -6.715371
SCALE 1.000000 1.000000 1.000000
X 0.993763 -0.021372 0.109443
Y 0.068810 0.889848 -0.451038
Z -0.087748 0.455756 0.885769

PART 8
OFFSET 18.681932 -0.650433 -8.847254
SCALE 1.000000 1.000000 1.000000
X 0.813854 -0.305967 0.493990
Y 0.255018 0.951967 0.169483
Z -0.522119 -0.011958 0.852789

PART 9
OFFSET 18.071462 -2.074688 -9.504893
SCALE 1.000000 1.000000 1.000000
X 0.813854 -0.305967 0.493990
Y 0.255018 0.951967 0.169483
Z -0.522119 -0.011958 0.852789

PART 10
OFFSET 17.732236 -0.977887 -6.454132
SCALE 1.000000 1.000000 1.000000
X 0.813854 -0.305967 0.493990
Y 0.255018 0.951967 0.169483
Z -0.522119 -0.011958 0.852789

PART 11
OFFSET 17.206253 -2.211947 -6.563391
SCALE 1.000000 1.000000 1.000000
X 0.813854 -0.305967 0.493990
Y 0.255018 0.951967 0.169483
Z -0.522119 -0.011958 0.852789

PART 12
OFFSET 17.252810 -2.647073 -7.678820
SCALE 1.000000 1.000000 1.000000
X 0.813854 -0.305967 0.493990
Y 0.255018 0.951967 0.169483
Z -0.522119 -0.011958 0.852789

PART 13
OFFSET 19.212404 -2.422017 -7.208235
SCALE 1.000000 1.000000 1.000000
X 0.958676 0.111579 0.261708
Y -0.020399 -0.890557 0.454415
Z 0.283769 -0.440975 -0.851479

PART 14
OFFSET 16.766249 -1.096641 -8.812249
SCALE 1.000000 1.000000 1.000000
X 0.810022 -0.308701 0.498566
Y -0.530576 -0.023781 0.847304
Z -0.249708 -0.950862 -0.183052

PART 15
OFFSET 9.259975 -8.814089 -5.099598
SCALE 1.000000 1.000000 1.000000
X -0.850884 -0.491576 -0.185336
Y -0.341042 0.785194 -0.516876
Z 0.399609 -0.376594 -0.835757

PART 16
OFFSET 8.639977 -7.749248 -5.641089
SCALE 1.000000 1.000000 1.000000
X -0.850884 -0.491576 -0.185336
Y -0.341042 0.785194 -0.516876
Z 0.399609 -0.376594 -0.835757

PART 17
OFFSET 8.502724 -7.837085 -6.828171
SCALE 1.000000 1.000000 1.000000
X -0.850884 -0.491576 -0.185336
Y -0.341042 0.785194 -0.516876
Z 0.399609 -0.376594 -0.835757

PART 18
OFFSET 10.531646 -8.113457 -6.532079
SCALE 1.000000 1.000000 1.000000
X -0.969908 -0.223052 -0.097602
Y 0.228361 -0.694388 -0.682405
Z 0.084438 -0.684158 0.724429

PART 19
OFFSET 7.975281 -9.723856 -7.105219
SCALE 1.000000 1.000000 1.000000
X -0.847537 -0.496003 -0.188843
Y 0.409536 -0.384872 -0.827136
Z 0.337582 -0.778366 0.529324

PART 20
OFFSET 24.510443 -4.426029 -1.821019
SCALE 1.000000 1.000000 1.000000
X 0.993763 -0.021372 0.109443
Y 0.068810 0.889848 -0.451038
Z -0.087748 0.455756 0.885769

PART 21
OFFSET 16.284025 -4.254525 -2.724210
SCALE 1.000000 1.000000 1.000000
X 0.993763 -0.021372 0.109443
Y 0.068810 0.889848 -0.451038
Z -0.087748 0.455756 0.885769

PART 22
OFFSET 22.649215 -4.715951 -1.875869
SCALE 1.000000 1.000000 1.000000
X -0.103459 -0.542877 0.833415
Y 0.993763 -0.021372 0.109443
Z -0.041602 0.839540 0.541703

PART 23
OFFSET 31.822007 -4.583271 -1.015799
SCALE 1.000000 1.000000 1.000000
X 0.993763 -0.021372 0.109443
Y 0.068810 0.889848 -0.451038
Z -0.087748 0.455756 0.885769

PART 24
OFFSET 12.913875 -6.009499 -6.715371
SCALE 1.000000 1.000000 1.000000
X 0.993763 -0.021372 0.109443
Y 0.068810 0.889848 -0.451038
Z -0.087748 0.455756 0.885769

PART 25
OFFSET 25.292668 -4.442851 -1.734873
SCALE 1.000000 1.000000 1.000000
X 0.993763 -0.021372 0.109443
Y 0.068810 0.889848 -0.451038
Z -0.087748 0.455756 0.885769

PART 26
OFFSET 29.568290 -6.160497 -1.363289
SCALE 1.000000 1.000000 1.000000
X 0.993763 -0.021372 0.109443
Y 0.068810 0.889848 -0.451038
Z -0.087748 0.455756 0.885769

PART 27
OFFSET 21.550053 -2.255765 -3.510852
SCALE 1.000000 1.000000 1.000000
X 0.993763 -0.021372 0.109443
Y 0.068810 0.889848 -0.451038
Z -0.087748 0.455756 0.885769

PART 28
OFFSET 12.036024 -3.704358 -2.300324
SCALE 1.000000 1.000000 1.000000
X 0.993763 -0.021372 0.109443
Y 0.068810 0.889848 -0.451038
Z -0.087748 0.455756 0.885769

PART 29
OFFSET 12.036024 -3.704358 -2.300324
SCALE 1.000000 1.000000 1.000000
X 0.993763 -0.021372 0.109443
Y 0.068810 0.889848 -0.451038
Z -0.087748 0.455756 0.885769

PART 30
OFFSET 11.774160 -4.887084 -4.674844
SCALE 1.000000 1.000000 1.000000
X 0.993763 -0.021372 0.109443
Y 0.068810 0.889848 -0.451038
Z -0.087748 0.455756 0.885769

PART 31
OFFSET 22.915097 -0.840233 -3.811623
SCALE 1.000000 1.000000 1.000000
X 0.993763 -0.021372 0.109443
Y 0.068810 0.889848 -0.451038
Z -0.087748 0.455756 0.885769

PART 32
OFFSET 25.466384 -4.424686 -1.673715
SCALE 1.000000 1.000000 1.000000
X 0.993763 -0.021372 0.109443
Y 0.068810 0.889848 -0.451038
Z -0.087748 0.455756 0.885769

PART 33
OFFSET 22.796283 -2.490215 -5.509164
SCALE 1.000000 1.000000 1.000000
X 0.958676 0.204407 0.197886
Y 0.254181 -0.302925 -0.918493
Z -0.127802 0.930835 -0.342363

PART 34
OFFSET 22.772652 -1.636521 -6.202007
SCALE 1.000000 1.000000 1.000000
X 0.996659 -0.033677 0.074410
Y 0.054931 -0.397833 -0.915812
Z 0.060445 0.916840 -0.394654

PART 35
OFFSET 20.138374 -1.326207 -7.659032
SCALE 1.000000 1.000000 1.000000
X 0.966766 0.090484 -0.239117
Y -0.102787 -0.718801 -0.687575
Z -0.234093 0.689302 -0.685611

PART 36
OFFSET 20.240941 -1.931084 -7.152634
SCALE 1.000000 1.000000 1.000000
X 0.977940 0.208857 0.003352
Y 0.107242 -0.488240 -0.866095
Z -0.179254 0.847349 -0.499868

PART 37
OFFSET 19.788056 -3.420925 -6.984683
SCALE 1.000000 1.000000 1.000000
X 0.853420 -0.502862 0.137126
Y -0.489901 -0.684051 0.540435
Z -0.177963 -0.528397 -0.830136

PART 38
OFFSET 22.287428 -3.728410 -6.136365
SCALE 1.000000 1.000000 1.000000
X 0.984865 0.154586 -0.078386
Y 0.006464 0.419178 0.907881
Z 0.173203 -0.894647 0.411835

PART 39
OFFSET 22.254972 -2.311557 -8.041142
SCALE 1.000000 1.000000 1.000000
X -0.321317 0.792949 -0.517674
Y -0.283711 0.440943 0.851515
Z 0.903473 0.420476 0.083285

PART 40
OFFSET 14.154275 -6.994270 -5.355752
SCALE 1.000000 1.000000 1.000000
X -0.972604 -0.224678 -0.059679
Y 0.109699 -0.669915 0.734289
Z -0.204958 0.707625 0.676209

PART 41
OFFSET 14.370560 -7.588307 -6.289670
SCALE 1.000000 1.000000 1.000000
X -0.049070 -0.935006 0.351220
Y 0.990392 -0.000032 0.138288
Z -0.129289 0.354631 0.926024

PART 42
OFFSET 11.556739 -8.572376 -7.362752
SCALE 1.000000 1.000000 1.000000
X -0.932953 -0.271221 0.236724
Y 0.359976 -0.695427 0.621931
Z -0.004056 0.665447 0.746434

PART 43
OFFSET 11.618631 -8.096342 -6.798079
SCALE 1.000000 1.000000 1.000000
X -0.994316 -0.078707 0.071702
Y 0.105964 -0.665930 0.738451
Z -0.010373 0.741851 0.670485

PART 44
OFFSET 10.818714 -7.163954 -6.250615
SCALE 1.000000 1.000000 1.000000
X -0.487401 -0.872097 -0.043439
Y 0.809822 -0.432872 -0.395993
Z 0.326541 -0.228185 0.917225

PART 45
OFFSET 6.347197 -8.821297 -5.972937
SCALE 1.000000 1.000000 1.000000
X -0.933269 -0.265821 0.241556
Y -0.353618 0.562116 -0.747650
Z 0.062959 -0.783176 -0.618604

PART 46
OFFSET 22.622060 -4.629785 -1.890809
SCALE 1.000000 1.000000 1.000000
X 0.993763 -0.021372 0.109443
Y 0.068810 0.889848 -0.451038
Z -0.087748 0.455756 0.885769

PART 47
OFFSET 24.245643 -2.002695 -4.986012
SCALE 1.000000 1.000000 1.000000
X 0.970285 0.167833 0.174297
Y 0.224254 -0.353230 -0.908261
Z -0.090869 0.920359 -0.380371

PART 48
OFFSET 24.601182 -1.659273 -6.003873
SCALE 1.000000 1.000000 1.000000
X 0.963091 0.242459 0.116915
Y 0.257497 -0.703306 -0.662613
Z -0.078430 0.668262 -0.739780

PART 49
OFFSET 22.346282 -1.357785 -8.206963
SCALE 1.000000 1.000000 1.000000
X 0.994818 0.091566 -0.044189
Y 0.039176 -0.746289 -0.664468
Z -0.093821 0.659293 -0.746009

PART 50
OFFSET 22.746880 -1.245776 -7.197809
SCALE 1.000000 1.000000 1.000000
X 0.999547 -0.025911 0.015289
Y -0.012374 -0.817260 -0.576136
Z 0.027423 0.575686 -0.817211

PART 51
OFFSET 21.614375 -4.613326 -6.692205
SCALE 1.000000 1.000000 1.000000
X 0.989514 0.002278 0.144416
Y -0.064535 -0.887545 0.456179
Z 0.129215 -0.460715 -0.878092

PART 52
OFFSET 15.863073 -6.561892 -5.281129
SCALE 1.000000 1.000000 1.000000
X -0.436338 -0.884449 0.165407
Y 0.823730 -0.318681 0.468948
