// Export time: Sat Jun 18 03:18:32 2022

ANIMATION
VERSION 3

NUMPARTS 79
PART 0 "tag_torso"
PART 1 "j_shoulder_le"
PART 2 "j_shoulder_ri"
PART 3 "tag_weapon"
PART 4 "tag_weapon1"
PART 5 "j_elbow_le"
PART 6 "j_elbow_ri"
PART 7 "j_gun"
PART 8 "j_sleave_reshape_bottom_le_1"
PART 9 "j_sleave_reshape_bottom_le_2"
PART 10 "j_sleave_reshape_top_le_1"
PART 11 "j_sleave_reshape_top_le_2"
PART 12 "j_sleave_reshape_top_le_3"
PART 13 "j_wrist_le"
PART 14 "j_wristtwist_le"
PART 15 "j_sleave_reshape_top_ri_1"
PART 16 "j_sleave_reshape_top_ri_2"
PART 17 "j_sleave_reshape_top_ri_3"
PART 18 "j_wrist_ri"
PART 19 "j_wristtwist_ri"
PART 20 "tag_bolt_animate"
PART 21 "tag_brass"
PART 22 "tag_flash"
PART 23 "tag_handguard"
PART 24 "tag_mag_release_animate"
PART 25 "tag_frame"
PART 26 "tag_ext_mag_animate"
PART 27 "j_index_le_0"
PART 28 "j_mid_le_0"
PART 29 "j_pinkypalm_le"
PART 30 "j_ringpalm_le"
PART 31 "j_thumb_le_0"
PART 32 "j_webbing_le"
PART 33 "tag_knife_attach"
PART 34 "j_index_ri_0"
PART 35 "j_mid_ri_0"
PART 36 "j_pinkypalm_ri"
PART 37 "j_ringpalm_ri"
PART 38 "j_thumb_ri_0"
PART 39 "j_webbing_ri"
PART 40 "tag_ext_mag_bullet_animate"
PART 41 "j_index_le_1"
PART 42 "j_mid_le_1"
PART 43 "j_pinky_le_0"
PART 44 "j_ring_le_0"
PART 45 "j_thumb_le_1"
PART 46 "j_index_ri_1"
PART 47 "j_mid_ri_1"
PART 48 "j_pinky_ri_0"
PART 49 "j_ring_ri_0"
PART 50 "j_thumb_ri_1"
PART 51 "j_index_le_2"
PART 52 "j_mid_le_2"
PART 53 "j_pinky_le_1"
PART 54 "j_ring_le_1"
PART 55 "j_thumb_le_2"
PART 56 "j_index_ri_2"
PART 57 "j_mid_ri_2"
PART 58 "j_pinky_ri_1"
PART 59 "j_ring_ri_1"
PART 60 "j_thumb_ri_2"
PART 61 "j_index_le_3"
PART 62 "j_mid_le_3"
PART 63 "j_pinky_le_2"
PART 64 "j_ring_le_2"
PART 65 "j_thumb_le_3"
PART 66 "j_index_ri_3"
PART 67 "j_mid_ri_3"
PART 68 "j_pinky_ri_2"
PART 69 "j_ring_ri_2"
PART 70 "j_thumb_ri_3"
PART 71 "j_pinky_le_3"
PART 72 "j_ring_le_3"
PART 73 "j_pinky_ri_3"
PART 74 "j_ring_ri_3"
PART 75 "tag_cambone"
PART 76 "tag_camera"
PART 77 "tag_gasmask"
PART 78 "tag_gasmask2"

FRAMERATE 30
NUMFRAMES 21
FRAME 0
PART 0
OFFSET 0.000000 0.000000 0.000000
SCALE 1.000000 1.000000 1.000000
X 1.000000 0.000000 0.000000
Y 0.000000 1.000000 0.000000
Z 0.000000 0.000000 1.000000

PART 1
OFFSET 6.170389 2.695958 -8.244715
SCALE 1.000000 1.000000 1.000000
X -0.183734 0.714660 -0.674909
Y 0.647542 -0.428569 -0.630094
Z -0.739548 -0.552802 -0.384030

PART 2
OFFSET -2.976062 -9.545733 2.949241
SCALE 1.000000 1.000000 1.000000
X 0.146487 0.007353 0.989185
Y -0.642119 -0.759957 0.100740
Z 0.752479 -0.649932 -0.106602

PART 3
OFFSET 8.894447 -10.015122 -11.176830
SCALE 1.000000 1.000000 1.000000
X 0.674939 -0.655482 -0.338822
Y 0.277400 0.650909 -0.706658
Z 0.683745 0.382962 0.621155

PART 4
OFFSET 13.745596 17.667068 -17.903065
SCALE 1.000000 1.000000 1.000000
X 0.998737 0.041892 -0.027740
Y 0.021387 0.145113 0.989184
Z 0.045465 -0.988528 0.144033

PART 5
OFFSET 3.333704 13.064827 -17.636341
SCALE 1.000000 1.000000 1.000000
X 0.915831 -0.277987 0.289789
Y -0.401013 -0.595294 0.696286
Z -0.021048 -0.753889 -0.656665

PART 6
OFFSET -5.377200 -9.845326 -10.382908
SCALE 1.000000 1.000000 1.000000
X -0.995208 0.051775 -0.082943
Y 0.086586 0.072604 -0.993595
Z -0.045422 -0.996016 -0.076739

PART 7
OFFSET 8.894447 -10.015122 -11.176830
SCALE 1.000000 1.000000 1.000000
X 0.674939 -0.655482 -0.338822
Y 0.277400 0.650909 -0.706658
Z 0.683745 0.382962 0.621155

PART 8
OFFSET 12.844891 11.616896 -14.913261
SCALE 1.000000 1.000000 1.000000
X 0.918264 -0.272373 0.287408
Y 0.024228 0.763125 0.645796
Z -0.395226 -0.586048 0.707350

PART 9
OFFSET 12.540136 10.615368 -16.231491
SCALE 1.000000 1.000000 1.000000
X 0.918264 -0.272373 0.287408
Y 0.024228 0.763125 0.645796
Z -0.395226 -0.586048 0.707350

PART 10
OFFSET 12.305001 9.876033 -13.065534
SCALE 1.000000 1.000000 1.000000
X 0.918264 -0.272373 0.287408
Y 0.024228 0.763125 0.645796
Z -0.395226 -0.586048 0.707350

PART 11
OFFSET 12.099367 8.776499 -13.814024
SCALE 1.000000 1.000000 1.000000
X 0.918264 -0.272373 0.287408
Y 0.024228 0.763125 0.645796
Z -0.395226 -0.586048 0.707350

PART 12
OFFSET 12.119611 8.997346 -14.991522
SCALE 1.000000 1.000000 1.000000
X 0.918264 -0.272373 0.287408
Y 0.024228 0.763125 0.645796
Z -0.395226 -0.586048 0.707350

PART 13
OFFSET 13.889544 9.926848 -14.490566
SCALE 1.000000 1.000000 1.000000
X 0.698748 -0.403445 0.590747
Y -0.638778 -0.723640 0.261357
Z 0.322045 -0.559980 -0.763354

PART 14
OFFSET 11.123321 10.700401 -15.170727
SCALE 1.000000 1.000000 1.000000
X 0.915831 -0.277987 0.289789
Y -0.401013 -0.595294 0.696286
Z -0.021048 -0.753889 -0.656665

PART 15
OFFSET 4.835841 -11.276074 -8.104672
SCALE 1.000000 1.000000 1.000000
X -0.995581 0.054049 -0.076796
Y 0.046966 0.994723 0.091213
Z 0.081320 0.087203 -0.992866

PART 16
OFFSET 4.778238 -9.967107 -7.796800
SCALE 1.000000 1.000000 1.000000
X -0.995581 0.054049 -0.076796
Y 0.046966 0.994723 0.091213
Z 0.081320 0.087203 -0.992866

PART 17
OFFSET 4.506628 -9.273660 -8.735456
SCALE 1.000000 1.000000 1.000000
X -0.995581 0.054049 -0.076796
Y 0.046966 0.994723 0.091213
Z 0.081320 0.087203 -0.992866

PART 18
OFFSET 6.352740 -10.107412 -9.243678
SCALE 1.000000 1.000000 1.000000
X -0.786323 0.452324 0.420832
Y -0.612301 -0.661366 -0.433223
Z 0.082367 -0.598329 0.797006

PART 19
OFFSET 3.090363 -10.285037 -9.676862
SCALE 1.000000 1.000000 1.000000
X -0.995208 0.051775 -0.082943
Y 0.086586 0.072604 -0.993595
Z -0.045422 -0.996016 -0.076739

PART 20
OFFSET 14.184444 -10.929556 -9.933099
SCALE 1.000000 1.000000 1.000000
X 0.674939 -0.655482 -0.338822
Y 0.277400 0.650909 -0.706658
Z 0.683745 0.382962 0.621155

PART 21
OFFSET 18.412669 -15.380993 -11.870926
SCALE 1.000000 1.000000 1.000000
X 0.101529 -0.372320 0.922534
Y 0.674939 -0.655482 -0.338822
Z 0.730855 0.657054 0.184743

PART 22
OFFSET 24.738875 -21.174090 -15.234940
SCALE 1.000000 1.000000 1.000000
X 0.674939 -0.655482 -0.338822
Y 0.277400 0.650909 -0.706658
Z 0.683745 0.382962 0.621155

PART 23
OFFSET 20.304313 -16.867364 -13.008772
SCALE 1.000000 1.000000 1.000000
X 0.674939 -0.655482 -0.338822
Y 0.277400 0.650909 -0.706658
Z 0.683745 0.382962 0.621155

PART 24
OFFSET 18.152417 -12.745791 -13.580259
SCALE 1.000000 1.000000 1.000000
X 0.674939 -0.655482 -0.338822
Y 0.277400 0.650909 -0.706658
Z 0.683745 0.382962 0.621155

PART 25
OFFSET 20.454967 -16.959935 -13.035655
SCALE 1.000000 1.000000 1.000000
X 0.674939 -0.655482 -0.338822
Y 0.277400 0.650909 -0.706658
Z 0.683745 0.382962 0.621155

PART 26
OFFSET 19.636532 -12.530496 -14.923672
SCALE 1.000000 1.000000 1.000000
X 0.674939 -0.655482 -0.338822
Y 0.277400 0.650909 -0.706658
Z 0.683745 0.382962 0.621155

PART 27
OFFSET 16.008014 7.978106 -11.702007
SCALE 1.000000 1.000000 1.000000
X 0.748743 -0.638300 0.178766
Y 0.160968 -0.086529 -0.983159
Z 0.643019 0.764909 0.037958

PART 28
OFFSET 16.687218 8.729211 -12.181206
SCALE 1.000000 1.000000 1.000000
X 0.643808 -0.761138 0.078614
Y -0.075841 -0.165706 -0.983255
Z 0.761420 0.627065 -0.164408

PART 29
OFFSET 15.199248 10.275717 -14.484894
SCALE 1.000000 1.000000 1.000000
X 0.910410 -0.252409 0.327784
Y 0.114639 -0.607366 -0.786107
Z 0.397506 0.753257 -0.524017

PART 30
OFFSET 14.916822 9.723497 -14.076164
SCALE 1.000000 1.000000 1.000000
X 0.839865 -0.209615 0.500688
Y 0.338251 -0.519305 -0.784799
Z 0.424515 0.828483 -0.365243

PART 31
OFFSET 13.738244 8.894200 -14.336260
SCALE 1.000000 1.000000 1.000000
X 0.470435 -0.881754 0.034652
Y -0.868466 -0.455672 0.195270
Z -0.156390 -0.121956 -0.980137

PART 32
OFFSET 15.201966 7.234023 -12.663661
SCALE 1.000000 1.000000 1.000000
X 0.870522 -0.395369 0.293043
Y -0.129848 0.389833 0.911685
Z -0.474690 -0.831693 0.288021

PART 33
OFFSET 16.618987 8.369678 -14.193054
SCALE 1.000000 1.000000 1.000000
X 0.349057 0.819770 -0.454022
Y -0.322029 0.559923 0.763402
Z 0.880032 -0.120263 0.459435

PART 34
OFFSET 9.890335 -11.598485 -10.227606
SCALE 1.000000 1.000000 1.000000
X -0.784680 0.495903 0.371965
Y 0.036221 -0.562336 0.826115
Z 0.618842 0.661709 0.423292

PART 35
OFFSET 9.190600 -12.168541 -10.908040
SCALE 1.000000 1.000000 1.000000
X -0.345083 -0.695619 0.630105
Y 0.700369 -0.637771 -0.320519
Z 0.624821 0.330700 0.707274

PART 36
OFFSET 6.288193 -11.094247 -10.230437
SCALE 1.000000 1.000000 1.000000
X -0.604055 0.382924 0.698918
Y 0.192905 -0.780664 0.594433
Z 0.773243 0.493895 0.397697

PART 37
OFFSET 6.899206 -10.783288 -9.948950
SCALE 1.000000 1.000000 1.000000
X -0.629392 0.574294 0.523500
Y 0.113577 -0.598451 0.793068
Z 0.768743 0.558608 0.311434

PART 38
OFFSET 7.206265 -9.569665 -9.457007
SCALE 1.000000 1.000000 1.000000
X -0.805644 -0.356306 0.473270
Y 0.054963 -0.840413 -0.539152
Z 0.589845 -0.408352 0.696657

PART 39
OFFSET 3.642106 -7.986360 -6.698705
SCALE 1.000000 1.000000 1.000000
X -0.598544 0.387120 0.701344
Y -0.331181 0.677593 -0.656648
Z -0.729427 -0.625305 -0.277362

PART 40
OFFSET 18.455181 -15.302492 -11.914262
SCALE 1.000000 1.000000 1.000000
X 0.674939 -0.655482 -0.338822
Y 0.277400 0.650909 -0.706658
Z 0.683745 0.382962 0.621155

PART 41
OFFSET 17.324143 6.824685 -11.456412
SCALE 1.000000 1.000000 1.000000
X 0.359097 -0.600762 -0.714237
Y -0.431661 0.571600 -0.697813
Z 0.827477 0.558890 -0.054066

PART 42
OFFSET 17.937799 7.245109 -12.024976
SCALE 1.000000 1.000000 1.000000
X 0.329758 -0.662586 -0.672487
Y -0.758819 0.237762 -0.606352
Z 0.561653 0.710246 -0.424379

PART 43
OFFSET 17.186997 9.561322 -13.675872
SCALE 1.000000 1.000000 1.000000
X 0.827357 -0.561645 0.005961
Y -0.308798 -0.463703 -0.830436
Z 0.469174 0.685226 -0.557083

PART 44
OFFSET 17.160974 9.306329 -12.819915
SCALE 1.000000 1.000000 1.000000
X 0.741727 -0.655756 0.140803
Y -0.326581 -0.536481 -0.778160
Z 0.585821 0.531199 -0.612080

PART 45
OFFSET 14.641137 6.967835 -14.314004
SCALE 1.000000 1.000000 1.000000
X 0.660722 -0.734615 0.154233
Y -0.748116 -0.661264 0.055256
Z 0.061397 -0.151893 -0.986488

PART 46
OFFSET 11.303795 -12.249114 -11.014265
SCALE 1.000000 1.000000 1.000000
X -0.394054 -0.751990 0.528424
Y 0.856069 -0.509534 -0.086724
Z 0.334466 0.418194 0.844539

PART 47
OFFSET 9.853601 -10.779665 -12.132946
SCALE 1.000000 1.000000 1.000000
X 0.413344 -0.908389 -0.063055
Y 0.384733 0.236988 -0.892086
Z 0.825304 0.344480 0.447445

PART 48
OFFSET 7.838085 -12.031631 -11.747581
SCALE 1.000000 1.000000 1.000000
X -0.276780 -0.667609 0.691152
Y 0.544298 -0.701664 -0.459791
Z 0.791917 0.248932 0.557584

PART 49
OFFSET 8.422047 -12.343382 -11.375285
SCALE 1.000000 1.000000 1.000000
X -0.379969 -0.607028 0.697955
Y 0.356335 -0.792369 -0.495153
Z 0.853610 0.060563 0.517381

PART 50
OFFSET 8.947196 -8.693982 -10.499725
SCALE 1.000000 1.000000 1.000000
X -0.787075 0.219945 0.576314
Y -0.350532 -0.928243 -0.124468
Z 0.507583 -0.299982 0.807694

PART 51
OFFSET 17.608227 6.143172 -12.414078
SCALE 1.000000 1.000000 1.000000
X -0.038904 -0.234760 -0.971274
Y -0.488028 0.852661 -0.186543
Z 0.871961 0.466751 -0.147742

PART 52
OFFSET 18.363516 6.295302 -13.058579
SCALE 1.000000 1.000000 1.000000
X -0.462032 -0.112322 -0.879722
Y -0.687984 0.671353 0.275613
Z 0.559646 0.732577 -0.387462

PART 53
OFFSET 18.340890 8.793021 -13.672237
SCALE 1.000000 1.000000 1.000000
X 0.290421 -0.857952 -0.423762
Y -0.723982 0.092564 -0.683580
Z 0.625704 0.505322 -0.594259

PART 54
OFFSET 18.424549 8.199153 -12.581900
SCALE 1.000000 1.000000 1.000000
X 0.021436 -0.821761 -0.569429
Y -0.783519 0.339968 -0.520115
Z 0.620998 0.457308 -0.636578

PART 55
OFFSET 15.477828 5.684778 -14.178665
SCALE 1.000000 1.000000 1.000000
X 0.118987 -0.992576 -0.025216
Y -0.989830 -0.120575 0.075493
Z -0.077973 0.015977 -0.996827

PART 56
OFFSET 11.752144 -11.272670 -11.584948
SCALE 1.000000 1.000000 1.000000
X -0.048557 -0.932105 0.358920
Y 0.944852 -0.159386 -0.286095
Z 0.323877 0.325234 0.888440

PART 57
OFFSET 9.218780 -9.464970 -11.991016
SCALE 1.000000 1.000000 1.000000
X 0.549381 -0.295250 -0.781670
Y -0.185797 0.868905 -0.458784
Z 0.814654 0.397279 0.422503

PART 58
OFFSET 8.220530 -11.116277 -12.705574
SCALE 1.000000 1.000000 1.000000
X 0.002307 -0.992794 0.119810
Y 0.703142 -0.083580 -0.706120
Z 0.711046 0.085872 0.697882

PART 59
OFFSET 9.075239 -11.301455 -12.563233
SCALE 1.000000 1.000000 1.000000
X 0.147178 -0.980355 -0.131313
Y 0.522560 0.189787 -0.831211
Z 0.839803 0.053717 0.540227

PART 60
OFFSET 9.994710 -9.329056 -11.427882
SCALE 1.000000 1.000000 1.000000
X -0.328215 0.805016 0.494191
Y -0.825717 -0.498599 0.263799
Z 0.458766 -0.321479 0.828363

PART 61
OFFSET 17.564310 5.877971 -13.511117
SCALE 1.000000 1.000000 1.000000
X 0.699055 -0.561516 0.442745
Y -0.225279 0.414693 0.881634
Z -0.678655 -0.716051 0.163396

PART 62
OFFSET 17.844678 6.172802 -14.057868
SCALE 1.000000 1.000000 1.000000
X 0.755310 -0.392468 0.524858
Y -0.187545 0.637929 0.746909
Z -0.627960 -0.662582 0.408229

PART 63
OFFSET 18.593261 7.994885 -14.083558
SCALE 1.000000 1.000000 1.000000
X -0.761866 -0.243391 -0.600268
Y -0.381906 0.917294 0.112783
Z 0.523172 0.315171 -0.791807

PART 64
OFFSET 18.421519 7.061905 -13.367133
SCALE 1.000000 1.000000 1.000000
X -0.606655 -0.262195 -0.750482
Y -0.530021 0.837004 0.136022
Z 0.592493 0.480290 -0.646741

PART 65
OFFSET 15.586080 4.610076 -14.250294
SCALE 1.000000 1.000000 1.000000
X -0.066094 -0.767821 0.637247
Y 0.286634 0.597116 0.749196
Z -0.955758 0.232174 0.180618

PART 66
OFFSET 11.807039 -10.219895 -11.990327
SCALE 1.000000 1.000000 1.000000
X -0.745610 0.538890 0.391999
Y 0.285343 0.789778 -0.542983
Z -0.602201 -0.292999 -0.742634

PART 67
OFFSET 8.590682 -9.132792 -11.108997
SCALE 1.000000 1.000000 1.000000
X -0.358077 -0.355505 0.863364
Y -0.435087 0.881679 0.182595
Z -0.826123 -0.310256 -0.470384

PART 68
OFFSET 8.217715 -10.230493 -12.810821
SCALE 1.000000 1.000000 1.000000
X 0.476961 -0.566435 -0.672056
Y 0.424448 0.818006 -0.388215
Z 0.769644 -0.100089 0.630579

PART 69
OFFSET 8.838009 -9.943200 -12.358134
SCALE 1.000000 1.000000 1.000000
X 0.589366 -0.446520 -0.673251
Y 0.146140 0.878549 -0.454748
Z 0.794538 0.169624 0.583041

PART 70
OFFSET 10.342719 -10.176445 -12.004696
SCALE 1.000000 1.000000 1.000000
X -0.707155 0.697985 -0.112913
Y 0.088062 -0.071507 -0.993545
Z -0.701553 -0.712534 -0.010899

PART 71
OFFSET 17.869470 7.763656 -14.653827
SCALE 1.000000 1.000000 1.000000
X 0.746130 -0.435489 0.503627
Y 0.267910 0.888860 0.371689
Z -0.609520 -0.142401 0.779876

PART 72
OFFSET 17.763649 6.777538 -14.181011
SCALE 1.000000 1.000000 1.000000
X 0.831492 -0.237351 0.502281
Y -0.110591 0.815319 0.568352
Z -0.544418 -0.528128 0.651682

PART 73
OFFSET 7.764575 -9.692360 -12.172353
SCALE 1.000000 1.000000 1.000000
X -0.743275 -0.065627 0.665759
Y 0.110456 0.969479 0.218882
Z -0.659804 0.236227 -0.713341

PART 74
OFFSET 8.198851 -9.458886 -11.627985
SCALE 1.000000 1.000000 1.000000
X -0.523478 -0.126803 0.842551
Y -0.251226 0.967872 -0.010424
Z -0.814160 -0.217128 -0.538516

PART 75
OFFSET 0.000000 0.000000 0.000000
SCALE 1.000000 1.000000 1.000000
X 1.000000 0.000000 0.000000
Y 0.000000 1.000000 0.000000
Z 0.000000 0.000000 1.000000

PART 76
OFFSET 0.000000 0.000000 0.000000
SCALE 1.000000 1.000000 1.000000
X 1.000000 0.000000 0.000000
Y 0.000000 1.000000 0.000000
Z 0.000000 0.000000 1.000000

PART 77
OFFSET 1.540551 -0.000007 4.135844
SCALE 1.000000 1.000000 1.000000
X 1.000000 0.000000 0.000000
Y 0.000000 1.000000 0.000000
Z 0.000000 0.000000 1.000000

PART 78
OFFSET -4.631835 0.000000 -1.376957
SCALE 1.000000 1.000000 1.000000
X 1.000000 0.000000 0.000000
Y 0.000000 1.000000 0.000000
Z 0.000000 0.000000 1.000000

FRAME 1
PART 0
OFFSET 0.000000 0.000000 0.000000
SCALE 1.000000 1.000000 1.000000
X 1.000000 0.000000 0.000000
Y 0.000000 1.000000 0.000000
Z 0.000000 0.000000 1.000000

PART 1
OFFSET 4.944250 2.407105 -9.442385
SCALE 1.000000 1.000000 1.000000
X 0.042638 0.887340 -0.459141
Y 0.629914 -0.380585 -0.677025
Z -0.775493 -0.260352 -0.575176

PART 2
OFFSET -3.134560 -9.330815 3.041403
SCALE 1.000000 1.000000 1.000000
X 0.080183 0.037006 0.996093
Y -0.550700 -0.831308 0.075214
Z 0.830843 -0.554579 -0.046278

PART 3
OFFSET 9.861993 -8.833775 -10.670989
SCALE 1.000000 1.000000 1.000000
X 0.746085 -0.636335 -0.196048
Y 0.378331 0.647415 -0.661604
Z 0.547925 0.419442 0.723772

PART 4
OFFSET 13.745596 17.667068 -17.903065
SCALE 1.000000 1.000000 1.000000
X 0.998737 0.041892 -0.027740
Y 0.021387 0.145113 0.989184
Z 0.045465 -0.988528 0.144033

PART 5
OFFSET 5.280426 15.096429 -15.688299
SCALE 1.000000 1.000000 1.000000
X 0.840621 -0.483084 0.244921
Y -0.537833 -0.691109 0.482809
Z -0.063970 -0.537586 -0.840779

PART 6
OFFSET -4.613111 -10.057355 -10.263235
SCALE 1.000000 1.000000 1.000000
X -0.995074 -0.061160 -0.078022
Y 0.074390 0.059572 -0.995448
Z 0.065530 -0.996349 -0.054729

PART 7
OFFSET 9.861993 -8.833775 -10.670989
SCALE 1.000000 1.000000 1.000000
X 0.746085 -0.636335 -0.196048
Y 0.378331 0.647415 -0.661604
Z 0.547925 0.419442 0.723772

PART 8
OFFSET 14.229857 11.524789 -13.018953
SCALE 1.000000 1.000000 1.000000
X 0.843991 -0.477482 0.244317
Y 0.069319 0.548795 0.833078
Z -0.531860 -0.686174 0.496276

PART 9
OFFSET 13.911335 10.972806 -14.577004
SCALE 1.000000 1.000000 1.000000
X 0.843991 -0.477482 0.244317
Y 0.069319 0.548795 0.833078
Z -0.531860 -0.686174 0.496276

PART 10
OFFSET 13.298309 9.456842 -11.757210
SCALE 1.000000 1.000000 1.000000
X 0.843991 -0.477482 0.244317
Y 0.069319 0.548795 0.833078
Z -0.531860 -0.686174 0.496276

PART 11
OFFSET 13.013770 8.643599 -12.791218
SCALE 1.000000 1.000000 1.000000
X 0.843991 -0.477482 0.244317
Y 0.069319 0.548795 0.833078
Z -0.531860 -0.686174 0.496276

PART 12
OFFSET 13.168150 9.166295 -13.858289
SCALE 1.000000 1.000000 1.000000
X 0.843991 -0.477482 0.244317
Y 0.069319 0.548795 0.833078
Z -0.531860 -0.686174 0.496276

PART 13
OFFSET 14.968549 9.560909 -13.083067
SCALE 1.000000 1.000000 1.000000
X 0.655400 -0.429171 0.621501
Y -0.621266 -0.774283 0.120478
Z 0.429512 -0.465079 -0.774094

PART 14
OFFSET 12.430273 10.987327 -13.604348
SCALE 1.000000 1.000000 1.000000
X 0.840621 -0.483084 0.244921
Y -0.537833 -0.691109 0.482809
Z -0.063970 -0.537586 -0.840779

PART 15
OFFSET 5.703860 -10.291442 -8.016258
SCALE 1.000000 1.000000 1.000000
X -0.995675 -0.058805 -0.071923
Y -0.063798 0.995559 0.069218
Z 0.067534 0.073507 -0.995006

PART 16
OFFSET 5.501919 -8.990466 -7.736655
SCALE 1.000000 1.000000 1.000000
X -0.995675 -0.058805 -0.071923
Y -0.063798 0.995559 0.069218
Z 0.067534 0.073507 -0.995006

PART 17
OFFSET 5.151388 -8.352696 -8.688544
SCALE 1.000000 1.000000 1.000000
X -0.995675 -0.058805 -0.071923
Y -0.063798 0.995559 0.069218
Z 0.067534 0.073507 -0.995006

PART 18
OFFSET 7.013991 -8.976531 -9.224509
SCALE 1.000000 1.000000 1.000000
X -0.863410 0.431095 0.262069
Y -0.502690 -0.691138 -0.519260
Z -0.042725 -0.580073 0.813443

PART 19
OFFSET 3.853218 -9.536173 -9.599079
SCALE 1.000000 1.000000 1.000000
X -0.995074 -0.061160 -0.078022
Y 0.074390 0.059572 -0.995448
Z 0.065530 -0.996349 -0.054729

PART 20
OFFSET 14.869382 -9.529056 -8.477871
SCALE 1.000000 1.000000 1.000000
X 0.746085 -0.636335 -0.196048
Y 0.378331 0.647415 -0.661604
Z 0.547925 0.419442 0.723772

PART 21
OFFSET 19.521465 -13.856802 -9.515702
SCALE 1.000000 1.000000 1.000000
X -0.053780 -0.351059 0.934808
Y 0.746085 -0.636335 -0.196048
Z 0.663675 0.686903 0.296142

PART 22
OFFSET 26.536813 -19.474237 -11.547144
SCALE 1.000000 1.000000 1.000000
X 0.746085 -0.636335 -0.196048
Y 0.378331 0.647415 -0.661604
Z 0.547925 0.419442 0.723772

PART 23
OFFSET 21.634796 -15.293317 -10.259050
SCALE 1.000000 1.000000 1.000000
X 0.746085 -0.636335 -0.196048
Y 0.378331 0.647415 -0.661604
Z 0.547925 0.419442 0.723772

PART 24
OFFSET 19.486090 -11.265319 -11.309248
SCALE 1.000000 1.000000 1.000000
X 0.746085 -0.636335 -0.196048
Y 0.378331 0.647415 -0.661604
Z 0.547925 0.419442 0.723772

PART 25
OFFSET 21.790796 -15.380751 -10.256208
SCALE 1.000000 1.000000 1.000000
X 0.746085 -0.636335 -0.196048
Y 0.378331 0.647415 -0.661604
Z 0.547925 0.419442 0.723772

PART 26
OFFSET 21.179644 -11.020491 -12.370211
SCALE 1.000000 1.000000 1.000000
X 0.746085 -0.636335 -0.196048
Y 0.378331 0.647415 -0.661604
Z 0.547925 0.419442 0.723772

PART 27
OFFSET 16.888242 7.439465 -10.278360
SCALE 1.000000 1.000000 1.000000
X 0.735872 -0.632621 0.241421
Y 0.301907 -0.012599 -0.953254
Z 0.606090 0.774359 0.181721

PART 28
OFFSET 17.572344 8.265111 -10.611733
SCALE 1.000000 1.000000 1.000000
X 0.677980 -0.726721 0.110542
Y 0.064576 -0.090916 -0.993763
Z 0.732238 0.680890 -0.014711

PART 29
OFFSET 16.246792 9.964093 -12.905729
SCALE 1.000000 1.000000 1.000000
X 0.885066 -0.232460 0.403261
Y 0.235496 -0.523667 -0.818728
Z 0.401496 0.819595 -0.408736

PART 30
OFFSET 15.956865 9.364707 -12.580450
SCALE 1.000000 1.000000 1.000000
X 0.794895 -0.224464 0.563700
Y 0.442834 -0.420482 -0.791892
Z 0.414777 0.879097 -0.234838

PART 31
OFFSET 14.852792 8.511207 -13.046275
SCALE 1.000000 1.000000 1.000000
X 0.477049 -0.878869 -0.003781
Y -0.877533 -0.476552 0.053237
Z -0.048590 -0.022078 -0.998575

PART 32
OFFSET 16.232750 6.759239 -11.390796
SCALE 1.000000 1.000000 1.000000
X 0.856230 -0.383393 0.346236
Y -0.244502 0.289647 0.925377
Z -0.455070 -0.876992 0.154264

PART 33
OFFSET 17.734794 8.105902 -12.642620
SCALE 1.000000 1.000000 1.000000
X 0.348069 0.876241 -0.333240
Y -0.429498 0.465019 0.774138
Z 0.833294 -0.126328 0.538202

PART 34
OFFSET 10.717368 -10.355713 -9.522583
SCALE 1.000000 1.000000 1.000000
X -0.854435 0.473791 0.213222
Y -0.094492 -0.545254 0.832928
Z 0.510894 0.691535 0.510653

PART 35
OFFSET 10.170149 -10.963378 -10.302889
SCALE 1.000000 1.000000 1.000000
X -0.429849 -0.695943 0.575234
Y 0.766912 -0.617660 -0.174190
Z 0.476526 0.366278 0.799227

PART 36
OFFSET 7.159866 -9.983162 -10.182172
SCALE 1.000000 1.000000 1.000000
X -0.731897 0.373539 0.569909
Y 0.108275 -0.761983 0.638482
Z 0.672758 0.529010 0.517247

PART 37
OFFSET 7.699940 -9.644993 -9.803713
SCALE 1.000000 1.000000 1.000000
X -0.731521 0.560581 0.388106
Y -0.011325 -0.579133 0.815154
Z 0.681725 0.591907 0.429997

PART 38
OFFSET 7.874009 -8.412091 -9.294965
SCALE 1.000000 1.000000 1.000000
X -0.865532 -0.376593 0.330198
Y 0.178211 -0.847691 -0.499661
Z 0.468075 -0.373627 0.800817

PART 39
OFFSET 3.822793 -6.908872 -7.258719
SCALE 1.000000 1.000000 1.000000
X -0.727054 0.377979 0.573171
Y -0.229698 0.652807 -0.721860
Z -0.647018 -0.656487 -0.387804

PART 40
OFFSET 19.568465 -13.777607 -9.552672
SCALE 1.000000 1.000000 1.000000
X 0.746085 -0.636335 -0.196048
Y 0.378331 0.647415 -0.661604
Z 0.547925 0.419442 0.723772

PART 41
OFFSET 18.188038 6.309428 -9.889730
SCALE 1.000000 1.000000 1.000000
X 0.522547 -0.573187 -0.631190
Y -0.304395 0.566098 -0.766079
Z 0.796422 0.592443 0.121337

PART 42
OFFSET 18.887983 6.850364 -10.390227
SCALE 1.000000 1.000000 1.000000
X 0.481802 -0.598053 -0.640469
Y -0.672112 0.216761 -0.708011
Z 0.562257 0.771588 -0.297523

PART 43
OFFSET 18.180539 9.279300 -11.958748
SCALE 1.000000 1.000000 1.000000
X 0.863050 -0.495288 0.099170
Y -0.145661 -0.432024 -0.890022
Z 0.483661 0.753688 -0.445002

PART 44
OFFSET 18.081046 8.915749 -11.140469
SCALE 1.000000 1.000000 1.000000
X 0.755150 -0.633582 0.168293
Y -0.207035 -0.474078 -0.855796
Z 0.622001 0.611412 -0.489174

PART 45
OFFSET 15.769436 6.605673 -13.120897
SCALE 1.000000 1.000000 1.000000
X 0.623242 -0.770049 0.136357
Y -0.765677 -0.636333 -0.093912
Z 0.159085 -0.045875 -0.986198

PART 46
OFFSET 12.269538 -10.968872 -10.027383
SCALE 1.000000 1.000000 1.000000
X -0.457898 -0.755934 0.467860
Y 0.873831 -0.479530 0.080437
Z 0.163547 0.445662 0.880135

PART 47
OFFSET 10.996874 -9.574190 -11.423434
SCALE 1.000000 1.000000 1.000000
X 0.447262 -0.893741 0.034396
Y 0.530802 0.234288 -0.814468
Z 0.719865 0.382538 0.579188

PART 48
OFFSET 8.986706 -10.891392 -11.373959
SCALE 1.000000 1.000000 1.000000
X -0.374567 -0.664339 0.646802
Y 0.640555 -0.689763 -0.337515
Z 0.670365 0.287891 0.683908

PART 49
OFFSET 9.504117 -11.174723 -10.895610
SCALE 1.000000 1.000000 1.000000
X -0.479215 -0.607440 0.633537
Y 0.465050 -0.787895 -0.403671
Z 0.744366 0.101181 0.660061

PART 50
OFFSET 9.744514 -7.493028 -10.030804
SCALE 1.000000 1.000000 1.000000
X -0.884522 0.201761 0.420610
Y -0.292103 -0.942540 -0.162154
Z 0.363726 -0.266290 0.892633

PART 51
OFFSET 18.702192 5.646489 -10.763976
SCALE 1.000000 1.000000 1.000000
X 0.195932 -0.243327 -0.949949
Y -0.470941 0.826351 -0.308801
Z 0.860131 0.507874 0.047316

PART 52
OFFSET 19.552656 5.988349 -11.372519
SCALE 1.000000 1.000000 1.000000
X -0.285513 -0.122738 -0.950483
Y -0.783935 0.600415 0.157952
Z 0.551297 0.790214 -0.267645

PART 53
OFFSET 19.382193 8.604863 -11.824343
SCALE 1.000000 1.000000 1.000000
X 0.428215 -0.803780 -0.413000
Y -0.619068 0.072014 -0.782029
Z 0.658321 0.590552 -0.466757

PART 54
OFFSET 19.360152 7.854128 -10.853427
SCALE 1.000000 1.000000 1.000000
X 0.159408 -0.772441 -0.614755
Y -0.730523 0.326558 -0.599747
Z 0.664022 0.544697 -0.512230

PART 55
OFFSET 16.567166 5.286605 -13.027452
SCALE 1.000000 1.000000 1.000000
X 0.121570 -0.989305 -0.080601
Y -0.991939 -0.118165 -0.045757
Z 0.035743 0.085514 -0.995696

PART 56
OFFSET 12.781112 -9.987477 -10.532648
SCALE 1.000000 1.000000 1.000000
X -0.081903 -0.926451 0.367398
Y 0.985549 -0.130131 -0.108440
Z 0.148274 0.353207 0.923720

PART 57
OFFSET 10.304477 -8.281089 -11.429921
SCALE 1.000000 1.000000 1.000000
X 0.690155 -0.289464 -0.663247
Y -0.128520 0.852918 -0.505978
Z 0.712157 0.434444 0.551444

PART 58
OFFSET 9.505037 -9.980606 -12.270446
SCALE 1.000000 1.000000 1.000000
X 0.013029 -0.989663 0.142817
Y 0.820879 -0.070969 -0.566676
Z 0.570954 0.124618 0.811469

PART 59
OFFSET 10.325838 -10.131867 -11.972976
SCALE 1.000000 1.000000 1.000000
X 0.200164 -0.976607 -0.078573
Y 0.656911 0.193274 -0.728775
Z 0.726913 0.094259 0.680230

PART 60
OFFSET 10.961797 -8.106598 -10.740615
SCALE 1.000000 1.000000 1.000000
X -0.437645 0.801537 0.407438
Y -0.843016 -0.523376 0.124100
Z 0.312714 -0.289165 0.904761

PART 61
OFFSET 18.923520 5.371614 -11.836921
SCALE 1.000000 1.000000 1.000000
X 0.603881 -0.523384 0.601163
Y -0.440490 0.409444 0.798952
Z -0.664302 -0.747278 0.016710

PART 62
OFFSET 19.233747 5.854510 -12.451019
SCALE 1.000000 1.000000 1.000000
X 0.681817 -0.343120 0.646060
Y -0.374718 0.594685 0.711292
Z -0.628261 -0.727061 0.276894

PART 63
OFFSET 19.766020 7.861120 -12.223454
SCALE 1.000000 1.000000 1.000000
X -0.615336 -0.298107 -0.729721
Y -0.498823 0.864060 0.067643
Z 0.610358 0.405625 -0.680390

PART 64
OFFSET 19.558142 6.779988 -11.698673
SCALE 1.000000 1.000000 1.000000
X -0.456009 -0.271156 -0.847661
Y -0.624091 0.776452 0.087359
Z 0.634481 0.568855 -0.523296

PART 65
OFFSET 16.683382 4.218664 -13.160986
SCALE 1.000000 1.000000 1.000000
X -0.137666 -0.809575 0.570645
Y 0.199391 0.541684 0.816591
Z -0.970202 0.226199 0.086851

PART 66
OFFSET 12.873667 -8.941085 -10.947594
SCALE 1.000000 1.000000 1.000000
X -0.821017 0.518536 0.238852
Y 0.352400 0.789461 -0.502560
Z -0.449160 -0.328439 -0.830893

PART 67
OFFSET 9.517702 -7.955737 -10.682969
SCALE 1.000000 1.000000 1.000000
X -0.495580 -0.352266 0.793920
Y -0.489243 0.868475 0.079952
Z -0.717664 -0.348797 -0.602743

PART 68
OFFSET 9.492372 -9.097612 -12.396382
SCALE 1.000000 1.000000 1.000000
X 0.608079 -0.561029 -0.561682
Y 0.460451 0.825597 -0.326152
Z 0.646704 -0.060301 0.760354

PART 69
OFFSET 10.011595 -8.779589 -11.847288
SCALE 1.000000 1.000000 1.000000
X 0.714910 -0.437144 -0.545719
Y 0.196802 0.874720 -0.442871
Z 0.670949 0.209214 0.711377

PART 70
OFFSET 11.435122 -8.951282 -11.224729
SCALE 1.000000 1.000000 1.000000
X -0.697686 0.669553 -0.254820
Y 0.267374 -0.086633 -0.959691
Z -0.664640 -0.737694 -0.118579

PART 71
OFFSET 19.181435 7.577909 -12.916707
SCALE 1.000000 1.000000 1.000000
X 0.694747 -0.373410 0.614729
Y 0.096329 0.895282 0.434961
Z -0.712774 -0.242972 0.657965

PART 72
OFFSET 19.063645 6.485906 -12.617935
SCALE 1.000000 1.000000 1.000000
X 0.764069 -0.190666 0.616316
Y -0.275669 0.767227 0.579110
Z -0.583271 -0.612380 0.533653

PART 73
OFFSET 8.914667 -8.564615 -11.862775
SCALE 1.000000 1.000000 1.000000
X -0.848236 -0.080321 0.523492
Y 0.037764 0.976744 0.211055
Z -0.528270 0.198794 -0.825477

PART 74
OFFSET 9.236282 -8.305443 -11.255448
SCALE 1.000000 1.000000 1.000000
X -0.661898 -0.130166 0.738206
Y -0.276600 0.957721 -0.079136
Z -0.696695 -0.256568 -0.669917

PART 75
OFFSET 0.000000 0.000000 0.000000
SCALE 1.000000 1.000000 1.000000
X 1.000000 0.000000 0.000000
Y 0.000000 1.000000 0.000000
Z 0.000000 0.000000 1.000000

PART 76
OFFSET 0.000000 0.000000 0.000000
SCALE 1.000000 1.000000 1.000000
X 0.999974 0.006327 -0.003527
Y -0.006338 0.999975 -0.003140
Z 0.003507 0.003162 0.999989

PART 77
OFFSET 1.555015 0.022817 4.130364
SCALE 1.000000 1.000000 1.000000
X 0.999974 0.006327 -0.003527
Y -0.006338 0.999975 -0.003140
Z 0.003507 0.003162 0.999989

PART 78
OFFSET -4.636542 -0.033658 -1.360605
SCALE 1.000000 1.000000 1.000000
X 0.999974 0.006327 -0.003527
Y -0.006338 0.999975 -0.003140
Z 0.003507 0.003162 0.999989

FRAME 2
PART 0
OFFSET 0.000000 0.000000 0.000000
SCALE 1.000000 1.000000 1.000000
X 1.000000 0.000000 0.000000
Y 0.000000 1.000000 0.000000
Z 0.000000 0.000000 1.000000

PART 1
OFFSET 3.477101 3.574994 -9.079956
SCALE 1.000000 1.000000 1.000000
X 0.335472 0.627416 -0.702715
Y 0.686806 -0.673455 -0.273415
Z -0.644792 -0.390906 -0.656838

PART 2
OFFSET -3.265198 -9.178260 3.097612
SCALE 1.000000 1.000000 1.000000
X 0.031339 0.059551 0.997733
Y -0.485538 -0.871623 0.067275
Z 0.873654 -0.486546 0.001599

PART 3
OFFSET 10.433724 -7.893517 -10.077176
SCALE 1.000000 1.000000 1.000000
X 0.813579 -0.574155 -0.091849
Y 0.452148 0.724026 -0.520910
Z 0.365584 0.382272 0.848656

PART 4
OFFSET 13.745596 17.667068 -17.903065
SCALE 1.000000 1.000000 1.000000
X 0.998737 0.041892 -0.027740
Y 0.021387 0.145113 0.989184
Z 0.045465 -0.988528 0.144033

PART 5
OFFSET 7.858261 12.622191 -18.873161
SCALE 1.000000 1.000000 1.000000
X 0.679413 -0.391687 0.620466
Y -0.732012 -0.420080 0.536368
Z 0.050557 -0.818605 -0.572128

PART 6
OFFSET -4.070439 -10.217648 -10.136851
SCALE 1.000000 1.000000 1.000000
X -0.988462 -0.134085 -0.070456
Y 0.066007 0.037344 -0.997120
Z 0.136330 -0.990266 -0.028062

PART 7
OFFSET 10.433724 -7.893517 -10.077176
SCALE 1.000000 1.000000 1.000000
X 0.813579 -0.574155 -0.091849
Y 0.452148 0.724026 -0.520910
Z 0.365584 0.382272 0.848656

PART 8
OFFSET 15.313746 9.921352 -12.782549
SCALE 1.000000 1.000000 1.000000
X 0.683635 -0.386943 0.618804
Y -0.041959 0.825640 0.562634
Z -0.728617 -0.410601 0.548201

PART 9
OFFSET 15.281994 8.823093 -14.057884
SCALE 1.000000 1.000000 1.000000
X 0.683635 -0.386943 0.618804
Y -0.041959 0.825640 0.562634
Z -0.728617 -0.410601 0.548201

PART 10
OFFSET 13.817129 8.558589 -11.157989
SCALE 1.000000 1.000000 1.000000
X 0.683635 -0.386943 0.618804
Y -0.041959 0.825640 0.562634
Z -0.728617 -0.410601 0.548201

PART 11
OFFSET 13.658451 7.422463 -11.861932
SCALE 1.000000 1.000000 1.000000
X 0.683635 -0.386943 0.618804
Y -0.041959 0.825640 0.562634
Z -0.728617 -0.410601 0.548201

PART 12
OFFSET 14.130493 7.479632 -12.961747
SCALE 1.000000 1.000000 1.000000
X 0.683635 -0.386943 0.618804
Y -0.041959 0.825640 0.562634
Z -0.728617 -0.410601 0.548201

PART 13
OFFSET 15.702566 8.033887 -11.775084
SCALE 1.000000 1.000000 1.000000
X 0.659433 -0.404091 0.633923
Y -0.602036 -0.788876 0.123399
Z 0.450222 -0.463018 -0.763488

PART 14
OFFSET 13.636747 9.290786 -13.595023
SCALE 1.000000 1.000000 1.000000
X 0.679413 -0.391687 0.620466
Y -0.732012 -0.420080 0.536368
Z 0.050557 -0.818605 -0.572128

PART 15
OFFSET 6.245696 -9.653582 -7.945324
SCALE 1.000000 1.000000 1.000000
X -0.989206 -0.131613 -0.064419
Y -0.134490 0.990001 0.042557
Z 0.058174 0.050761 -0.997015

PART 16
OFFSET 5.952429 -8.363127 -7.699933
SCALE 1.000000 1.000000 1.000000
X -0.989206 -0.131613 -0.064419
Y -0.134490 0.990001 0.042557
Z 0.058174 0.050761 -0.997015

PART 17
OFFSET 5.553466 -7.778380 -8.666689
SCALE 1.000000 1.000000 1.000000
X -0.989206 -0.131613 -0.064419
Y -0.134490 0.990001 0.042557
Z 0.058174 0.050761 -0.997015

PART 18
OFFSET 7.382557 -8.323590 -9.235681
SCALE 1.000000 1.000000 1.000000
X -0.926615 0.357361 0.116956
Y -0.341335 -0.668962 -0.660288
Z -0.157722 -0.651753 0.741850

PART 19
OFFSET 4.339578 -9.075995 -9.537095
SCALE 1.000000 1.000000 1.000000
X -0.988462 -0.134085 -0.070456
Y 0.066007 0.037344 -0.997120
Z 0.136330 -0.990266 -0.028062

PART 20
OFFSET 14.957071 -8.506374 -6.989966
SCALE 1.000000 1.000000 1.000000
X 0.813579 -0.574155 -0.091849
Y 0.452148 0.724026 -0.520910
Z 0.365584 0.382272 0.848656

PART 21
OFFSET 20.019967 -12.460979 -7.410130
SCALE 1.000000 1.000000 1.000000
X -0.208860 -0.435992 0.875379
Y 0.813579 -0.574155 -0.091849
Z 0.542648 0.693006 0.474632

PART 22
OFFSET 27.680216 -17.478895 -8.429219
SCALE 1.000000 1.000000 1.000000
X 0.813579 -0.574155 -0.091849
Y 0.452148 0.724026 -0.520910
Z 0.365584 0.382272 0.848656

PART 23
OFFSET 22.334747 -13.706518 -7.825743
SCALE 1.000000 1.000000 1.000000
X 0.813579 -0.574155 -0.091849
Y 0.452148 0.724026 -0.520910
Z 0.365584 0.382272 0.848656

PART 24
OFFSET 20.147731 -9.724824 -8.969289
SCALE 1.000000 1.000000 1.000000
X 0.813579 -0.574155 -0.091849
Y 0.452148 0.724026 -0.520910
Z 0.365584 0.382272 0.848656

PART 25
OFFSET 22.493086 -13.785140 -7.798608
SCALE 1.000000 1.000000 1.000000
X 0.813579 -0.574155 -0.091849
Y 0.452148 0.724026 -0.520910
Z 0.365584 0.382272 0.848656

PART 26
OFFSET 21.992993 -9.292943 -9.649138
SCALE 1.000000 1.000000 1.000000
X 0.813579 -0.574155 -0.091849
Y 0.452148 0.724026 -0.520910
Z 0.365584 0.382272 0.848656

PART 27
OFFSET 17.641801 5.999716 -8.921338
SCALE 1.000000 1.000000 1.000000
X 0.727060 -0.620416 0.294052
Y 0.341521 -0.044732 -0.938809
Z 0.595606 0.782996 0.179362

PART 28
OFFSET 18.309210 6.839050 -9.261083
SCALE 1.000000 1.000000 1.000000
X 0.697471 -0.699080 0.157548
Y 0.102741 -0.120031 -0.987440
Z 0.709210 0.704897 -0.011894

PART 29
OFFSET 16.965258 8.470819 -11.591993
SCALE 1.000000 1.000000 1.000000
X 0.886572 -0.193402 0.420221
Y 0.265400 -0.531370 -0.804493
Z 0.378883 0.824768 -0.419769

PART 30
OFFSET 16.689496 7.871541 -11.258332
SCALE 1.000000 1.000000 1.000000
X 0.795045 -0.199864 0.572676
Y 0.459826 -0.417114 -0.783949
Z 0.395554 0.886606 -0.239722

PART 31
OFFSET 15.608364 6.981048 -11.727124
SCALE 1.000000 1.000000 1.000000
X 0.469672 -0.882797 0.008785
Y -0.882052 -0.468809 0.046935
Z -0.037316 -0.029793 -0.998859

PART 32
OFFSET 17.020834 5.287466 -10.034198
SCALE 1.000000 1.000000 1.000000
X 0.862066 -0.356400 0.360308
Y -0.262378 0.294393 0.918961
Z -0.433590 -0.886742 0.160275

PART 33
OFFSET 18.500944 6.657882 -11.286371
SCALE 1.000000 1.000000 1.000000
X 0.328659 0.880979 -0.340381
Y -0.450207 0.462959 0.763533
Z 0.830239 -0.097700 0.548779

PART 34
OFFSET 11.163016 -9.462745 -8.894440
SCALE 1.000000 1.000000 1.000000
X -0.911439 0.404673 0.074288
Y -0.214656 -0.621741 0.753234
Z 0.351001 0.670580 0.653545

PART 35
OFFSET 10.822716 -10.027900 -9.812251
SCALE 1.000000 1.000000 1.000000
X -0.481937 -0.767262 0.423138
Y 0.828608 -0.556091 -0.064590
Z 0.284861 0.319487 0.903760

PART 36
OFFSET 7.783502 -9.231175 -10.219166
SCALE 1.000000 1.000000 1.000000
X -0.853483 0.279989 0.439514
Y 0.037048 -0.808668 0.587097
Z 0.519802 0.517361 0.679812

PART 37
OFFSET 8.214146 -8.898598 -9.715967
SCALE 1.000000 1.000000 1.000000
X -0.831343 0.482226 0.276272
Y -0.127399 -0.649227 0.749849
Z 0.540960 0.588185 0.601166

PART 38
OFFSET 8.196963 -7.708196 -9.090014
SCALE 1.000000 1.000000 1.000000
X -0.883700 -0.452050 0.121352
Y 0.332322 -0.788553 -0.517442
Z 0.329602 -0.416935 0.847070

PART 39
OFFSET 3.730229 -6.619973 -7.792948
SCALE 1.000000 1.000000 1.000000
X -0.849700 0.284383 0.444000
Y -0.131807 0.700779 -0.701096
Z -0.510526 -0.654243 -0.557968

PART 40
OFFSET 20.067451 -12.376319 -7.430763
SCALE 1.000000 1.000000 1.000000
X 0.813579 -0.574155 -0.091849
Y 0.452148 0.724026 -0.520910
Z 0.365584 0.382272 0.848656

PART 41
OFFSET 18.920970 4.899429 -8.411686
SCALE 1.000000 1.000000 1.000000
X 0.584032 -0.615209 -0.529551
Y -0.234019 0.497063 -0.835562
Z 0.777266 0.611920 0.146330

PART 42
OFFSET 19.661259 5.480557 -8.945356
SCALE 1.000000 1.000000 1.000000
X 0.541892 -0.608311 -0.579923
Y -0.638778 0.150319 -0.754564
Z 0.546183 0.779334 -0.307119

PART 43
OFFSET 18.908805 7.867324 -10.613674
SCALE 1.000000 1.000000 1.000000
X 0.880567 -0.445020 0.162970
Y -0.080577 -0.479453 -0.873861
Z 0.467022 0.756361 -0.458049

PART 44
OFFSET 18.810531 7.487983 -9.795409
SCALE 1.000000 1.000000 1.000000
X 0.766085 -0.612167 0.195869
Y -0.177449 -0.494339 -0.850965
Z 0.617758 0.617155 -0.487334

PART 45
OFFSET 16.504105 5.075770 -11.775860
SCALE 1.000000 1.000000 1.000000
X 0.590608 -0.795038 0.138194
Y -0.790567 -0.604405 -0.098478
Z 0.161819 -0.051090 -0.985497

PART 46
OFFSET 12.823679 -9.941242 -9.125223
SCALE 1.000000 1.000000 1.000000
X -0.484237 -0.818909 0.308063
Y 0.873892 -0.435480 0.216033
Z -0.042756 0.373825 0.926513

PART 47
OFFSET 11.748724 -8.500559 -10.636072
SCALE 1.000000 1.000000 1.000000
X 0.495321 -0.867005 0.054398
Y 0.660358 0.335099 -0.672039
Z 0.564432 0.368797 0.738515

PART 48
OFFSET 9.867352 -9.926603 -11.088953
SCALE 1.000000 1.000000 1.000000
X -0.444002 -0.739142 0.506490
Y 0.741846 -0.620257 -0.254846
Z 0.502521 0.262585 0.823724

PART 49
OFFSET 10.301239 -10.222256 -10.540189
SCALE 1.000000 1.000000 1.000000
X -0.547917 -0.687190 0.477029
Y 0.590032 -0.721704 -0.361946
Z 0.593000 0.083146 0.800898

PART 50
OFFSET 10.103461 -6.624663 -9.365960
SCALE 1.000000 1.000000 1.000000
X -0.961485 0.113990 0.250107
Y -0.186427 -0.939104 -0.288668
Z 0.201972 -0.324177 0.924184

PART 51
OFFSET 19.529155 4.167339 -9.164312
SCALE 1.000000 1.000000 1.000000
X 0.307577 -0.336192 -0.890153
Y -0.437416 0.780839 -0.446047
Z 0.845023 0.526561 0.093112

PART 52
OFFSET 20.423406 4.596151 -9.830868
SCALE 1.000000 1.000000 1.000000
X -0.203571 -0.206189 -0.957102
Y -0.821852 0.567268 0.052597
Z 0.532088 0.797304 -0.284937

PART 53
OFFSET 20.132824 7.263679 -10.391364
SCALE 1.000000 1.000000 1.000000
X 0.494100 -0.797699 -0.345747
Y -0.577600 -0.003956 -0.816310
Z 0.649802 0.603042 -0.462706

PART 54
OFFSET 20.101599 6.468929 -9.461273
SCALE 1.000000 1.000000 1.000000
X 0.215259 -0.786131 -0.579363
Y -0.717995 0.274725 -0.639538
Z 0.661926 0.553647 -0.505301

PART 55
OFFSET 17.259448 3.725465 -11.672716
SCALE 1.000000 1.000000 1.000000
X 0.108409 -0.991987 -0.064875
Y -0.993511 -0.105855 -0.041600
Z 0.034399 0.068964 -0.997026

PART 56
OFFSET 13.351435 -8.891802 -9.441901
SCALE 1.000000 1.000000 1.000000
X -0.084606 -0.958629 0.271796
Y 0.994637 -0.064968 0.080475
Z -0.059488 0.277147 0.958984

PART 57
OFFSET 10.979381 -7.252516 -10.681517
SCALE 1.000000 1.000000 1.000000
X 0.824685 -0.190381 -0.532588
Y -0.089096 0.886161 -0.454730
Z 0.558531 0.422461 0.713842

PART 58
OFFSET 10.482660 -8.912128 -11.791894
SCALE 1.000000 1.000000 1.000000
X 0.056371 -0.996195 0.066468
Y 0.918111 0.025564 -0.395498
Z 0.392294 0.083320 0.916059

PART 59
OFFSET 11.238933 -9.043459 -11.349299
SCALE 1.000000 1.000000 1.000000
X 0.281440 -0.953074 -0.111540
Y 0.770078 0.293680 -0.566331
Z 0.572513 0.073493 0.816595

PART 60
OFFSET 11.476259 -7.103908 -9.863785
SCALE 1.000000 1.000000 1.000000
X -0.564937 0.736457 0.372126
Y -0.811133 -0.578395 -0.086734
Z 0.151360 -0.350843 0.924121

PART 61
OFFSET 19.876583 3.787575 -10.169711
SCALE 1.000000 1.000000 1.000000
X 0.533033 -0.446819 0.718491
Y -0.533945 0.481093 0.695307
Z -0.656337 -0.754256 0.017861

PART 62
OFFSET 20.197193 4.367871 -10.916914
SCALE 1.000000 1.000000 1.000000
X 0.644517 -0.258464 0.719579
Y -0.457669 0.623488 0.633878
Z -0.612484 -0.737874 0.283558

PART 63
OFFSET 20.578373 6.527961 -10.725182
SCALE 1.000000 1.000000 1.000000
X -0.535500 -0.392063 -0.748015
Y -0.564041 0.825246 -0.028749
Z 0.628568 0.406516 -0.663059

PART 64
OFFSET 20.385185 5.373625 -10.251491
SCALE 1.000000 1.000000 1.000000
X -0.388390 -0.341896 -0.855722
Y -0.671711 0.740760 0.008908
Z 0.630839 0.578257 -0.517359

PART 65
OFFSET 17.361344 2.654076 -11.789234
