// Export time: Sun Jun 12 22:32:50 2022

ANIMATION
VERSION 3

NUMPARTS 77
PART 0 "tag_torso"
PART 1 "j_shoulder_le"
PART 2 "j_shoulder_ri"
PART 3 "tag_weapon"
PART 4 "tag_weapon1"
PART 5 "j_elbow_le"
PART 6 "j_elbow_ri"
PART 7 "j_gun"
PART 8 "j_sleave_reshape_bottom_le_1"
PART 9 "j_sleave_reshape_bottom_le_2"
PART 10 "j_sleave_reshape_top_le_1"
PART 11 "j_sleave_reshape_top_le_2"
PART 12 "j_sleave_reshape_top_le_3"
PART 13 "j_wrist_le"
PART 14 "j_wristtwist_le"
PART 15 "j_sleave_reshape_top_ri_1"
PART 16 "j_sleave_reshape_top_ri_2"
PART 17 "j_sleave_reshape_top_ri_3"
PART 18 "j_wrist_ri"
PART 19 "j_wristtwist_ri"
PART 20 "tag_bolt_animate"
PART 21 "tag_brass"
PART 22 "tag_bullet_animate"
PART 23 "tag_flash"
PART 24 "tag_extended_mag_attach_animate"
PART 25 "j_index_le_0"
PART 26 "j_mid_le_0"
PART 27 "j_pinkypalm_le"
PART 28 "j_ringpalm_le"
PART 29 "j_thumb_le_0"
PART 30 "j_webbing_le"
PART 31 "tag_knife_attach"
PART 32 "j_index_ri_0"
PART 33 "j_mid_ri_0"
PART 34 "j_pinkypalm_ri"
PART 35 "j_ringpalm_ri"
PART 36 "j_thumb_ri_0"
PART 37 "j_webbing_ri"
PART 38 "tag_extended_mag_bullet_attach_animate"
PART 39 "j_index_le_1"
PART 40 "j_mid_le_1"
PART 41 "j_pinky_le_0"
PART 42 "j_ring_le_0"
PART 43 "j_thumb_le_1"
PART 44 "j_index_ri_1"
PART 45 "j_mid_ri_1"
PART 46 "j_pinky_ri_0"
PART 47 "j_ring_ri_0"
PART 48 "j_thumb_ri_1"
PART 49 "j_index_le_2"
PART 50 "j_mid_le_2"
PART 51 "j_pinky_le_1"
PART 52 "j_ring_le_1"
PART 53 "j_thumb_le_2"
PART 54 "j_index_ri_2"
PART 55 "j_mid_ri_2"
PART 56 "j_pinky_ri_1"
PART 57 "j_ring_ri_1"
PART 58 "j_thumb_ri_2"
PART 59 "j_index_le_3"
PART 60 "j_mid_le_3"
PART 61 "j_pinky_le_2"
PART 62 "j_ring_le_2"
PART 63 "j_thumb_le_3"
PART 64 "j_index_ri_3"
PART 65 "j_mid_ri_3"
PART 66 "j_pinky_ri_2"
PART 67 "j_ring_ri_2"
PART 68 "j_thumb_ri_3"
PART 69 "j_pinky_le_3"
PART 70 "j_ring_le_3"
PART 71 "j_pinky_ri_3"
PART 72 "j_ring_ri_3"
PART 73 "tag_cambone"
PART 74 "tag_camera"
PART 75 "tag_gasmask"
PART 76 "tag_gasmask2"

FRAMERATE 30
NUMFRAMES 37
FRAME 0
PART 0
OFFSET 0.000000 0.000000 0.000000
SCALE 1.000000 1.000000 1.000000
X 1.000000 0.000000 0.000000
Y 0.000000 1.000000 0.000000
Z 0.000000 0.000000 1.000000

PART 1
OFFSET 2.904406 5.470535 -2.391014
SCALE 1.000000 1.000000 1.000000
X 0.248390 0.151093 -0.956804
Y 0.555895 -0.831150 0.013062
Z -0.793274 -0.535127 -0.290441

PART 2
OFFSET -5.002175 -9.511506 3.465608
SCALE 1.000000 1.000000 1.000000
X -0.308239 -0.051002 0.949941
Y -0.456453 -0.868178 -0.194723
Z 0.834649 -0.493624 0.244326

PART 3
OFFSET 14.214161 -6.238957 -8.078506
SCALE 1.000000 1.000000 1.000000
X 0.739827 -0.137483 -0.658600
Y 0.507859 0.756178 0.412643
Z 0.441287 -0.639761 0.629263

PART 4
OFFSET 13.908927 18.076323 -17.331985
SCALE 1.000000 1.000000 1.000000
X 0.998737 0.041892 -0.027740
Y 0.021387 0.145113 0.989184
Z 0.045465 -0.988528 0.144033

PART 5
OFFSET 5.747868 7.543498 -14.686066
SCALE 1.000000 1.000000 1.000000
X 0.993365 -0.011524 0.114426
Y -0.115004 -0.095516 0.988762
Z -0.000465 -0.995361 -0.096208

PART 6
OFFSET -1.291729 -9.073005 -9.233664
SCALE 1.000000 1.000000 1.000000
X -0.915243 -0.112456 -0.386890
Y 0.370883 0.139990 -0.918068
Z 0.157403 -0.983746 -0.086416

PART 7
OFFSET 14.214161 -6.238957 -8.078506
SCALE 1.000000 1.000000 1.000000
X 0.739827 -0.137483 -0.658600
Y 0.507859 0.756178 0.412643
Z 0.441287 -0.639761 0.629263

PART 8
OFFSET 15.706301 8.422864 -14.510965
SCALE 1.000000 1.000000 1.000000
X 0.994032 -0.008246 0.108777
Y -0.000672 0.996657 0.081697
Z -0.109087 -0.081282 0.990703

PART 9
OFFSET 15.348320 6.826783 -14.908503
SCALE 1.000000 1.000000 1.000000
X 0.994032 -0.008246 0.108777
Y -0.000672 0.996657 0.081697
Z -0.109087 -0.081282 0.990703

PART 10
OFFSET 15.935668 8.064332 -11.950687
SCALE 1.000000 1.000000 1.000000
X 0.994032 -0.008246 0.108777
Y -0.000672 0.996657 0.081697
Z -0.109087 -0.081282 0.990703

PART 11
OFFSET 15.811315 6.726246 -11.876113
SCALE 1.000000 1.000000 1.000000
X 0.994032 -0.008246 0.108777
Y -0.000672 0.996657 0.081697
Z -0.109087 -0.081282 0.990703

PART 12
OFFSET 15.539845 6.218829 -12.927073
SCALE 1.000000 1.000000 1.000000
X 0.994032 -0.008246 0.108777
Y -0.000672 0.996657 0.081697
Z -0.109087 -0.081282 0.990703

PART 13
OFFSET 17.178382 7.273078 -13.419784
SCALE 1.000000 1.000000 1.000000
X 0.877107 -0.474312 0.075570
Y -0.478398 -0.876730 0.049799
Z 0.042634 -0.079832 -0.995896

PART 14
OFFSET 14.204988 7.340228 -13.926975
SCALE 1.000000 1.000000 1.000000
X 0.982167 -0.067314 0.175548
Y -0.151522 -0.836181 0.527108
Z 0.111309 -0.544307 -0.831469

PART 15
OFFSET 7.825313 -8.881589 -3.905767
SCALE 1.000000 1.000000 1.000000
X -0.917868 -0.110615 -0.381161
Y -0.160138 0.981949 0.100659
Z 0.363146 0.153429 -0.919013

PART 16
OFFSET 7.445612 -7.619774 -3.631639
SCALE 1.000000 1.000000 1.000000
X -0.917868 -0.110615 -0.381161
Y -0.160138 0.981949 0.100659
Z 0.363146 0.153429 -0.919013

PART 17
OFFSET 7.354515 -6.932187 -4.608697
SCALE 1.000000 1.000000 1.000000
X -0.917868 -0.110615 -0.381161
Y -0.160138 0.981949 0.100659
Z 0.363146 0.153429 -0.919013

PART 18
OFFSET 9.485761 -7.850278 -4.603534
SCALE 1.000000 1.000000 1.000000
X -0.757517 -0.134353 0.638840
Y -0.630326 0.405173 -0.662211
Z -0.169871 -0.904314 -0.391611

PART 19
OFFSET 6.538787 -8.331778 -5.927235
SCALE 1.000000 1.000000 1.000000
X -0.937933 -0.142365 -0.316250
Y 0.061739 0.828762 -0.556186
Z 0.341277 -0.541190 -0.768533

PART 20
OFFSET 19.514907 -9.052638 -9.446739
SCALE 1.000000 1.000000 1.000000
X 0.739827 -0.137483 -0.658600
Y 0.507859 0.756178 0.412643
Z 0.441287 -0.639761 0.629263

PART 21
OFFSET 20.552012 -9.409748 -10.040696
SCALE 1.000000 1.000000 1.000000
X -0.219269 -0.974723 -0.042839
Y 0.739827 -0.137483 -0.658600
Z 0.636063 -0.176104 0.751273

PART 22
OFFSET 20.554664 -8.920463 -10.968138
SCALE 1.000000 1.000000 1.000000
X 0.739827 -0.137483 -0.658600
Y 0.507859 0.756178 0.412643
Z 0.441287 -0.639761 0.629263

PART 23
OFFSET 29.345984 -10.817163 -18.312925
SCALE 1.000000 1.000000 1.000000
X 0.739827 -0.137483 -0.658600
Y 0.507859 0.756178 0.412643
Z 0.441287 -0.639761 0.629263

PART 24
OFFSET 14.214161 -6.238957 -8.078506
SCALE 1.000000 1.000000 1.000000
X 0.739827 -0.137483 -0.658600
Y 0.507859 0.756178 0.412643
Z 0.441287 -0.639761 0.629263

PART 25
OFFSET 20.179231 4.883289 -12.720212
SCALE 1.000000 1.000000 1.000000
X 0.967321 0.243006 -0.072368
Y -0.004620 -0.268477 -0.963275
Z -0.253511 0.932131 -0.258581

PART 26
OFFSET 20.675808 5.806673 -12.971327
SCALE 1.000000 1.000000 1.000000
X 0.744813 -0.254852 -0.616688
Y -0.667067 -0.307379 -0.678631
Z -0.016606 0.916825 -0.398943

PART 27
OFFSET 18.538043 7.885729 -13.575594
SCALE 1.000000 1.000000 1.000000
X 0.854907 -0.356876 -0.376529
Y -0.436598 -0.102914 -0.893751
Z 0.280208 0.928465 -0.243794

PART 28
OFFSET 18.303666 7.137693 -13.423082
SCALE 1.000000 1.000000 1.000000
X 0.953519 -0.285449 -0.096544
Y -0.090552 0.034149 -0.995306
Z 0.287406 0.957785 0.006714

PART 29
OFFSET 17.228638 5.926438 -13.608048
SCALE 1.000000 1.000000 1.000000
X 0.547360 -0.785335 0.289216
Y -0.789962 -0.370726 0.488387
Z -0.276328 -0.495793 -0.823306

PART 30
OFFSET 19.145510 4.376086 -13.641565
SCALE 1.000000 1.000000 1.000000
X 0.929636 -0.298938 -0.215435
Y 0.195384 -0.095794 0.976037
Z -0.312412 -0.949452 -0.030646

PART 31
OFFSET 19.879167 6.337967 -14.759365
SCALE 1.000000 1.000000 1.000000
X 0.135819 0.988017 -0.073323
Y -0.042600 0.079765 0.995903
Z 0.989817 -0.132139 0.052923

PART 32
OFFSET 12.832080 -8.014697 -6.723178
SCALE 1.000000 1.000000 1.000000
X -0.664243 -0.135026 0.735221
Y -0.001992 -0.983228 -0.182372
Z 0.747514 -0.122604 0.652833

PART 33
OFFSET 12.173150 -7.321188 -7.355306
SCALE 1.000000 1.000000 1.000000
X -0.592102 -0.647653 -0.479543
Y 0.650857 -0.033442 -0.758463
Z 0.475184 -0.761202 0.441330

PART 34
OFFSET 9.475409 -7.117201 -5.804130
SCALE 1.000000 1.000000 1.000000
X -0.574471 -0.534898 0.619570
Y -0.021382 -0.746869 -0.664627
Z 0.818245 -0.395057 0.417618

PART 35
OFFSET 10.018231 -7.493558 -5.540851
SCALE 1.000000 1.000000 1.000000
X -0.634817 -0.364463 0.681304
Y -0.033925 -0.867763 -0.495819
Z 0.771918 -0.337867 0.538506

PART 36
OFFSET 10.495238 -7.764021 -4.153019
SCALE 1.000000 1.000000 1.000000
X -0.955763 -0.292896 -0.026996
Y -0.145353 0.550102 -0.822350
Z 0.255713 -0.782048 -0.568341

PART 37
OFFSET 6.775051 -9.236768 -1.594716
SCALE 1.000000 1.000000 1.000000
X -0.638090 -0.456208 0.620254
Y -0.082363 0.841386 0.534122
Z -0.765544 0.289732 -0.574454

PART 38
OFFSET 15.361507 -7.902276 -6.442435
SCALE 1.000000 1.000000 1.000000
X 0.739827 -0.137483 -0.658600
Y 0.507859 0.756178 0.412643
Z 0.441287 -0.639761 0.629263

PART 39
OFFSET 21.872137 5.212279 -13.023603
SCALE 1.000000 1.000000 1.000000
X 0.316312 -0.474801 -0.821286
Y -0.948361 -0.179831 -0.261290
Z -0.023631 0.861525 -0.507165

PART 40
OFFSET 22.081920 5.257792 -14.235319
SCALE 1.000000 1.000000 1.000000
X -0.648611 -0.445570 -0.617067
Y -0.710202 0.062752 0.701195
Z -0.273709 0.893045 -0.357146

PART 41
OFFSET 20.539215 6.911687 -14.314769
SCALE 1.000000 1.000000 1.000000
X 0.155097 -0.488113 -0.858889
Y -0.944605 -0.327831 0.015733
Z -0.289250 0.808871 -0.511920

PART 42
OFFSET 20.833588 6.554375 -13.685671
SCALE 1.000000 1.000000 1.000000
X 0.431628 -0.398236 -0.809386
Y -0.832209 -0.521986 -0.186970
Z -0.348030 0.754280 -0.556719

PART 43
OFFSET 18.387794 4.121724 -12.976866
SCALE 1.000000 1.000000 1.000000
X 0.945010 -0.271840 0.181824
Y -0.326925 -0.800129 0.502904
Z 0.008773 -0.534692 -0.845001

PART 44
OFFSET 13.917224 -7.863562 -8.050289
SCALE 1.000000 1.000000 1.000000
X -0.788548 -0.476602 0.388642
Y 0.150046 -0.761973 -0.629987
Z 0.596388 -0.438461 0.672364

PART 45
OFFSET 13.325901 -6.051494 -6.398175
SCALE 1.000000 1.000000 1.000000
X 0.204437 -0.363750 -0.908786
Y 0.643382 0.749625 -0.155312
Z 0.737743 -0.552945 0.387281

PART 46
OFFSET 10.870536 -5.974536 -7.213379
SCALE 1.000000 1.000000 1.000000
X -0.691670 -0.700195 -0.176973
Y 0.381288 -0.145921 -0.912867
Z 0.613361 -0.698880 0.367906

PART 47
OFFSET 11.563386 -6.490263 -7.385058
SCALE 1.000000 1.000000 1.000000
X -0.712796 -0.636258 -0.295121
Y 0.365267 0.022457 -0.930632
Z 0.598750 -0.771149 0.216397

PART 48
OFFSET 12.586405 -7.126027 -3.989819
SCALE 1.000000 1.000000 1.000000
X -0.790919 -0.418157 0.446758
Y -0.576102 0.262715 -0.774007
Z 0.206286 -0.869555 -0.448687

PART 49
OFFSET 22.139128 4.519161 -13.981979
SCALE 1.000000 1.000000 1.000000
X -0.202970 -0.639653 -0.741382
Y -0.979110 0.123217 0.161744
Z -0.012109 0.758724 -0.651300

PART 50
OFFSET 21.464929 4.651222 -15.222354
SCALE 1.000000 1.000000 1.000000
X -0.636981 -0.574845 -0.513624
Y -0.638062 0.019266 0.769744
Z -0.432588 0.818036 -0.379059

PART 51
OFFSET 20.753668 6.200862 -15.551792
SCALE 1.000000 1.000000 1.000000
X -0.703202 -0.658368 -0.268439
Y -0.643379 0.428541 0.634363
Z -0.302607 0.618793 -0.724930

PART 52
OFFSET 21.550388 5.788194 -15.173380
SCALE 1.000000 1.000000 1.000000
X -0.814379 -0.564789 -0.133417
Y -0.439215 0.449576 0.777799
Z -0.379311 0.692022 -0.614189

PART 53
OFFSET 19.779734 3.514102 -12.644133
SCALE 1.000000 1.000000 1.000000
X 0.646133 -0.674052 0.358003
Y -0.738106 -0.432512 0.517815
Z -0.194193 -0.598822 -0.776982

PART 54
OFFSET 14.894326 -7.217657 -8.346197
SCALE 1.000000 1.000000 1.000000
X -0.643227 -0.753124 -0.138066
Y 0.586090 -0.368257 -0.721724
Z 0.492704 -0.545152 0.678271

PART 55
OFFSET 12.947588 -5.515600 -5.086004
SCALE 1.000000 1.000000 1.000000
X 0.758495 0.315440 -0.570248
Y 0.120370 0.792174 0.598307
Z 0.640465 -0.522454 0.562891

PART 56
OFFSET 11.865405 -4.968103 -6.949667
SCALE 1.000000 1.000000 1.000000
X -0.117671 -0.322966 -0.939067
Y 0.896713 0.371754 -0.240218
Z 0.426684 -0.870340 0.245863

PART 57
OFFSET 12.800020 -5.387570 -6.853060
SCALE 1.000000 1.000000 1.000000
X 0.095352 -0.188495 -0.977434
Y 0.812310 0.582289 -0.033048
Z 0.575378 -0.790828 0.208639

PART 58
OFFSET 13.608323 -6.373941 -4.891720
SCALE 1.000000 1.000000 1.000000
X -0.253038 -0.503934 0.825847
Y -0.953581 -0.014140 -0.300804
Z 0.163263 -0.863627 -0.476964

PART 59
OFFSET 21.909922 3.796673 -14.819374
SCALE 1.000000 1.000000 1.000000
X 0.946309 0.310933 -0.088430
Y -0.099426 0.540249 0.835611
Z 0.307593 -0.781954 0.542157

PART 60
OFFSET 20.740887 4.005945 -15.807299
SCALE 1.000000 1.000000 1.000000
X 0.925196 0.372624 -0.071861
Y -0.109524 0.443491 0.889562
Z 0.363342 -0.815148 0.451127

PART 61
OFFSET 20.233153 5.736489 -15.719393
SCALE 1.000000 1.000000 1.000000
X -0.720096 -0.643207 -0.260280
Y -0.628599 0.445884 0.637222
Z -0.293811 0.622473 -0.725398

PART 62
OFFSET 20.685261 5.013279 -15.565154
SCALE 1.000000 1.000000 1.000000
X -0.775927 -0.520776 -0.355990
Y -0.543624 0.265739 0.796151
Z -0.320016 0.811280 -0.489300

PART 63
OFFSET 20.457011 2.750392 -12.283747
SCALE 1.000000 1.000000 1.000000
X 0.449574 -0.202074 0.870086
Y -0.004797 0.973515 0.228574
Z -0.893230 -0.106935 0.436698

PART 64
OFFSET 15.620865 -6.367062 -8.190274
SCALE 1.000000 1.000000 1.000000
X -0.180691 0.423672 0.887611
Y 0.717474 0.674066 -0.175687
Z -0.672742 0.605092 -0.425772

PART 65
OFFSET 12.084086 -5.868642 -4.443718
SCALE 1.000000 1.000000 1.000000
X -0.701992 -0.711987 0.016794
Y -0.348411 0.363896 0.863823
Z -0.621141 0.600546 -0.503516

PART 66
OFFSET 11.971168 -4.686738 -6.138900
SCALE 1.000000 1.000000 1.000000
X 0.554161 0.227749 -0.800647
Y 0.686812 0.418344 0.594371
Z 0.470313 -0.879272 0.075409

PART 67
OFFSET 12.590061 -5.156515 -5.492858
SCALE 1.000000 1.000000 1.000000
X 0.812278 0.295915 -0.502631
Y 0.301781 0.524219 0.796318
Z 0.499131 -0.798517 0.336510

PART 68
OFFSET 13.890724 -5.789226 -5.757890
SCALE 1.000000 1.000000 1.000000
X -0.488201 0.179830 0.854003
Y 0.307374 0.951271 -0.024598
Z -0.816812 0.250489 -0.519687

PART 69
OFFSET 19.549044 5.125425 -15.966665
SCALE 1.000000 1.000000 1.000000
X 0.988030 0.121379 -0.095208
Y -0.048151 0.828997 0.557177
Z 0.146557 -0.545923 0.824918

PART 70
OFFSET 19.843816 4.448513 -15.951243
SCALE 1.000000 1.000000 1.000000
X 0.928817 0.318498 -0.189363
Y 0.013188 0.482309 0.875902
Z 0.370305 -0.816050 0.443776

PART 71
OFFSET 11.444690 -4.903096 -5.378260
SCALE 1.000000 1.000000 1.000000
X -0.923376 -0.308649 0.228283
Y 0.221129 0.058469 0.973490
Z -0.313814 0.949377 0.014263

PART 72
OFFSET 11.709151 -5.477434 -4.947690
SCALE 1.000000 1.000000 1.000000
X -0.810851 -0.584722 -0.024901
Y -0.239372 0.292518 0.925815
Z -0.534061 0.756659 -0.377155

PART 73
OFFSET 0.000000 0.000000 0.000000
SCALE 1.000000 1.000000 1.000000
X 1.000000 0.000000 0.000000
Y 0.000000 1.000000 0.000000
Z 0.000000 0.000000 1.000000

PART 74
OFFSET 0.000000 0.000000 0.000000
SCALE 1.000000 1.000000 1.000000
X 1.000000 0.000000 0.000000
Y 0.000000 1.000000 0.000000
Z 0.000000 0.000000 1.000000

PART 75
OFFSET 1.540550 -0.000007 4.135838
SCALE 1.000000 1.000000 1.000000
X 1.000000 0.000000 0.000000
Y 0.000000 1.000000 0.000000
Z 0.000000 0.000000 1.000000

PART 76
OFFSET -4.631835 0.000000 -1.376957
SCALE 1.000000 1.000000 1.000000
X 1.000000 0.000000 0.000000
Y 0.000000 1.000000 0.000000
Z 0.000000 0.000000 1.000000

FRAME 1
PART 0
OFFSET 0.000000 0.000000 0.000000
SCALE 1.000000 1.000000 1.000000
X 1.000000 0.000000 0.000000
Y 0.000000 1.000000 0.000000
Z 0.000000 0.000000 1.000000

PART 1
OFFSET 2.807125 5.223730 -2.421078
SCALE 1.000000 1.000000 1.000000
X 0.260962 0.211116 -0.941981
Y 0.517616 -0.854262 -0.048059
Z -0.814845 -0.475043 -0.332207

PART 2
OFFSET -5.178869 -9.527306 3.243907
SCALE 1.000000 1.000000 1.000000
X -0.326070 -0.049128 0.944068
Y -0.425244 -0.884285 -0.192891
Z 0.844302 -0.464355 0.267447

PART 3
OFFSET 14.061051 -6.017270 -7.131227
SCALE 1.000000 1.000000 1.000000
X 0.777769 -0.163879 -0.606810
Y 0.501214 0.744265 0.441422
Z 0.379288 -0.647467 0.661005

PART 4
OFFSET 13.908927 18.076323 -17.331985
SCALE 1.000000 1.000000 1.000000
X 0.998737 0.041892 -0.027740
Y 0.021387 0.145113 0.989184
Z 0.045465 -0.988528 0.144033

PART 5
OFFSET 5.818616 8.091295 -14.536003
SCALE 1.000000 1.000000 1.000000
X 0.989723 -0.069005 0.125245
Y -0.135026 -0.162646 0.977402
Z -0.047075 -0.984269 -0.170292

PART 6
OFFSET -1.172228 -9.139329 -9.522884
SCALE 1.000000 1.000000 1.000000
X -0.871042 -0.149584 -0.467879
Y 0.446167 0.157512 -0.880980
Z 0.205477 -0.976122 -0.070460

PART 7
OFFSET 14.061051 -6.017270 -7.131227
SCALE 1.000000 1.000000 1.000000
X 0.777769 -0.163879 -0.606810
Y 0.501214 0.744265 0.441422
Z 0.379288 -0.647467 0.661005

PART 8
OFFSET 15.803931 8.462424 -14.175336
SCALE 1.000000 1.000000 1.000000
X 0.990637 -0.065355 0.119865
Y 0.046230 0.986690 0.155906
Z -0.128459 -0.148905 0.980472

PART 9
OFFSET 15.375499 6.919778 -14.695291
SCALE 1.000000 1.000000 1.000000
X 0.990637 -0.065355 0.119865
Y 0.046230 0.986690 0.155906
Z -0.128459 -0.148905 0.980472

PART 10
OFFSET 15.975397 7.904475 -11.646409
SCALE 1.000000 1.000000 1.000000
X 0.990637 -0.065355 0.119865
Y 0.046230 0.986690 0.155906
Z -0.128459 -0.148905 0.980472

PART 11
OFFSET 15.785338 6.572318 -11.673509
SCALE 1.000000 1.000000 1.000000
X 0.990637 -0.065355 0.119865
Y 0.046230 0.986690 0.155906
Z -0.128459 -0.148905 0.980472

PART 12
OFFSET 15.506217 6.158112 -12.762641
SCALE 1.000000 1.000000 1.000000
X 0.990637 -0.065355 0.119865
Y 0.046230 0.986690 0.155906
Z -0.128459 -0.148905 0.980472

PART 13
OFFSET 17.202994 7.162453 -13.151931
SCALE 1.000000 1.000000 1.000000
X 0.878692 -0.468757 0.090375
Y -0.475211 -0.876930 0.071887
Z 0.045555 -0.106114 -0.993310

PART 14
OFFSET 14.240710 7.414548 -13.667811
SCALE 1.000000 1.000000 1.000000
X 0.976409 -0.120693 0.179048
Y -0.199838 -0.819187 0.537585
Z 0.081791 -0.560684 -0.823981

PART 15
OFFSET 7.410065 -8.580769 -3.392969
SCALE 1.000000 1.000000 1.000000
X -0.874248 -0.147868 -0.462413
Y -0.209410 0.974179 0.084399
Z 0.437993 0.170620 -0.882639

PART 16
OFFSET 6.954828 -7.336532 -3.156048
SCALE 1.000000 1.000000 1.000000
X -0.874248 -0.147868 -0.462413
Y -0.209410 0.974179 0.084399
Z 0.437993 0.170620 -0.882639

PART 17
OFFSET 6.923791 -6.651016 -4.138301
SCALE 1.000000 1.000000 1.000000
X -0.874248 -0.147868 -0.462413
Y -0.209410 0.974179 0.084399
Z 0.437993 0.170620 -0.882639

PART 18
OFFSET 9.064146 -7.463450 -3.933245
SCALE 1.000000 1.000000 1.000000
X -0.802672 -0.107856 0.586587
Y -0.571801 0.418821 -0.705431
Z -0.169590 -0.901641 -0.397848

PART 19
OFFSET 6.294182 -8.089655 -5.526658
SCALE 1.000000 1.000000 1.000000
X -0.899317 -0.183512 -0.396929
Y 0.055731 0.852187 -0.520261
Z 0.433732 -0.490001 -0.756158

PART 20
OFFSET 19.356210 -8.993729 -8.125601
SCALE 1.000000 1.000000 1.000000
X 0.777769 -0.163879 -0.606810
Y 0.501214 0.744265 0.441422
Z 0.379288 -0.647467 0.661005

PART 21
OFFSET 20.419687 -9.385254 -8.646772
SCALE 1.000000 1.000000 1.000000
X -0.244506 -0.968258 -0.051898
Y 0.777769 -0.163879 -0.606810
Z 0.579044 -0.188733 0.793151

PART 22
OFFSET 20.498630 -8.903333 -9.574714
SCALE 1.000000 1.000000 1.000000
X 0.777769 -0.163879 -0.606810
Y 0.501214 0.744265 0.441422
Z 0.379288 -0.647467 0.661005

PART 23
OFFSET 29.700949 -11.109913 -16.303683
SCALE 1.000000 1.000000 1.000000
X 0.777769 -0.163879 -0.606810
Y 0.501214 0.744265 0.441422
Z 0.379288 -0.647467 0.661005

PART 24
OFFSET 14.061051 -6.017270 -7.131227
SCALE 1.000000 1.000000 1.000000
X 0.777769 -0.163879 -0.606810
Y 0.501214 0.744265 0.441422
Z 0.379288 -0.647467 0.661005

PART 25
OFFSET 20.211789 4.801993 -12.380146
SCALE 1.000000 1.000000 1.000000
X 0.972625 0.224271 -0.060855
Y 0.007149 -0.290630 -0.956809
Z -0.232270 0.930181 -0.284277

PART 26
OFFSET 20.703083 5.721230 -12.654792
SCALE 1.000000 1.000000 1.000000
X 0.759163 -0.275295 -0.589817
Y -0.650895 -0.317372 -0.689645
Z 0.002664 0.907462 -0.420125

PART 27
OFFSET 18.562461 7.774178 -13.319857
SCALE 1.000000 1.000000 1.000000
X 0.856961 -0.360199 -0.368612
Y -0.436584 -0.127271 -0.890616
Z 0.273885 0.924153 -0.266324

PART 28
OFFSET 18.328382 7.032601 -13.148860
SCALE 1.000000 1.000000 1.000000
X 0.954227 -0.286374 -0.086265
Y -0.087847 0.007344 -0.996107
Z 0.285892 0.958090 -0.018150

PART 29
OFFSET 17.254913 5.815476 -13.309054
SCALE 1.000000 1.000000 1.000000
X 0.541539 -0.785279 0.300119
Y -0.793269 -0.359140 0.491673
Z -0.278316 -0.504336 -0.817426

PART 30
OFFSET 19.181633 4.268179 -13.291617
SCALE 1.000000 1.000000 1.000000
X 0.931323 -0.300980 -0.205057
Y 0.193176 -0.069061 0.978730
Z -0.308740 -0.951126 -0.006176

PART 31
OFFSET 19.910808 6.202459 -14.459335
SCALE 1.000000 1.000000 1.000000
X 0.132276 0.986234 -0.099229
Y -0.045521 0.106047 0.993319
Z 0.990167 -0.126876 0.058922

PART 32
OFFSET 12.539774 -7.739757 -5.820051
SCALE 1.000000 1.000000 1.000000
X -0.715754 -0.109674 0.689686
Y -0.020415 -0.983883 -0.177644
Z 0.698054 -0.141230 0.701979

PART 33
OFFSET 11.945499 -7.032329 -6.498868
SCALE 1.000000 1.000000 1.000000
X -0.581969 -0.634661 -0.508445
Y 0.694910 -0.063369 -0.716299
Z 0.422388 -0.770188 0.477911

PART 34
OFFSET 9.156763 -6.738614 -5.135315
SCALE 1.000000 1.000000 1.000000
X -0.630648 -0.513686 0.581730
Y 0.001628 -0.750460 -0.660914
Z 0.776067 -0.415857 0.474112

PART 35
OFFSET 9.669164 -7.128815 -4.833972
SCALE 1.000000 1.000000 1.000000
X -0.689975 -0.341149 0.638398
Y -0.025878 -0.869778 -0.492764
Z 0.723371 -0.356515 0.591297

PART 36
OFFSET 10.040079 -7.401769 -3.418016
SCALE 1.000000 1.000000 1.000000
X -0.958568 -0.267815 -0.097073
Y -0.066629 0.542100 -0.837669
Z 0.276964 -0.796494 -0.537483

PART 37
OFFSET 6.116169 -8.749771 -1.108692
SCALE 1.000000 1.000000 1.000000
X -0.691816 -0.433173 0.577713
Y -0.093463 0.847063 0.523211
Z -0.716000 0.307971 -0.626497

PART 38
OFFSET 15.047201 -7.700624 -5.412627
SCALE 1.000000 1.000000 1.000000
X 0.777769 -0.163879 -0.606810
Y 0.501214 0.744265 0.441422
Z 0.379288 -0.647467 0.661005

PART 39
OFFSET 21.917922 5.100805 -12.652620
SCALE 1.000000 1.000000 1.000000
X 0.346208 -0.489182 -0.800525
Y -0.938157 -0.181301 -0.294942
Z -0.000856 0.853130 -0.521698

PART 40
OFFSET 22.143034 5.134487 -13.863900
SCALE 1.000000 1.000000 1.000000
X -0.601043 -0.462745 -0.651625
Y -0.754597 0.059956 0.653444
Z -0.263309 0.884462 -0.385222

PART 41
OFFSET 20.560181 6.794353 -14.039831
SCALE 1.000000 1.000000 1.000000
X 0.190357 -0.502869 -0.843141
Y -0.941633 -0.336429 -0.011940
Z -0.277653 0.796203 -0.537559

PART 42
OFFSET 20.860223 6.446296 -13.387524
SCALE 1.000000 1.000000 1.000000
X 0.454682 -0.420121 -0.785343
Y -0.829200 -0.521530 -0.201080
Z -0.325102 0.742634 -0.585494

PART 43
OFFSET 18.398899 4.011897 -12.653764
SCALE 1.000000 1.000000 1.000000
X 0.941127 -0.283208 0.184587
Y -0.338049 -0.790891 0.510112
Z 0.001520 -0.542480 -0.840067

PART 44
OFFSET 13.714918 -7.631293 -7.072254
SCALE 1.000000 1.000000 1.000000
X -0.827248 -0.448602 0.338256
Y 0.166835 -0.771036 -0.614548
Z 0.536495 -0.451950 0.712681

PART 45
OFFSET 13.077183 -5.787559 -5.485113
SCALE 1.000000 1.000000 1.000000
X 0.251175 -0.378819 -0.890734
Y 0.674876 0.728208 -0.119392
Z 0.693868 -0.571147 0.438563

PART 46
OFFSET 10.677182 -5.646645 -6.451666
SCALE 1.000000 1.000000 1.000000
X -0.699108 -0.680869 -0.218326
Y 0.436351 -0.164373 -0.884635
Z 0.566433 -0.713722 0.412012

PART 47
OFFSET 11.364564 -6.183634 -6.573971
SCALE 1.000000 1.000000 1.000000
X -0.710564 -0.617367 -0.337574
Y 0.426295 0.003971 -0.904575
Z 0.559795 -0.786665 0.260359

PART 48
OFFSET 12.130448 -6.816520 -3.102119
SCALE 1.000000 1.000000 1.000000
X -0.831958 -0.390896 0.393759
Y -0.511317 0.264632 -0.817634
Z 0.215408 -0.881573 -0.420034

PART 49
OFFSET 22.230836 4.394332 -13.588563
SCALE 1.000000 1.000000 1.000000
X -0.154408 -0.649755 -0.744296
Y -0.987853 0.114828 0.104692
Z 0.017441 0.751420 -0.659593

PART 50
OFFSET 21.596283 4.505643 -14.881166
SCALE 1.000000 1.000000 1.000000
X -0.600539 -0.588891 -0.540889
Y -0.681359 0.022879 0.731591
Z -0.418452 0.807889 -0.414986

PART 51
OFFSET 20.826502 6.065720 -15.250983
SCALE 1.000000 1.000000 1.000000
X -0.669767 -0.678304 -0.302185
Y -0.688869 0.415614 0.593906
Z -0.277256 0.605944 -0.745628

PART 52
OFFSET 21.623144 5.649003 -14.824222
SCALE 1.000000 1.000000 1.000000
X -0.793877 -0.580048 -0.182493
Y -0.496578 0.445209 0.745117
Z -0.350956 0.682153 -0.641480

PART 53
OFFSET 19.783992 3.388105 -12.317420
SCALE 1.000000 1.000000 1.000000
X 0.640167 -0.679246 0.358904
Y -0.740619 -0.421527 0.523257
Z -0.204133 -0.600783 -0.772910

PART 54
OFFSET 14.729802 -7.019254 -7.307376
SCALE 1.000000 1.000000 1.000000
X -0.657529 -0.732972 -0.174379
Y 0.618947 -0.393527 -0.679736
Z 0.429604 -0.554878 0.712426

PART 55
OFFSET 12.631929 -5.227396 -4.204464
SCALE 1.000000 1.000000 1.000000
X 0.802998 0.286620 -0.522536
Y 0.106010 0.794091 0.598482
Z 0.586478 -0.535974 0.607269

PART 56
OFFSET 11.682227 -4.667822 -6.128370
SCALE 1.000000 1.000000 1.000000
X -0.063967 -0.326251 -0.943117
Y 0.921451 0.343571 -0.181349
Z 0.383193 -0.880636 0.278646

PART 57
OFFSET 12.596107 -5.113357 -5.968124
SCALE 1.000000 1.000000 1.000000
X 0.154730 -0.198546 -0.967801
Y 0.829644 0.557998 0.018168
Z 0.536423 -0.805741 0.251062

PART 58
OFFSET 13.234512 -6.104976 -3.937656
SCALE 1.000000 1.000000 1.000000
X -0.325445 -0.484059 0.812264
Y -0.929279 0.005005 -0.369345
Z 0.174720 -0.875021 -0.451455

PART 59
OFFSET 22.056481 3.660434 -14.429246
SCALE 1.000000 1.000000 1.000000
X 0.946732 0.319732 -0.038330
Y -0.151862 0.548258 0.822406
Z 0.283964 -0.772777 0.567609

PART 60
OFFSET 20.913645 3.844383 -15.497218
SCALE 1.000000 1.000000 1.000000
X 0.923939 0.381777 -0.024151
Y -0.164933 0.454527 0.875330
Z 0.345158 -0.804768 0.482922

PART 61
OFFSET 20.328040 5.585003 -15.445597
SCALE 1.000000 1.000000 1.000000
X -0.696077 -0.659268 -0.284328
Y -0.664983 0.442691 0.601516
Z -0.270691 0.607775 -0.746549

PART 62
OFFSET 20.793006 4.854386 -15.265164
SCALE 1.000000 1.000000 1.000000
X -0.752912 -0.531610 -0.387962
Y -0.585430 0.271695 0.763841
Z -0.300658 0.802230 -0.515783

PART 63
OFFSET 20.454319 2.618876 -11.955781
SCALE 1.000000 1.000000 1.000000
X 0.451037 -0.202385 0.869256
Y 0.006950 0.974718 0.223332
Z -0.892478 -0.094690 0.441040

PART 64
OFFSET 15.472494 -6.191422 -7.110437
SCALE 1.000000 1.000000 1.000000
X -0.223490 0.437178 0.871165
Y 0.749215 0.648761 -0.133364
Z -0.623482 0.622884 -0.472532

PART 65
OFFSET 11.718394 -5.547700 -3.616530
SCALE 1.000000 1.000000 1.000000
X -0.723260 -0.690195 -0.022921
Y -0.391884 0.382877 0.836560
Z -0.568614 0.614033 -0.547396

PART 66
OFFSET 11.741687 -4.383745 -5.313840
SCALE 1.000000 1.000000 1.000000
X 0.613130 0.205557 -0.762770
Y 0.657526 0.402398 0.636974
Z 0.437871 -0.892089 0.111563

PART 67
OFFSET 12.302796 -4.866039 -4.626327
SCALE 1.000000 1.000000 1.000000
X 0.852443 0.268227 -0.448771
Y 0.263404 0.521131 0.811813
Z 0.451619 -0.810232 0.373582

PART 68
OFFSET 13.594278 -5.541557 -4.789137
SCALE 1.000000 1.000000 1.000000
X -0.544001 0.205765 0.813464
Y 0.333213 0.942722 -0.015627
Z -0.770086 0.262556 -0.581405

PART 69
OFFSET 19.666750 4.958681 -15.715715
SCALE 1.000000 1.000000 1.000000
X 0.989128 0.137807 -0.051327
Y -0.088165 0.835071 0.543032
Z 0.117695 -0.532603 0.838142

PART 70
OFFSET 19.976523 4.277872 -15.685924
SCALE 1.000000 1.000000 1.000000
X 0.934879 0.323484 -0.146147
Y -0.035021 0.493769 0.868888
Z 0.353235 -0.807187 0.472943

PART 71
OFFSET 11.159186 -4.579020 -4.589185
SCALE 1.000000 1.000000 1.000000
X -0.945367 -0.279802 0.167311
Y 0.156981 0.059097 0.985832
Z -0.285725 0.958237 -0.011944

PART 72
OFFSET 11.378323 -5.156931 -4.139570
SCALE 1.000000 1.000000 1.000000
X -0.824393 -0.560909 -0.075874
Y -0.291829 0.306348 0.906083
Z -0.484986 0.769111 -0.416241

PART 73
OFFSET 0.000000 0.000000 0.000000
SCALE 1.000000 1.000000 1.000000
X 1.000000 0.000000 0.000000
Y 0.000000 1.000000 0.000000
Z 0.000000 0.000000 1.000000

PART 74
OFFSET 0.000000 0.000000 0.000000
SCALE 1.000000 1.000000 1.000000
X 0.999999 0.000543 -0.001374
Y -0.000545 0.999999 -0.001449
Z 0.001373 0.001450 0.999998

PART 75
OFFSET 1.546227 0.006827 4.133714
SCALE 1.000000 1.000000 1.000000
X 0.999999 0.000543 -0.001374
Y -0.000545 0.999999 -0.001449
Z 0.001373 0.001450 0.999998

PART 76
OFFSET -4.633720 -0.004513 -1.370592
SCALE 1.000000 1.000000 1.000000
X 0.999999 0.000543 -0.001374
Y -0.000545 0.999999 -0.001449
Z 0.001373 0.001450 0.999998

FRAME 2
PART 0
OFFSET 0.000000 0.000000 0.000000
SCALE 1.000000 1.000000 1.000000
X 1.000000 0.000000 0.000000
Y 0.000000 1.000000 0.000000
Z 0.000000 0.000000 1.000000

PART 1
OFFSET 2.465240 4.654653 -2.626882
SCALE 1.000000 1.000000 1.000000
X 0.309410 0.355565 -0.881952
Y 0.424242 -0.881663 -0.206614
Z -0.851049 -0.310232 -0.423641

PART 2
OFFSET -5.693341 -9.640813 2.566431
SCALE 1.000000 1.000000 1.000000
X -0.377791 -0.047863 0.924653
Y -0.377576 -0.903888 -0.201056
Z 0.845405 -0.425084 0.323409

PART 3
OFFSET 13.883109 -5.785505 -6.377271
SCALE 1.000000 1.000000 1.000000
X 0.819327 -0.191119 -0.540534
Y 0.474783 0.754668 0.452833
Z 0.321378 -0.627655 0.709060

PART 4
OFFSET 13.908927 18.076323 -17.331985
SCALE 1.000000 1.000000 1.000000
X 0.998737 0.041892 -0.027740
Y 0.021387 0.145113 0.989184
Z 0.045465 -0.988528 0.144033

PART 5
OFFSET 6.123039 9.442202 -13.986118
SCALE 1.000000 1.000000 1.000000
X 0.967196 -0.213189 0.138141
Y -0.203014 -0.321799 0.924787
Z -0.152701 -0.922495 -0.354523

PART 6
OFFSET -0.943691 -9.291364 -10.020388
SCALE 1.000000 1.000000 1.000000
X -0.817156 -0.193684 -0.542902
Y 0.516601 0.171721 -0.838830
Z 0.255696 -0.965918 -0.040266

PART 7
OFFSET 13.883109 -5.785505 -6.377271
SCALE 1.000000 1.000000 1.000000
X 0.819327 -0.191119 -0.540534
Y 0.474783 0.754668 0.452833
Z 0.321378 -0.627655 0.709060

PART 8
OFFSET 16.051808 8.498269 -13.276979
SCALE 1.000000 1.000000 1.000000
X 0.968803 -0.208753 0.133576
Y 0.152883 0.927609 0.340835
Z -0.195056 -0.309780 0.930585

PART 9
OFFSET 15.473694 7.143057 -14.091134
SCALE 1.000000 1.000000 1.000000
X 0.968803 -0.208753 0.133576
Y 0.152883 0.927609 0.340835
Z -0.195056 -0.309780 0.930585

PART 10
OFFSET 16.027134 7.467307 -10.895238
SCALE 1.000000 1.000000 1.000000
X 0.968803 -0.208753 0.133576
Y 0.152883 0.927609 0.340835
Z -0.195056 -0.309780 0.930585

PART 11
OFFSET 15.684714 6.196991 -11.179040
SCALE 1.000000 1.000000 1.000000
X 0.968803 -0.208753 0.133576
Y 0.152883 0.927609 0.340835
Z -0.195056 -0.309780 0.930585

PART 12
OFFSET 15.415436 6.028316 -12.334342
SCALE 1.000000 1.000000 1.000000
X 0.968803 -0.208753 0.133576
Y 0.152883 0.927609 0.340835
Z -0.195056 -0.309780 0.930585

PART 13
OFFSET 17.239176 6.867607 -12.470097
SCALE 1.000000 1.000000 1.000000
X 0.880599 -0.455274 0.131417
Y -0.470731 -0.872292 0.132356
Z 0.054376 -0.178415 -0.982452

PART 14
OFFSET 14.346793 7.574612 -12.961148
SCALE 1.000000 1.000000 1.000000
X 0.951678 -0.252701 0.174501
Y -0.306995 -0.768227 0.561767
Z -0.007903 -0.588192 -0.808683

PART 15
OFFSET 7.011740 -8.286018 -3.146961
SCALE 1.000000 1.000000 1.000000
X -0.820920 -0.192079 -0.537769
Y -0.260785 0.963896 0.053814
Z 0.508017 0.184419 -0.841373

PART 16
OFFSET 6.480137 -7.062757 -2.966609
SCALE 1.000000 1.000000 1.000000
X -0.820920 -0.192079 -0.537769
Y -0.260785 0.963896 0.053814
Z 0.508017 0.184419 -0.841373

PART 17
OFFSET 6.506927 -6.386731 -3.955542
SCALE 1.000000 1.000000 1.000000
X -0.820920 -0.192079 -0.537769
Y -0.260785 0.963896 0.053814
Z 0.508017 0.184419 -0.841373

PART 18
OFFSET 8.640040 -7.077359 -3.537449
SCALE 1.000000 1.000000 1.000000
X -0.845211 -0.080617 0.528318
Y -0.513156 0.398581 -0.760135
Z -0.149298 -0.913583 -0.378254

PART 19
OFFSET 6.074630 -7.866621 -5.379372
SCALE 1.000000 1.000000 1.000000
X -0.850387 -0.229395 -0.473518
Y 0.054848 0.856404 -0.513385
Z 0.523291 -0.462548 -0.715693

PART 20
OFFSET 19.204930 -8.838933 -6.868838
SCALE 1.000000 1.000000 1.000000
X 0.819327 -0.191119 -0.540534
Y 0.474783 0.754668 0.452833
Z 0.321378 -0.627655 0.709060

PART 21
OFFSET 20.300195 -9.257037 -7.294838
SCALE 1.000000 1.000000 1.000000
X -0.250562 -0.967364 -0.037759
Y 0.819327 -0.191119 -0.540534
Z 0.515677 -0.166374 0.840474

PART 22
OFFSET 20.453964 -8.807834 -8.229786
SCALE 1.000000 1.000000 1.000000
X 0.819327 -0.191119 -0.540534
Y 0.474783 0.754668 0.452833
Z 0.321378 -0.627655 0.709060

PART 23
OFFSET 30.111161 -11.321123 -14.167176
SCALE 1.000000 1.000000 1.000000
X 0.819327 -0.191119 -0.540534
Y 0.474783 0.754668 0.452833
Z 0.321378 -0.627655 0.709060

PART 24
OFFSET 13.883109 -5.785505 -6.377271
SCALE 1.000000 1.000000 1.000000
X 0.819327 -0.191119 -0.540534
Y 0.474783 0.754668 0.452833
Z 0.321378 -0.627655 0.709060

PART 25
OFFSET 20.257066 4.584919 -11.499799
SCALE 1.000000 1.000000 1.000000
X 0.984721 0.172219 -0.025786
Y 0.037021 -0.351732 -0.935369
Z -0.170158 0.920123 -0.352733

PART 26
OFFSET 20.738733 5.487393 -11.838649
SCALE 1.000000 1.000000 1.000000
X 0.793582 -0.330677 -0.510765
Y -0.605547 -0.347121 -0.716114
Z 0.059505 0.877587 -0.475710

PART 27
OFFSET 18.601195 7.469563 -12.669696
SCALE 1.000000 1.000000 1.000000
X 0.861199 -0.372864 -0.345411
Y -0.435950 -0.192492 -0.879144
Z 0.261312 0.907700 -0.328324

PART 28
OFFSET 18.364819 6.746712 -12.448871
SCALE 1.000000 1.000000 1.000000
X 0.955931 -0.287974 -0.057146
Y -0.079434 -0.066305 -0.994633
Z 0.282640 0.955340 -0.086258

PART 29
OFFSET 17.289760 5.523377 -12.541227
SCALE 1.000000 1.000000 1.000000
X 0.521865 -0.785866 0.331770
Y -0.804215 -0.323587 0.498527
Z -0.284419 -0.526978 -0.800874

PART 30
OFFSET 19.235537 3.983508 -12.381431
SCALE 1.000000 1.000000 1.000000
X 0.934704 -0.309294 -0.175115
Y 0.185473 0.004162 0.982641
Z -0.303196 -0.950957 0.061256

PART 31
OFFSET 19.963190 5.831492 -13.682270
SCALE 1.000000 1.000000 1.000000
X 0.127410 0.977115 -0.170330
Y -0.054341 0.178349 0.982466
Z 0.990360 -0.115920 0.075821

PART 32
OFFSET 12.242986 -7.448248 -5.148722
SCALE 1.000000 1.000000 1.000000
X -0.765819 -0.078616 0.638233
Y -0.019537 -0.989196 -0.145289
Z 0.642760 -0.123735 0.756009

PART 33
OFFSET 11.706919 -6.761825 -5.894199
SCALE 1.000000 1.000000 1.000000
X -0.564554 -0.649284 -0.509617
Y 0.732922 -0.110383 -0.671298
Z 0.379610 -0.752493 0.538191

PART 34
OFFSET 8.829691 -6.395839 -4.753385
SCALE 1.000000 1.000000 1.000000
X -0.677717 -0.487776 0.550249
Y 0.042648 -0.773124 -0.632819
Z 0.734085 -0.405405 0.544762

PART 35
OFFSET 9.313990 -6.779474 -4.401392
SCALE 1.000000 1.000000 1.000000
X -0.739217 -0.312881 0.596375
Y 0.001417 -0.886250 -0.463204
Z 0.673466 -0.341563 0.655575

PART 36
OFFSET 9.568756 -7.001114 -2.960622
SCALE 1.000000 1.000000 1.000000
X -0.946336 -0.271237 -0.175725
Y 0.019556 0.494673 -0.868859
Z 0.322593 -0.825669 -0.462822

PART 37
OFFSET 5.476310 -8.239604 -0.898645
SCALE 1.000000 1.000000 1.000000
X -0.737539 -0.406951 0.538914
Y -0.122930 0.865603 0.485407
Z -0.664022 0.291758 -0.688442

PART 38
OFFSET 14.718696 -7.417349 -4.533731
SCALE 1.000000 1.000000 1.000000
X 0.819327 -0.191119 -0.540534
Y 0.474783 0.754668 0.452833
Z 0.321378 -0.627655 0.709060

PART 39
OFFSET 21.992735 4.800828 -11.682272
SCALE 1.000000 1.000000 1.000000
X 0.421771 -0.530173 -0.735545
Y -0.904506 -0.189598 -0.381996
Z 0.063066 0.826420 -0.559512

PART 40
OFFSET 22.260073 4.798491 -12.885200
SCALE 1.000000 1.000000 1.000000
X -0.461355 -0.514463 -0.722827
Y -0.857221 0.048428 0.512666
Z -0.228743 0.856144 -0.463351

PART 41
OFFSET 20.586705 6.465590 -13.334954
SCALE 1.000000 1.000000 1.000000
X 0.282029 -0.542556 -0.791260
Y -0.928316 -0.362576 -0.082266
Z -0.242258 0.757741 -0.605921

PART 42
OFFSET 20.901214 6.154393 -12.619407
SCALE 1.000000 1.000000 1.000000
X 0.514661 -0.477359 -0.712217
Y -0.816635 -0.525990 -0.237574
Z -0.261211 0.703891 -0.660535

PART 43
OFFSET 18.383884 3.721632 -11.816081
SCALE 1.000000 1.000000 1.000000
X 0.928056 -0.316992 0.195520
Y -0.371973 -0.762570 0.529267
Z -0.018676 -0.563918 -0.825620

PART 44
OFFSET 13.507839 -7.395338 -6.313720
SCALE 1.000000 1.000000 1.000000
X -0.855502 -0.427411 0.292295
Y 0.200745 -0.794116 -0.573655
Z 0.477303 -0.432086 0.765169

PART 45
OFFSET 12.803060 -5.487132 -4.877645
SCALE 1.000000 1.000000 1.000000
X 0.300763 -0.420905 -0.855792
Y 0.692621 0.713263 -0.107388
Z 0.655605 -0.560441 0.506051

PART 46
OFFSET 10.455241 -5.362817 -5.987732
SCALE 1.000000 1.000000 1.000000
X -0.690807 -0.681602 -0.241255
Y 0.494958 -0.202560 -0.844977
Z 0.527070 -0.703127 0.477295

PART 47
OFFSET 11.144271 -5.909870 -6.041310
SCALE 1.000000 1.000000 1.000000
X -0.691209 -0.622962 -0.366264
Y 0.490820 -0.032703 -0.870647
Z 0.530402 -0.781569 0.328367

PART 48
OFFSET 11.625581 -6.400775 -2.474738
SCALE 1.000000 1.000000 1.000000
X -0.864350 -0.366812 0.344017
Y -0.438045 0.213155 -0.873317
Z 0.247014 -0.905546 -0.344921

PART 49
OFFSET 22.423796 4.056292 -12.541728
SCALE 1.000000 1.000000 1.000000
X -0.022267 -0.680139 -0.732745
Y -0.995031 0.086218 -0.049790
Z 0.097040 0.727996 -0.678679

PART 50
OFFSET 21.913010 4.103421 -13.954019
SCALE 1.000000 1.000000 1.000000
X -0.493723 -0.631801 -0.597549
Y -0.786214 0.030656 0.617193
Z -0.371625 0.774524 -0.511867

PART 51
OFFSET 20.985836 5.689479 -14.463139
SCALE 1.000000 1.000000 1.000000
X -0.567979 -0.732878 -0.374553
Y -0.796525 0.374872 0.474361
Z -0.207239 0.567768 -0.796675

PART 52
OFFSET 21.779979 5.277406 -13.903520
SCALE 1.000000 1.000000 1.000000
X -0.716781 -0.629888 -0.299110
Y -0.641549 0.427654 0.636810
Z -0.273203 0.648347 -0.710638

PART 53
OFFSET 19.745302 3.049544 -11.464334
SCALE 1.000000 1.000000 1.000000
X 0.619063 -0.695421 0.364897
Y -0.750493 -0.386984 0.535727
Z -0.231347 -0.605502 -0.761477

PART 54
OFFSET 14.546131 -6.804565 -6.497687
SCALE 1.000000 1.000000 1.000000
X -0.656174 -0.729869 -0.191645
Y 0.657562 -0.428446 -0.619715
Z 0.370200 -0.532659 0.761069

PART 55
OFFSET 12.286937 -4.865362 -3.653261
SCALE 1.000000 1.000000 1.000000
X 0.838835 0.252721 -0.482170
Y 0.080737 0.818165 0.569287
Z 0.538365 -0.516467 0.665902

PART 56
OFFSET 11.447792 -4.382460 -5.631381
SCALE 1.000000 1.000000 1.000000
X -0.001166 -0.360921 -0.932596
Y 0.936191 0.327403 -0.127878
Z 0.351489 -0.873237 0.337509

PART 57
OFFSET 12.340882 -4.828940 -5.385580
SCALE 1.000000 1.000000 1.000000
X 0.223154 -0.234238 -0.946222
Y 0.832207 0.551229 0.059808
Z 0.507576 -0.800799 0.317943

PART 58
OFFSET 12.800337 -5.740851 -3.254367
SCALE 1.000000 1.000000 1.000000
X -0.396072 -0.433433 0.809483
Y -0.894070 -0.018812 -0.447532
Z 0.209203 -0.900989 -0.380069

PART 59
OFFSET 22.398694 3.288077 -13.369357
SCALE 1.000000 1.000000 1.000000
X 0.932663 0.348833 0.091953
Y -0.289465 0.571530 0.767831
Z 0.215291 -0.742745 0.634019

PART 60
OFFSET 21.351755 3.393320 -14.634848
SCALE 1.000000 1.000000 1.000000
X 0.905806 0.411982 0.098930
Y -0.310121 0.485579 0.817336
Z 0.288689 -0.771028 0.567604

PART 61
OFFSET 20.556904 5.163693 -14.717452
SCALE 1.000000 1.000000 1.000000
X -0.625267 -0.704413 -0.335921
Y -0.752772 0.430852 0.497695
Z -0.205851 0.564065 -0.799660

PART 62
OFFSET 21.067590 4.419808 -14.455812
SCALE 1.000000 1.000000 1.000000
X -0.679231 -0.569874 -0.462481
Y -0.690860 0.283781 0.664966
Z -0.247703 0.771176 -0.586456

PART 63
OFFSET 20.391393 2.263194 -11.095478
SCALE 1.000000 1.000000 1.000000
X 0.450904 -0.204175 0.868906
Y 0.042763 0.977309 0.207456
Z -0.891548 -0.056385 0.449404

PART 64
OFFSET 15.287293 -5.980238 -6.281243
SCALE 1.000000 1.000000 1.000000
X -0.275536 0.473951 0.836331
Y 0.767391 0.632428 -0.105575
Z -0.578957 0.612703 -0.537962

PART 65
OFFSET 11.333136 -5.147394 -3.111479
SCALE 1.000000 1.000000 1.000000
X -0.731319 -0.680907 -0.039223
Y -0.437692 0.424438 0.792640
Z -0.523066 0.596840 -0.608427

PART 66
OFFSET 11.453032 -4.068482 -4.825723
SCALE 1.000000 1.000000 1.000000
X 0.668070 0.170615 -0.724274
Y 0.615798 0.419627 0.666862
Z 0.417702 -0.891518 0.175276

PART 67
OFFSET 11.952614 -4.531451 -4.078536
SCALE 1.000000 1.000000 1.000000
X 0.886010 0.244811 -0.393768
Y 0.208855 0.547494 0.810327
Z 0.413962 -0.800199 0.433956

PART 68
OFFSET 13.234307 -5.230589 -4.104776
SCALE 1.000000 1.000000 1.000000
X -0.611030 0.254909 0.749442
Y 0.337270 0.940339 -0.044857
Z -0.716164 0.225355 -0.660549

PART 69
