// Export time: Sun Jun 12 22:49:47 2022

ANIMATION
VERSION 3

NUMPARTS 2
PART 0 "tag_view"
PART 1 "tag_torso"

FRAMERATE 30
NUMFRAMES 18
FRAME 0
PART 0
OFFSET 0.000000 0.000000 0.000000
SCALE 1.000000 1.000000 1.000000
X 1.000000 0.000000 0.000000
Y 0.000000 1.000000 0.000000
Z 0.000000 0.000000 1.000000

PART 1
OFFSET -4.631529 -0.000000 -1.376955
SCALE 1.000000 1.000000 1.000000
X 1.000000 0.000000 0.000000
Y 0.000000 1.000000 0.000000
Z 0.000000 0.000000 1.000000

FRAME 1
PART 0
OFFSET 0.000000 0.000000 0.000000
SCALE 1.000000 1.000000 1.000000
X 1.000000 0.000000 0.000000
Y 0.000000 1.000000 0.000000
Z 0.000000 0.000000 1.000000

PART 1
OFFSET -4.631529 0.090085 -1.366909
SCALE 1.000000 1.000000 1.000000
X 1.000000 -0.000000 -0.000031
Y -0.000000 0.999992 -0.004028
Z 0.000031 0.004028 0.999992

FRAME 2
PART 0
OFFSET 0.000000 0.000000 0.000000
SCALE 1.000000 1.000000 1.000000
X 1.000000 0.000000 0.000000
Y 0.000000 1.000000 0.000000
Z 0.000000 0.000000 1.000000

PART 1
OFFSET -4.631529 0.330311 -1.343471
SCALE 1.000000 1.000000 1.000000
X 1.000000 -0.000001 -0.000122
Y -0.000001 0.999889 -0.014892
Z 0.000122 0.014892 0.999889

FRAME 3
PART 0
OFFSET 0.000000 0.000000 0.000000
SCALE 1.000000 1.000000 1.000000
X 1.000000 0.000000 0.000000
Y 0.000000 1.000000 0.000000
Z 0.000000 0.000000 1.000000

PART 1
OFFSET -4.650126 0.690649 -1.303290
SCALE 1.000000 1.000000 1.000000
X 1.000000 0.000003 -0.000290
Y -0.000012 0.999487 -0.032030
Z 0.000290 0.032030 0.999487

FRAME 4
PART 0
OFFSET 0.000000 0.000000 0.000000
SCALE 1.000000 1.000000 1.000000
X 1.000000 0.000000 0.000000
Y 0.000000 1.000000 0.000000
Z 0.000000 0.000000 1.000000

PART 1
OFFSET -4.687320 1.126059 -1.256413
SCALE 1.000000 1.000000 1.000000
X 1.000000 0.000004 -0.000458
Y -0.000027 0.998791 -0.049158
Z 0.000458 0.049158 0.998791

FRAME 5
PART 0
OFFSET 0.000000 0.000000 0.000000
SCALE 1.000000 1.000000 1.000000
X 1.000000 0.000000 0.000000
Y 0.000000 1.000000 0.000000
Z 0.000000 0.000000 1.000000

PART 1
OFFSET -4.771008 1.606510 -1.197816
SCALE 1.000000 1.000000 1.000000
X 1.000000 0.000007 -0.000688
Y -0.000054 0.997672 -0.068191
Z 0.000686 0.068191 0.997672

FRAME 6
PART 0
OFFSET 0.000000 0.000000 0.000000
SCALE 1.000000 1.000000 1.000000
X 1.000000 0.000000 0.000000
Y 0.000000 1.000000 0.000000
Z 0.000000 0.000000 1.000000

PART 1
OFFSET -4.854695 2.086962 -1.139219
SCALE 1.000000 1.000000 1.000000
X 1.000000 0.000006 -0.000918
Y -0.000086 0.996191 -0.087199
Z 0.000914 0.087199 0.996190

FRAME 7
PART 0
OFFSET 0.000000 0.000000 0.000000
SCALE 1.000000 1.000000 1.000000
X 1.000000 0.000000 0.000000
Y 0.000000 1.000000 0.000000
Z 0.000000 0.000000 1.000000

PART 1
OFFSET -5.003472 2.537385 -1.078948
SCALE 1.000000 1.000000 1.000000
X 0.999999 0.000000 -0.001179
Y -0.000122 0.994698 -0.102844
Z 0.001172 0.102844 0.994697

FRAME 8
PART 0
OFFSET 0.000000 0.000000 0.000000
SCALE 1.000000 1.000000 1.000000
X 1.000000 0.000000 0.000000
Y 0.000000 1.000000 0.000000
Z 0.000000 0.000000 1.000000

PART 1
OFFSET -5.208041 2.912739 -1.018677
SCALE 1.000000 1.000000 1.000000
X 0.999999 -0.000006 -0.001454
Y -0.000159 0.993523 -0.113628
Z 0.001446 0.113628 0.993522

FRAME 9
PART 0
OFFSET 0.000000 0.000000 0.000000
SCALE 1.000000 1.000000 1.000000
X 1.000000 0.000000 0.000000
Y 0.000000 1.000000 0.000000
Z 0.000000 0.000000 1.000000

PART 1
OFFSET -5.468402 3.198006 -0.965103
SCALE 1.000000 1.000000 1.000000
X 0.999998 0.000004 -0.001746
Y -0.000210 0.993059 -0.117619
Z 0.001733 0.117619 0.993057

FRAME 10
PART 0
OFFSET 0.000000 0.000000 0.000000
SCALE 1.000000 1.000000 1.000000
X 1.000000 0.000000 0.000000
Y 0.000000 1.000000 0.000000
Z 0.000000 0.000000 1.000000

PART 1
OFFSET -5.858942 3.393190 -0.908180
SCALE 1.000000 1.000000 1.000000
X 0.999998 -0.000007 -0.002021
Y -0.000220 0.993647 -0.112538
Z 0.002008 0.112539 0.993645

FRAME 11
PART 0
OFFSET 0.000000 0.000000 0.000000
SCALE 1.000000 1.000000 1.000000
X 1.000000 0.000000 0.000000
Y 0.000000 1.000000 0.000000
Z 0.000000 0.000000 1.000000

PART 1
OFFSET -6.398260 3.543331 -0.837864
SCALE 1.000000 1.000000 1.000000
X 0.999997 -0.000006 -0.002280
Y -0.000220 0.995055 -0.099326
Z 0.002270 0.099326 0.995052

FRAME 12
PART 0
OFFSET 0.000000 0.000000 0.000000
SCALE 1.000000 1.000000 1.000000
X 1.000000 0.000000 0.000000
Y 0.000000 1.000000 0.000000
Z 0.000000 0.000000 1.000000

PART 1
OFFSET -7.049161 3.640923 -0.765873
SCALE 1.000000 1.000000 1.000000
X 0.999997 -0.000008 -0.002515
Y -0.000191 0.996863 -0.079148
Z 0.002508 0.079148 0.996860

FRAME 13
PART 0
OFFSET 0.000000 0.000000 0.000000
SCALE 1.000000 1.000000 1.000000
X 1.000000 0.000000 0.000000
Y 0.000000 1.000000 0.000000
Z 0.000000 0.000000 1.000000

PART 1
OFFSET -7.700062 3.738515 -0.693883
SCALE 1.000000 1.000000 1.000000
X 0.999996 -0.000005 -0.002750
Y -0.000157 0.998262 -0.058937
Z 0.002745 0.058937 0.998258

FRAME 14
PART 0
OFFSET 0.000000 0.000000 0.000000
SCALE 1.000000 1.000000 1.000000
X 1.000000 0.000000 0.000000
Y 0.000000 1.000000 0.000000
Z 0.000000 0.000000 1.000000

PART 1
OFFSET -8.332366 3.783557 -0.626915
SCALE 1.000000 1.000000 1.000000
X 0.999996 -0.000003 -0.002916
Y -0.000110 0.999251 -0.038692
Z 0.002914 0.038692 0.999247

FRAME 15
PART 0
OFFSET 0.000000 0.000000 0.000000
SCALE 1.000000 1.000000 1.000000
X 1.000000 0.000000 0.000000
Y 0.000000 1.000000 0.000000
Z 0.000000 0.000000 1.000000

PART 1
OFFSET -8.871684 3.813585 -0.573341
SCALE 1.000000 1.000000 1.000000
X 0.999995 0.000002 -0.003082
Y -0.000059 0.999830 -0.018431
Z 0.003082 0.018431 0.999825

FRAME 16
PART 0
OFFSET 0.000000 0.000000 0.000000
SCALE 1.000000 1.000000 1.000000
X 1.000000 0.000000 0.000000
Y 0.000000 1.000000 0.000000
Z 0.000000 0.000000 1.000000

PART 1
OFFSET -9.243627 3.828600 -0.536509
SCALE 1.000000 1.000000 1.000000
X 0.999995 0.000007 -0.003174
Y -0.000023 0.999987 -0.005066
Z 0.003174 0.005066 0.999982

FRAME 17
PART 0
OFFSET 0.000000 0.000000 0.000000
SCALE 1.000000 1.000000 1.000000
X 1.000000 0.000000 0.000000
Y 0.000000 1.000000 0.000000
Z 0.000000 0.000000 1.000000

PART 1
OFFSET -9.373808 3.828600 -0.523115
SCALE 1.000000 1.000000 1.000000
X 0.999995 0.000000 -0.003204
Y 0.000000 1.000000 0.000000
Z 0.003204 0.000000 0.999995

NOTETRACKS

PART 0
NUMTRACKS 0

PART 1
NUMTRACKS 0

