// Export time: Mon Jun 13 04:45:17 2022

ANIMATION
VERSION 3

NUMPARTS 76
PART 0 "tag_torso"
PART 1 "j_shoulder_le"
PART 2 "j_shoulder_ri"
PART 3 "tag_weapon"
PART 4 "tag_weapon1"
PART 5 "j_elbow_le"
PART 6 "j_elbow_ri"
PART 7 "j_gun"
PART 8 "j_sleave_reshape_bottom_le_1"
PART 9 "j_sleave_reshape_bottom_le_2"
PART 10 "j_sleave_reshape_top_le_1"
PART 11 "j_sleave_reshape_top_le_2"
PART 12 "j_sleave_reshape_top_le_3"
PART 13 "j_wrist_le"
PART 14 "j_wristtwist_le"
PART 15 "j_sleave_reshape_top_ri_1"
PART 16 "j_sleave_reshape_top_ri_2"
PART 17 "j_sleave_reshape_top_ri_3"
PART 18 "j_wrist_ri"
PART 19 "j_wristtwist_ri"
PART 20 "tag_bolt_animate"
PART 21 "tag_brass"
PART 22 "tag_bullet_animate"
PART 23 "tag_flash"
PART 24 "tag_clip"
PART 25 "j_index_le_0"
PART 26 "j_mid_le_0"
PART 27 "j_pinkypalm_le"
PART 28 "j_ringpalm_le"
PART 29 "j_thumb_le_0"
PART 30 "j_webbing_le"
PART 31 "tag_knife_attach"
PART 32 "j_index_ri_0"
PART 33 "j_mid_ri_0"
PART 34 "j_pinkypalm_ri"
PART 35 "j_ringpalm_ri"
PART 36 "j_thumb_ri_0"
PART 37 "j_webbing_ri"
PART 38 "j_index_le_1"
PART 39 "j_mid_le_1"
PART 40 "j_pinky_le_0"
PART 41 "j_ring_le_0"
PART 42 "j_thumb_le_1"
PART 43 "j_index_ri_1"
PART 44 "j_mid_ri_1"
PART 45 "j_pinky_ri_0"
PART 46 "j_ring_ri_0"
PART 47 "j_thumb_ri_1"
PART 48 "j_index_le_2"
PART 49 "j_mid_le_2"
PART 50 "j_pinky_le_1"
PART 51 "j_ring_le_1"
PART 52 "j_thumb_le_2"
PART 53 "j_index_ri_2"
PART 54 "j_mid_ri_2"
PART 55 "j_pinky_ri_1"
PART 56 "j_ring_ri_1"
PART 57 "j_thumb_ri_2"
PART 58 "j_index_le_3"
PART 59 "j_mid_le_3"
PART 60 "j_pinky_le_2"
PART 61 "j_ring_le_2"
PART 62 "j_thumb_le_3"
PART 63 "j_index_ri_3"
PART 64 "j_mid_ri_3"
PART 65 "j_pinky_ri_2"
PART 66 "j_ring_ri_2"
PART 67 "j_thumb_ri_3"
PART 68 "j_pinky_le_3"
PART 69 "j_ring_le_3"
PART 70 "j_pinky_ri_3"
PART 71 "j_ring_ri_3"
PART 72 "tag_cambone"
PART 73 "tag_camera"
PART 74 "tag_gasmask"
PART 75 "tag_gasmask2"

FRAMERATE 30
NUMFRAMES 6
FRAME 0
PART 0
OFFSET 0.000000 0.000000 0.000000
SCALE 1.000000 1.000000 1.000000
X 1.000000 0.000000 0.000000
Y 0.000000 1.000000 0.000000
Z 0.000000 0.000000 1.000000

PART 1
OFFSET -1.120055 6.800090 -0.998211
SCALE 1.000000 1.000000 1.000000
X 0.806770 -0.070165 -0.586684
Y -0.085817 -0.996310 0.001145
Z -0.584600 0.049423 -0.809815

PART 2
OFFSET -8.605256 -9.866200 3.909407
SCALE 1.000000 1.000000 1.000000
X -0.516624 -0.120916 0.847631
Y -0.274402 -0.914379 -0.297683
Z 0.811051 -0.386382 0.439210

PART 3
OFFSET 13.937142 -3.827578 -3.944717
SCALE 1.000000 1.000000 1.000000
X 1.000000 0.000000 0.000000
Y 0.000000 1.000000 0.000000
Z 0.000000 0.000000 1.000000

PART 4
OFFSET 13.908927 18.076323 -17.331985
SCALE 1.000000 1.000000 1.000000
X 0.998737 0.041892 -0.027740
Y 0.021387 0.145113 0.989184
Z 0.045465 -0.988528 0.144033

PART 5
OFFSET 8.525274 5.814696 -7.870101
SCALE 1.000000 1.000000 1.000000
X 0.860599 -0.459061 0.220528
Y -0.376540 -0.281981 0.882442
Z -0.342910 -0.842466 -0.415528

PART 6
OFFSET -2.290950 -8.504016 -6.967581
SCALE 1.000000 1.000000 1.000000
X -0.913804 -0.211966 -0.346457
Y 0.325431 0.128269 -0.936825
Z 0.243015 -0.968823 -0.048233

PART 7
OFFSET 13.937142 -3.827578 -3.944717
SCALE 1.000000 1.000000 1.000000
X 1.000000 0.000000 0.000000
Y 0.000000 1.000000 0.000000
Z 0.000000 0.000000 1.000000

PART 8
OFFSET 17.752328 2.322252 -6.245712
SCALE 1.000000 1.000000 1.000000
X 0.863763 -0.455075 0.216380
Y 0.345860 0.847708 0.402210
Z -0.366463 -0.272576 0.889611

PART 9
OFFSET 16.940131 1.183408 -7.182212
SCALE 1.000000 1.000000 1.000000
X 0.863763 -0.455075 0.216380
Y 0.345860 0.847708 0.402210
Z -0.366463 -0.272576 0.889611

PART 10
OFFSET 17.210043 1.272172 -3.934989
SCALE 1.000000 1.000000 1.000000
X 0.863763 -0.455075 0.216380
Y 0.345860 0.847708 0.402210
Z -0.366463 -0.272576 0.889611

PART 11
OFFSET 16.588800 0.140951 -4.316952
SCALE 1.000000 1.000000 1.000000
X 0.863763 -0.455075 0.216380
Y 0.345860 0.847708 0.402210
Z -0.366463 -0.272576 0.889611

PART 12
OFFSET 16.411632 0.077029 -5.500257
SCALE 1.000000 1.000000 1.000000
X 0.863763 -0.455075 0.216380
Y 0.345860 0.847708 0.402210
Z -0.366463 -0.272576 0.889611

PART 13
OFFSET 18.430344 0.531341 -5.450433
SCALE 1.000000 1.000000 1.000000
X 0.894069 -0.254522 0.368589
Y -0.434718 -0.294676 0.850991
Z -0.107982 -0.921078 -0.374106

PART 14
OFFSET 15.874817 1.981201 -5.914576
SCALE 1.000000 1.000000 1.000000
X 0.874234 -0.448358 0.186252
Y -0.181121 0.054746 0.981936
Z -0.450455 -0.892176 -0.033346

PART 15
OFFSET 6.945824 -7.245873 -2.003442
SCALE 1.000000 1.000000 1.000000
X -0.916390 -0.210094 -0.340720
Y -0.245093 0.967474 0.062634
Z 0.316479 0.140906 -0.938076

PART 16
OFFSET 6.462661 -6.011206 -1.771824
SCALE 1.000000 1.000000 1.000000
X -0.916390 -0.210094 -0.340720
Y -0.245093 0.967474 0.062634
Z 0.316479 0.140906 -0.938076

PART 17
OFFSET 6.276598 -5.382132 -2.774501
SCALE 1.000000 1.000000 1.000000
X -0.916390 -0.210094 -0.340720
Y -0.245093 0.967474 0.062634
Z 0.316479 0.140906 -0.938076

PART 18
OFFSET 8.360582 -6.009057 -2.802319
SCALE 1.000000 1.000000 1.000000
X -0.962655 -0.223004 0.153505
Y -0.085757 -0.286629 -0.954196
Z 0.256789 -0.931726 0.256801

PART 19
OFFSET 5.489456 -6.734910 -4.002912
SCALE 1.000000 1.000000 1.000000
X -0.918677 -0.212298 -0.333108
Y 0.273352 0.267081 -0.924092
Z 0.285150 -0.939998 -0.187329

PART 20
OFFSET 16.110763 -3.827795 -0.666396
SCALE 1.000000 1.000000 1.000000
X 1.000000 0.000000 0.000000
Y 0.000000 1.000000 0.000000
Z 0.000000 0.000000 1.000000

PART 21
OFFSET 20.354285 -3.816208 -0.354091
SCALE 1.000000 1.000000 1.000000
X 0.000000 -0.866099 0.499872
Y 1.000000 0.000000 0.000000
Z -0.000000 0.499872 0.866099

PART 22
OFFSET 20.899792 -3.827578 -1.249550
SCALE 1.000000 1.000000 1.000000
X 1.000000 0.000000 0.000000
Y 0.000000 1.000000 0.000000
Z 0.000000 0.000000 1.000000

PART 23
OFFSET 32.501892 -3.827843 -0.778421
SCALE 1.000000 1.000000 1.000000
X 1.000000 0.000000 0.000000
Y 0.000000 1.000000 0.000000
Z 0.000000 0.000000 1.000000

PART 24
OFFSET 13.937142 -3.827578 -3.944717
SCALE 1.000000 1.000000 1.000000
X 0.996503 0.000000 0.083554
Y -0.000000 1.000000 0.000000
Z -0.083554 -0.000000 0.996503

PART 25
OFFSET 21.635921 -0.419688 -3.244137
SCALE 1.000000 1.000000 1.000000
X 0.420710 -0.900640 0.108865
Y -0.768244 -0.417521 -0.485261
Z 0.482498 0.120519 -0.867566

PART 26
OFFSET 22.031787 -0.189318 -4.264402
SCALE 1.000000 1.000000 1.000000
X 0.186187 -0.947777 0.258946
Y -0.859327 -0.284859 -0.424750
Z 0.476331 -0.143437 -0.867488

PART 27
OFFSET 19.691409 0.539461 -6.363150
SCALE 1.000000 1.000000 1.000000
X 0.878170 -0.475484 0.052272
Y -0.478019 -0.868258 0.132759
Z -0.017740 -0.141572 -0.989769

PART 28
OFFSET 19.600992 0.451814 -5.441839
SCALE 1.000000 1.000000 1.000000
X 0.924551 -0.369346 0.093748
Y -0.352422 -0.922361 -0.158270
Z 0.144926 0.113290 -0.982935

PART 29
OFFSET 18.396771 -0.178650 -4.780110
SCALE 1.000000 1.000000 1.000000
X 0.135425 -0.906568 0.399744
Y -0.898256 0.057909 0.435640
Z -0.418086 -0.418069 -0.806488

PART 30
OFFSET 20.438385 -1.214858 -3.163534
SCALE 1.000000 1.000000 1.000000
X 0.895271 -0.438602 0.078223
Y 0.346018 0.795116 0.498057
Z -0.280645 -0.418830 0.863609

PART 31
OFFSET 20.924056 -1.403520 -5.479831
SCALE 1.000000 1.000000 1.000000
X 0.088971 0.365902 -0.926391
Y 0.108019 0.921049 0.374166
Z 0.990160 -0.133357 0.042423

PART 32
OFFSET 12.254654 -5.307683 -2.553672
SCALE 1.000000 1.000000 1.000000
X -0.957065 -0.136462 0.255745
Y 0.254008 -0.819897 0.513078
Z 0.139669 0.556010 0.819357

PART 33
OFFSET 12.088251 -5.378345 -3.685938
SCALE 1.000000 1.000000 1.000000
X -0.032919 -0.988274 -0.149103
Y 0.985659 -0.007396 -0.168590
Z 0.165510 -0.152515 0.974344

PART 34
OFFSET 9.042935 -5.954722 -4.031295
SCALE 1.000000 1.000000 1.000000
X -0.759442 -0.440957 0.478336
Y 0.524802 -0.849763 0.049855
Z 0.384488 0.288894 0.876761

PART 35
OFFSET 9.322859 -5.855201 -3.385208
SCALE 1.000000 1.000000 1.000000
X -0.868135 -0.317296 0.381660
Y 0.421048 -0.877959 0.227830
Z 0.262793 0.358484 0.895784

PART 36
OFFSET 8.798597 -5.245417 -2.128199
SCALE 1.000000 1.000000 1.000000
X -0.648847 -0.718081 -0.251709
Y 0.358506 0.003288 -0.933522
Z 0.671171 -0.695952 0.255303

PART 37
OFFSET 4.564319 -7.194200 -1.218932
SCALE 1.000000 1.000000 1.000000
X -0.817779 -0.413463 0.400357
Y -0.528576 0.814769 -0.238241
Z -0.227694 -0.406447 -0.884848

PART 38
OFFSET 22.358973 -2.016391 -3.084525
SCALE 1.000000 1.000000 1.000000
X -0.419642 -0.898922 -0.125852
Y -0.793385 0.430611 -0.430250
Z 0.440955 -0.080702 -0.893894

PART 39
OFFSET 22.433585 -1.993825 -3.759164
SCALE 1.000000 1.000000 1.000000
X -0.178584 -0.983914 -0.004698
Y -0.979403 0.178218 -0.094909
Z 0.094219 -0.012347 -0.995475

PART 40
OFFSET 21.639458 -0.558391 -6.078559
SCALE 1.000000 1.000000 1.000000
X 0.635027 -0.753131 0.171854
Y -0.747382 -0.655248 -0.109862
Z 0.195348 -0.058676 -0.978977

PART 41
OFFSET 22.025492 -0.488135 -5.334266
SCALE 1.000000 1.000000 1.000000
X 0.426882 -0.848356 0.313153
Y -0.873710 -0.476237 -0.099144
Z 0.233244 -0.231282 -0.944514

PART 42
OFFSET 18.616751 -2.219255 -3.909960
SCALE 1.000000 1.000000 1.000000
X 0.713926 -0.677188 0.178119
Y -0.655294 -0.556493 0.510789
Z -0.246778 -0.481386 -0.841052

PART 43
OFFSET 13.910728 -5.189239 -3.006363
SCALE 1.000000 1.000000 1.000000
X -0.773662 -0.600817 0.201163
Y 0.630891 -0.759817 0.157017
Z 0.058508 0.248390 0.966891

PART 44
OFFSET 12.135621 -3.437950 -3.386452
SCALE 1.000000 1.000000 1.000000
X 0.799940 -0.545932 -0.249107
Y 0.475030 0.829751 -0.293018
Z 0.366665 0.116064 0.923085

PART 45
OFFSET 10.845939 -4.962793 -5.032915
SCALE 1.000000 1.000000 1.000000
X -0.298653 -0.953859 0.030963
Y 0.903463 -0.293030 -0.312869
Z 0.307506 -0.065466 0.949291

PART 46
OFFSET 11.542364 -5.071647 -4.505487
SCALE 1.000000 1.000000 1.000000
X -0.245191 -0.964949 -0.093572
Y 0.880104 -0.181072 -0.438896
Z 0.406569 -0.189967 0.893652

PART 47
OFFSET 10.150069 -3.633496 -1.510128
SCALE 1.000000 1.000000 1.000000
X -0.821764 -0.533819 0.199349
Y 0.047603 -0.412930 -0.909518
Z 0.567835 -0.737920 0.364742

PART 48
OFFSET 22.067742 -3.140488 -3.049391
SCALE 1.000000 1.000000 1.000000
X -0.247791 -0.965244 0.083087
Y -0.894004 0.194769 -0.403513
Z 0.373305 -0.174267 -0.911194

PART 49
OFFSET 22.400708 -3.354422 -3.672026
SCALE 1.000000 1.000000 1.000000
X -0.459111 -0.881094 0.113533
Y -0.883866 0.440168 -0.158221
Z 0.089434 -0.172989 -0.980855

PART 50
OFFSET 22.540483 -1.630184 -5.835006
SCALE 1.000000 1.000000 1.000000
X -0.286072 -0.942606 0.172212
Y -0.908491 0.209673 -0.361498
Z 0.304642 -0.259867 -0.916331

PART 51
OFFSET 22.759213 -1.914428 -4.825301
SCALE 1.000000 1.000000 1.000000
X -0.570064 -0.790106 0.225300
Y -0.799667 0.470636 -0.372873
Z 0.188575 -0.392727 -0.900114

PART 52
OFFSET 19.563878 -3.426141 -3.632859
SCALE 1.000000 1.000000 1.000000
X 0.240960 -0.940238 0.240604
Y -0.840480 -0.078190 0.536171
Z -0.485316 -0.331418 -0.809092

PART 53
OFFSET 14.739454 -4.326376 -3.174158
SCALE 1.000000 1.000000 1.000000
X -0.281127 -0.953269 0.110663
Y 0.959642 -0.278357 0.040050
Z -0.007375 0.117456 0.993051

PART 54
OFFSET 10.917658 -2.683831 -3.070309
SCALE 1.000000 1.000000 1.000000
X 0.893271 0.388749 -0.225703
Y -0.414127 0.906970 -0.076844
Z 0.174833 0.162113 0.971161

PART 55
OFFSET 11.269569 -3.587535 -5.071238
SCALE 1.000000 1.000000 1.000000
X 0.576031 -0.691157 -0.436453
Y 0.770345 0.637588 0.007032
Z 0.273417 -0.340270 0.899700

PART 56
OFFSET 11.954731 -3.390190 -4.329844
SCALE 1.000000 1.000000 1.000000
X 0.740340 -0.497019 -0.452625
Y 0.542398 0.839410 -0.034563
Z 0.397116 -0.219915 0.891031

PART 57
OFFSET 11.396579 -2.917403 -2.107455
SCALE 1.000000 1.000000 1.000000
X -0.661853 -0.169245 0.730278
Y -0.505230 -0.618975 -0.601342
Z 0.553799 -0.766959 0.324163

PART 58
OFFSET 21.787908 -4.230734 -2.955527
SCALE 1.000000 1.000000 1.000000
X 0.992788 0.089155 0.080146
Y -0.082932 0.993507 -0.077881
Z -0.086569 0.070673 0.993736

PART 59
OFFSET 21.881987 -4.353864 -3.550274
SCALE 1.000000 1.000000 1.000000
X 0.910189 0.406227 0.080845
Y -0.373223 0.889023 -0.265222
Z -0.179614 0.211228 0.960792

PART 60
OFFSET 22.306028 -2.295784 -5.698212
SCALE 1.000000 1.000000 1.000000
X -0.304931 -0.950141 0.065184
Y -0.875094 0.252523 -0.412848
Z 0.375803 -0.182933 -0.908464

PART 61
OFFSET 22.251472 -3.035113 -4.496638
SCALE 1.000000 1.000000 1.000000
X -0.478116 -0.878240 -0.009981
Y -0.836341 0.458718 -0.300186
Z 0.268214 -0.135176 -0.953829

PART 62
OFFSET 19.787923 -4.459431 -3.400588
SCALE 1.000000 1.000000 1.000000
X 0.316380 -0.497304 0.807832
Y 0.480949 0.818104 0.315268
Z -0.817675 0.288781 0.498010

PART 63
OFFSET 15.057020 -3.249706 -3.299123
SCALE 1.000000 1.000000 1.000000
X -0.776709 0.594549 0.207932
Y 0.553620 0.801856 -0.224791
Z -0.300381 -0.059482 -0.951963

PART 64
OFFSET 9.904437 -3.124656 -2.821587
SCALE 1.000000 1.000000 1.000000
X -0.432313 -0.888146 0.155889
Y -0.876833 0.454389 0.157143
Z -0.210400 -0.068754 -0.975195

PART 65
OFFSET 10.774968 -2.986778 -4.694189
SCALE 1.000000 1.000000 1.000000
X 0.905975 0.123671 -0.404863
Y 0.058884 0.910264 0.409820
Z 0.419215 -0.395127 0.817394

PART 66
OFFSET 10.871634 -2.761426 -3.714075
SCALE 1.000000 1.000000 1.000000
X 0.891130 0.429244 -0.147096
Y -0.373529 0.878017 0.299270
Z 0.257613 -0.211743 0.942762

PART 67
OFFSET 12.095599 -2.688764 -2.901803
SCALE 1.000000 1.000000 1.000000
X -0.948430 0.240136 0.206917
Y 0.112662 0.865508 -0.488060
Z -0.296289 -0.439580 -0.847928

PART 68
OFFSET 22.016337 -3.198442 -5.636284
SCALE 1.000000 1.000000 1.000000
X 0.727684 0.594797 0.341602
Y -0.417057 0.779070 -0.468096
Z -0.544554 0.198159 0.814981

PART 69
OFFSET 21.733006 -3.987546 -4.507459
SCALE 1.000000 1.000000 1.000000
X 0.883674 0.450184 0.128272
Y -0.421487 0.884428 -0.200340
Z -0.203637 0.122970 0.971293

PART 70
OFFSET 9.914255 -3.104265 -4.309567
SCALE 1.000000 1.000000 1.000000
X -0.790887 -0.608321 -0.066660
Y -0.485778 0.557826 0.672941
Z -0.372179 0.564602 -0.736687

PART 71
OFFSET 9.905166 -3.226912 -3.554507
SCALE 1.000000 1.000000 1.000000
X -0.502802 -0.864402 0.000325
Y -0.827185 0.481263 0.290090
Z -0.250911 0.145588 -0.956999

PART 72
OFFSET 0.000000 0.000000 0.000000
SCALE 1.000000 1.000000 1.000000
X 1.000000 0.000000 0.000000
Y 0.000000 1.000000 0.000000
Z 0.000000 0.000000 1.000000

PART 73
OFFSET 0.000000 0.000000 0.000000
SCALE 1.000000 1.000000 1.000000
X 1.000000 0.000000 0.000000
Y 0.000000 1.000000 0.000000
Z 0.000000 0.000000 1.000000

PART 74
OFFSET 1.540551 0.000000 4.135826
SCALE 1.000000 1.000000 1.000000
X 1.000000 0.000000 0.000000
Y 0.000000 1.000000 0.000000
Z 0.000000 0.000000 1.000000

PART 75
OFFSET -4.631835 0.000000 -1.376957
SCALE 1.000000 1.000000 1.000000
X 1.000000 0.000000 0.000000
Y 0.000000 1.000000 0.000000
Z 0.000000 0.000000 1.000000

FRAME 1
PART 0
OFFSET 0.000000 0.000000 0.000000
SCALE 1.000000 1.000000 1.000000
X 1.000000 0.000000 0.000000
Y 0.000000 1.000000 0.000000
Z 0.000000 0.000000 1.000000

PART 1
OFFSET -0.985245 6.655684 -0.926953
SCALE 1.000000 1.000000 1.000000
X 0.779067 -0.024480 -0.626463
Y -0.056001 -0.997960 -0.030645
Z -0.624435 0.058957 -0.778849

PART 2
OFFSET -8.440793 -9.807824 3.941625
SCALE 1.000000 1.000000 1.000000
X -0.470570 -0.104885 0.876107
Y -0.288614 -0.919996 -0.265158
Z 0.833826 -0.377632 0.402651

PART 3
OFFSET 13.351721 -3.827578 -3.972319
SCALE 1.000000 1.000000 1.000000
X 0.999979 0.000000 0.006439
Y -0.000000 1.000000 0.000000
Z -0.006439 -0.000000 0.999979

PART 4
OFFSET 13.908927 18.076323 -17.331985
SCALE 1.000000 1.000000 1.000000
X 0.998737 0.041892 -0.027740
Y 0.021387 0.145113 0.989184
Z 0.045465 -0.988528 0.144033

PART 5
OFFSET 8.443104 6.369245 -8.519139
SCALE 1.000000 1.000000 1.000000
X 0.818099 -0.504901 0.275297
Y -0.441521 -0.244727 0.863231
Z -0.368474 -0.827758 -0.423136

PART 6
OFFSET -2.666193 -8.675005 -7.477360
SCALE 1.000000 1.000000 1.000000
X -0.895151 -0.226293 -0.384053
Y 0.360051 0.140903 -0.922231
Z 0.262809 -0.963814 -0.044652

PART 7
OFFSET 13.351721 -3.827578 -3.972319
SCALE 1.000000 1.000000 1.000000
X 0.999979 0.000000 0.006439
Y -0.000000 1.000000 0.000000
Z -0.006439 -0.000000 0.999979

PART 8
OFFSET 17.340870 2.370349 -6.325300
SCALE 1.000000 1.000000 1.000000
X 0.821722 -0.501177 0.271284
Y 0.372471 0.832596 0.409939
Z -0.431321 -0.235810 0.870836

PART 9
OFFSET 16.516305 1.265549 -7.291308
SCALE 1.000000 1.000000 1.000000
X 0.821722 -0.501177 0.271284
Y 0.372471 0.832596 0.409939
Z -0.431321 -0.235810 0.870836

PART 10
OFFSET 16.608441 1.392432 -4.035452
SCALE 1.000000 1.000000 1.000000
X 0.821722 -0.501177 0.271284
Y 0.372471 0.832596 0.409939
Z -0.431321 -0.235810 0.870836

PART 11
OFFSET 15.943539 0.293302 -4.437094
SCALE 1.000000 1.000000 1.000000
X 0.821722 -0.501177 0.271284
Y 0.372471 0.832596 0.409939
Z -0.431321 -0.235810 0.870836

PART 12
OFFSET 15.829542 0.220160 -5.627614
SCALE 1.000000 1.000000 1.000000
X 0.821722 -0.501177 0.271284
Y 0.372471 0.832596 0.409939
Z -0.431321 -0.235810 0.870836

PART 13
OFFSET 17.856233 0.532148 -5.446112
SCALE 1.000000 1.000000 1.000000
X 0.891610 -0.254460 0.374543
Y -0.440353 -0.294623 0.848108
Z -0.105461 -0.921112 -0.374741

PART 14
OFFSET 15.431370 2.146419 -6.096267
SCALE 1.000000 1.000000 1.000000
X 0.834416 -0.495551 0.241205
Y -0.229183 0.086030 0.969574
Z -0.501224 -0.864308 -0.041787

PART 15
OFFSET 6.340294 -7.282274 -2.140029
SCALE 1.000000 1.000000 1.000000
X -0.897998 -0.224509 -0.378412
Y -0.265433 0.962325 0.058950
Z 0.350921 0.153381 -0.923758

PART 16
OFFSET 5.825294 -6.058395 -1.920048
SCALE 1.000000 1.000000 1.000000
X -0.897998 -0.224509 -0.378412
Y -0.265433 0.962325 0.058950
Z 0.350921 0.153381 -0.923758

PART 17
OFFSET 5.667611 -5.425739 -2.925333
SCALE 1.000000 1.000000 1.000000
X -0.897998 -0.224509 -0.378412
Y -0.265433 0.962325 0.058950
Z 0.350921 0.153381 -0.923758

PART 18
OFFSET 7.767550 -6.006857 -2.862892
SCALE 1.000000 1.000000 1.000000
X -0.963614 -0.223181 0.147100
Y -0.079318 -0.286784 -0.954706
Z 0.255258 -0.931636 0.258647

PART 19
OFFSET 4.955658 -6.784996 -4.192426
SCALE 1.000000 1.000000 1.000000
X -0.900689 -0.226844 -0.370542
Y 0.303290 0.282391 -0.910094
Z 0.311087 -0.932093 -0.185547

PART 20
OFFSET 17.022073 -3.827795 -0.670281
SCALE 1.000000 1.000000 1.000000
X 0.999979 0.000000 0.006439
Y -0.000000 1.000000 0.000000
Z -0.006439 -0.000000 0.999979

PART 21
OFFSET 19.745611 -3.816208 -0.340446
SCALE 1.000000 1.000000 1.000000
X -0.003219 -0.866099 0.499862
Y 0.999979 0.000000 0.006439
Z -0.005577 0.499872 0.866081

PART 22
OFFSET 20.296872 -3.827578 -1.232374
SCALE 1.000000 1.000000 1.000000
X 0.999979 0.000000 0.006439
Y -0.000000 1.000000 0.000000
Z -0.006439 -0.000000 0.999979

PART 23
OFFSET 31.895698 -3.827843 -0.686548
SCALE 1.000000 1.000000 1.000000
X 0.999979 0.000000 0.006439
Y -0.000000 1.000000 0.000000
Z -0.006439 -0.000000 0.999979

PART 24
OFFSET 13.351721 -3.827578 -3.972319
SCALE 1.000000 1.000000 1.000000
X 0.995945 0.000000 0.089968
Y -0.000000 1.000000 0.000000
Z -0.089968 -0.000000 0.995945

PART 25
OFFSET 21.047112 -0.418588 -3.218487
SCALE 1.000000 1.000000 1.000000
X 0.420009 -0.900616 0.111731
Y -0.764988 -0.417588 -0.490321
Z 0.488248 0.120467 -0.864350

PART 26
OFFSET 21.449741 -0.188285 -4.236118
SCALE 1.000000 1.000000 1.000000
X 0.184496 -0.947749 0.260254
Y -0.856476 -0.284924 -0.430427
Z 0.482090 -0.143489 -0.864292

PART 27
OFFSET 19.123335 0.540240 -6.350430
SCALE 1.000000 1.000000 1.000000
X 0.877820 -0.475448 0.058144
Y -0.478860 -0.868265 0.129650
Z -0.011157 -0.141653 -0.989854

PART 28
OFFSET 19.026800 0.452664 -5.429733
SCALE 1.000000 1.000000 1.000000
X 0.923921 -0.369305 0.099919
Y -0.351330 -0.922386 -0.160534
Z 0.151450 0.113216 -0.981960

PART 29
OFFSET 17.818232 -0.177790 -4.775970
SCALE 1.000000 1.000000 1.000000
X 0.132798 -0.906531 0.400708
Y -0.901133 0.057911 0.429657
Z -0.412703 -0.418149 -0.809214

PART 30
OFFSET 19.849095 -1.213794 -3.145780
SCALE 1.000000 1.000000 1.000000
X 0.894747 -0.438563 0.084206
Y 0.342673 0.795169 0.500281
Z -0.286363 -0.418770 0.861759

PART 31
OFFSET 20.350154 -1.402625 -5.458783
SCALE 1.000000 1.000000 1.000000
X 0.095112 0.365830 -0.925809
Y 0.105497 0.921083 0.374801
Z 0.989861 -0.133318 0.049012

PART 32
OFFSET 11.659729 -5.304644 -2.588324
SCALE 1.000000 1.000000 1.000000
X -0.958725 -0.136623 0.249362
Y 0.250741 -0.819771 0.514883
Z 0.134075 0.556156 0.820192

PART 33
OFFSET 11.500912 -5.375502 -3.721666
SCALE 1.000000 1.000000 1.000000
X -0.031718 -0.988302 -0.149177
Y 0.986765 -0.007217 -0.161997
Z 0.159025 -0.152341 0.975450

PART 34
OFFSET 8.458091 -5.952558 -4.087287
SCALE 1.000000 1.000000 1.000000
X -0.762531 -0.441045 0.473313
Y 0.524632 -0.849648 0.053485
Z 0.378560 0.289099 0.879269

PART 35
OFFSET 8.733670 -5.852887 -3.439358
SCALE 1.000000 1.000000 1.000000
X -0.870602 -0.317421 0.375895
Y 0.419696 -0.877839 0.230766
Z 0.256726 0.358667 0.897469

PART 36
OFFSET 8.200892 -5.243031 -2.185969
SCALE 1.000000 1.000000 1.000000
X -0.647003 -0.718251 -0.255937
Y 0.364737 0.003228 -0.931105
Z 0.669593 -0.695777 0.259884

PART 37
OFFSET 3.961032 -7.192558 -1.304742
SCALE 1.000000 1.000000 1.000000
X -0.820352 -0.413575 0.394941
Y -0.527139 0.814626 -0.241886
Z -0.221691 -0.406621 -0.886291

PART 38
OFFSET 21.769145 -2.015251 -3.053946
SCALE 1.000000 1.000000 1.000000
X -0.418765 -0.898948 -0.128565
Y -0.790524 0.430547 -0.435547
Z 0.446888 -0.080758 -0.890937

PART 39
OFFSET 21.848237 -1.992737 -3.728076
SCALE 1.000000 1.000000 1.000000
X -0.178513 -0.983920 -0.005806
Y -0.978757 0.178175 -0.101429
Z 0.100832 -0.012424 -0.994826

PART 40
OFFSET 21.069489 -0.557518 -6.052813
SCALE 1.000000 1.000000 1.000000
X 0.633898 -0.753095 0.176131
Y -0.746612 -0.655284 -0.114773
Z 0.201851 -0.058747 -0.977653

PART 41
OFFSET 21.450565 -0.487189 -5.305977
SCALE 1.000000 1.000000 1.000000
X 0.424822 -0.848315 0.316051
Y -0.873015 -0.476277 -0.104909
Z 0.239523 -0.231349 -0.942924

PART 42
OFFSET 18.032497 -2.218317 -3.904213
SCALE 1.000000 1.000000 1.000000
X 0.712751 -0.677148 0.182914
Y -0.658654 -0.556475 0.506469
Z -0.241167 -0.481463 -0.842634

PART 43
OFFSET 13.318767 -5.185923 -3.029952
SCALE 1.000000 1.000000 1.000000
X -0.774866 -0.600948 0.196074
Y 0.629984 -0.759664 0.161341
Z 0.051993 0.248541 0.967225

PART 44
OFFSET 11.545880 -3.435054 -3.422151
SCALE 1.000000 1.000000 1.000000
X 0.801699 -0.545803 -0.243676
Y 0.476807 0.829807 -0.289957
Z 0.360463 0.116272 0.925498

PART 45
OFFSET 10.267546 -4.960400 -5.076976
SCALE 1.000000 1.000000 1.000000
X -0.298657 -0.953917 0.029104
Y 0.905595 -0.292888 -0.306781
Z 0.301168 -0.065266 0.951335

PART 46
OFFSET 10.960452 -5.069035 -4.544890
SCALE 1.000000 1.000000 1.000000
X -0.244361 -0.965013 -0.095070
Y 0.883055 -0.180953 -0.432977
Z 0.400625 -0.189755 0.896377

PART 47
OFFSET 9.547872 -3.630742 -1.559112
SCALE 1.000000 1.000000 1.000000
X -0.822969 -0.533960 0.193929
Y 0.053766 -0.413050 -0.909120
Z 0.565537 -0.737750 0.368636

PART 48
OFFSET 21.477727 -3.139357 -3.020658
SCALE 1.000000 1.000000 1.000000
X -0.248304 -0.965246 0.081517
Y -0.891310 0.194704 -0.409460
Z 0.379358 -0.174327 -0.908679

PART 49
OFFSET 21.814830 -3.353329 -3.641048
SCALE 1.000000 1.000000 1.000000
X -0.459824 -0.881102 0.110551
Y -0.882811 0.440123 -0.164126
Z 0.095955 -0.173065 -0.980225

PART 50
OFFSET 21.968913 -1.629259 -5.803191
SCALE 1.000000 1.000000 1.000000
X -0.287176 -0.942603 0.170383
Y -0.906076 0.209611 -0.367544
Z 0.310734 -0.259930 -0.914265

PART 51
OFFSET 22.180940 -1.913414 -4.792032
SCALE 1.000000 1.000000 1.000000
X -0.571520 -0.790108 0.221571
Y -0.797188 0.470577 -0.378217
Z 0.194566 -0.392792 -0.898809

PART 52
OFFSET 18.977805 -3.425147 -3.620727
SCALE 1.000000 1.000000 1.000000
X 0.239389 -0.940210 0.242275
Y -0.844021 -0.078177 0.530581
Z -0.479917 -0.331501 -0.812272

PART 53
OFFSET 14.148419 -4.322912 -3.192330
SCALE 1.000000 1.000000 1.000000
X -0.281664 -0.953311 0.108919
Y 0.959410 -0.278153 0.046504
Z -0.014036 0.117596 0.992962

PART 54
OFFSET 10.325676 -2.681142 -3.114265
SCALE 1.000000 1.000000 1.000000
X 0.894679 0.388901 -0.219784
Y -0.413791 0.906873 -0.079742
Z 0.168304 0.162288 0.972284

PART 55
OFFSET 10.691139 -3.585060 -5.112667
SCALE 1.000000 1.000000 1.000000
X 0.579078 -0.691100 -0.432493
Y 0.770150 0.637749 0.012089
Z 0.267467 -0.340084 0.901556

PART 56
OFFSET 11.371290 -3.387467 -4.366738
SCALE 1.000000 1.000000 1.000000
X 0.743451 -0.496931 -0.447594
Y 0.542445 0.839517 -0.031058
Z 0.391197 -0.219705 0.893697

PART 57
OFFSET 10.798199 -2.914477 -2.148198
SCALE 1.000000 1.000000 1.000000
X -0.666685 -0.169278 0.725862
Y -0.501072 -0.619166 -0.604616
Z 0.551777 -0.766798 0.327968

PART 58
OFFSET 21.197314 -4.229605 -2.928566
SCALE 1.000000 1.000000 1.000000
X 0.992230 0.089197 0.086734
Y -0.082448 0.993498 -0.078511
Z -0.093173 0.070750 0.993133

PART 59
OFFSET 21.295347 -4.352779 -3.522665
SCALE 1.000000 1.000000 1.000000
X 0.909617 0.406266 0.086859
Y -0.371484 0.888988 -0.267767
Z -0.186001 0.211299 0.959560

PART 60
OFFSET 21.733579 -2.294857 -5.667904
SCALE 1.000000 1.000000 1.000000
X -0.305324 -0.950147 0.063233
Y -0.872340 0.252458 -0.418674
Z 0.381838 -0.182992 -0.905932

PART 61
OFFSET 21.671065 -3.034091 -4.466660
SCALE 1.000000 1.000000 1.000000
X -0.478008 -0.878258 -0.013087
Y -0.834344 0.458664 -0.305773
Z 0.274551 -0.135243 -0.952014

PART 62
OFFSET 19.200338 -4.458410 -3.386889
SCALE 1.000000 1.000000 1.000000
X 0.311023 -0.497228 0.809956
Y 0.478814 0.818147 0.318391
Z -0.820976 0.288792 0.492542

PART 63
OFFSET 14.466591 -3.246195 -3.315325
SCALE 1.000000 1.000000 1.000000
X -0.778203 0.594418 0.202650
Y 0.554945 0.801938 -0.221202
Z -0.293999 -0.059681 -0.953941

PART 64
OFFSET 9.310906 -3.122141 -2.872257
SCALE 1.000000 1.000000 1.000000
X -0.433163 -0.888213 0.153125
Y -0.877958 0.454230 0.151213
Z -0.203863 -0.068937 -0.976569

PART 65
OFFSET 10.193906 -2.984351 -4.739019
SCALE 1.000000 1.000000 1.000000
X 0.908636 0.123800 -0.398816
Y 0.055957 0.910335 0.410073
Z 0.413823 -0.394923 0.820235

PART 66
OFFSET 10.283972 -2.758839 -3.758313
SCALE 1.000000 1.000000 1.000000
X 0.892005 0.429407 -0.141199
Y -0.375701 0.877983 0.296639
Z 0.251349 -0.211555 0.944494

PART 67
OFFSET 11.502466 -2.685808 -2.937889
SCALE 1.000000 1.000000 1.000000
X -0.949842 0.239970 0.200538
Y 0.115744 0.865461 -0.487422
Z -0.290524 -0.439762 -0.849826

PART 68
OFFSET 21.443514 -3.197520 -5.607830
SCALE 1.000000 1.000000 1.000000
X 0.725377 0.594851 0.346382
Y -0.413965 0.779017 -0.470920
Z -0.549965 0.198205 0.811328

PART 69
OFFSET 21.152716 -3.986544 -4.480848
SCALE 1.000000 1.000000 1.000000
X 0.882787 0.450227 0.134105
Y -0.420178 0.884396 -0.203207
Z -0.210091 0.123041 0.969909

PART 70
OFFSET 9.330666 -3.101961 -4.360141
SCALE 1.000000 1.000000 1.000000
X -0.790299 -0.608494 -0.071856
Y -0.490380 0.557823 0.669598
Z -0.367363 0.564419 -0.739239

PART 71
OFFSET 9.316555 -3.224501 -3.605141
SCALE 1.000000 1.000000 1.000000
X -0.502615 -0.864505 -0.002910
Y -0.829204 0.481133 0.284485
Z -0.244538 0.145399 -0.958676

PART 72
OFFSET 0.000000 0.000000 0.000000
SCALE 1.000000 1.000000 1.000000
X 1.000000 0.000000 0.000000
Y 0.000000 1.000000 0.000000
Z 0.000000 0.000000 1.000000

PART 73
OFFSET 0.000000 0.000000 0.000000
SCALE 1.000000 1.000000 1.000000
X 1.000000 0.000000 0.000000
Y 0.000000 1.000000 0.000000
Z 0.000000 0.000000 1.000000

PART 74
OFFSET 1.540551 0.000000 4.135826
SCALE 1.000000 1.000000 1.000000
X 1.000000 0.000000 0.000000
Y 0.000000 1.000000 0.000000
Z 0.000000 0.000000 1.000000

PART 75
OFFSET -4.631835 0.000000 -1.376957
SCALE 1.000000 1.000000 1.000000
X 1.000000 0.000000 0.000000
Y 0.000000 1.000000 0.000000
Z 0.000000 0.000000 1.000000

FRAME 2
PART 0
OFFSET 0.000000 0.000000 0.000000
SCALE 1.000000 1.000000 1.000000
X 1.000000 0.000000 0.000000
Y 0.000000 1.000000 0.000000
Z 0.000000 0.000000 1.000000

PART 1
OFFSET -1.204716 6.894422 -1.051738
SCALE 1.000000 1.000000 1.000000
X 0.823321 -0.099366 -0.558810
Y -0.105732 -0.994173 0.021002
Z -0.557641 0.041793 -0.829030

PART 2
OFFSET -8.696951 -9.895984 3.887271
SCALE 1.000000 1.000000 1.000000
X -0.541823 -0.129169 0.830508
Y -0.265031 -0.911452 -0.314664
Z 0.797613 -0.390602 0.459612

PART 3
OFFSET 14.240307 -3.827578 -3.891417
SCALE 1.000000 1.000000 1.000000
X 0.999999 0.000000 -0.001648
Y 0.000000 1.000000 0.000000
Z 0.001648 0.000000 0.999999

PART 4
OFFSET 13.908927 18.076323 -17.331985
SCALE 1.000000 1.000000 1.000000
X 0.998737 0.041892 -0.027740
Y 0.021387 0.145113 0.989184
Z 0.045465 -0.988528 0.144033

PART 5
OFFSET 8.570729 5.467992 -7.438424
SCALE 1.000000 1.000000 1.000000
X 0.882785 -0.430349 0.188388
Y -0.337018 -0.300783 0.892160
Z -0.327276 -0.851075 -0.410562

PART 6
OFFSET -2.087180 -8.415853 -6.676122
SCALE 1.000000 1.000000 1.000000
X -0.922426 -0.204816 -0.327385
Y 0.307827 0.121925 -0.943598
Z 0.233180 -0.971177 -0.049419

PART 7
OFFSET 14.240307 -3.827578 -3.891417
SCALE 1.000000 1.000000 1.000000
X 0.999999 0.000000 -0.001648
Y 0.000000 1.000000 0.000000
Z 0.001648 0.000000 0.999999

PART 8
OFFSET 17.961718 2.287440 -6.147008
SCALE 1.000000 1.000000 1.000000
X 0.885670 -0.426228 0.184170
Y 0.329598 0.856505 0.397195
Z -0.327038 -0.291082 0.899065

PART 9
OFFSET 17.158585 1.127350 -7.065067
SCALE 1.000000 1.000000 1.000000
X 0.885670 -0.426228 0.184170
Y 0.329598 0.856505 0.397195
Z -0.327038 -0.291082 0.899065

PART 10
OFFSET 17.533168 1.203735 -3.827933
SCALE 1.000000 1.000000 1.000000
X 0.885670 -0.426228 0.184170
Y 0.329598 0.856505 0.397195
Z -0.327038 -0.291082 0.899065

PART 11
OFFSET 16.938958 0.054193 -4.198020
SCALE 1.000000 1.000000 1.000000
X 0.885670 -0.426228 0.184170
Y 0.329598 0.856505 0.397195
Z -0.327038 -0.291082 0.899065

PART 12
OFFSET 16.724827 -0.007937 -5.375293
SCALE 1.000000 1.000000 1.000000
X 0.885670 -0.426228 0.184170
Y 0.329598 0.856505 0.397195
Z -0.327038 -0.291082 0.899065

PART 13
OFFSET 18.731121 0.530332 -5.402723
SCALE 1.000000 1.000000 1.000000
X 0.894646 -0.254215 0.367402
Y -0.433397 -0.294066 0.851876
Z -0.108519 -0.921358 -0.373260

PART 14
OFFSET 16.108662 1.878131 -5.757502
SCALE 1.000000 1.000000 1.000000
X 0.894789 -0.419007 0.154224
Y -0.152629 0.037556 0.987570
Z -0.419590 -0.907206 -0.030348

PART 15
OFFSET 7.257872 -7.224711 -1.901734
SCALE 1.000000 1.000000 1.000000
X -0.924880 -0.202899 -0.321605
Y -0.234983 0.969899 0.063864
Z 0.298966 0.134638 -0.944718

PART 16
OFFSET 6.790680 -5.984843 -1.665184
SCALE 1.000000 1.000000 1.000000
X -0.924880 -0.202899 -0.321605
Y -0.234983 0.969899 0.063864
Z 0.298966 0.134638 -0.944718

PART 17
OFFSET 6.590378 -5.357682 -2.666316
SCALE 1.000000 1.000000 1.000000
X -0.924880 -0.202899 -0.321605
Y -0.234983 0.969899 0.063864
Z 0.298966 0.134638 -0.944718

PART 18
OFFSET 8.664232 -6.007354 -2.739164
SCALE 1.000000 1.000000 1.000000
X -0.962402 -0.223220 0.154776
Y -0.086865 -0.286967 -0.953994
Z 0.257366 -0.931570 0.256788

PART 19
OFFSET 5.766478 -6.706929 -3.873939
SCALE 1.000000 1.000000 1.000000
X -0.926962 -0.205030 -0.314173
Y 0.258213 0.258833 -0.930769
Z 0.272154 -0.943911 -0.186987

PART 20
OFFSET 19.455157 -3.827795 -0.621657
SCALE 1.000000 1.000000 1.000000
X 0.999999 0.000000 -0.001648
Y 0.000000 1.000000 0.000000
Z 0.001648 0.000000 0.999999

PART 21
OFFSET 20.663358 -3.816208 -0.311371
SCALE 1.000000 1.000000 1.000000
X 0.000824 -0.866099 0.499871
Y 0.999999 -0.000000 -0.001648
Z 0.001427 0.499872 0.866098

PART 22
OFFSET 21.207389 -3.827578 -1.207728
SCALE 1.000000 1.000000 1.000000
X 0.999999 0.000000 -0.001648
Y 0.000000 1.000000 0.000000
Z 0.001648 0.000000 0.999999

PART 23
OFFSET 32.810250 -3.827843 -0.755719
SCALE 1.000000 1.000000 1.000000
X 0.999999 0.000000 -0.001648
Y 0.000000 1.000000 0.000000
Z 0.001648 0.000000 0.999999

PART 24
OFFSET 14.240307 -3.827578 -3.891417
SCALE 1.000000 1.000000 1.000000
X 0.996640 0.000000 0.081911
Y -0.000000 1.000000 0.000000
Z -0.081911 -0.000000 0.996640

PART 25
OFFSET 21.940126 -0.418942 -3.200659
SCALE 1.000000 1.000000 1.000000
X 0.420914 -0.900542 0.108882
Y -0.768972 -0.417909 -0.483770
Z 0.481158 0.119898 -0.868396

PART 26
OFFSET 22.334413 -0.189309 -4.221702
SCALE 1.000000 1.000000 1.000000
X 0.186624 -0.947578 0.259358
Y -0.859968 -0.285206 -0.423217
Z 0.475002 -0.144058 -0.868113

PART 27
OFFSET 19.990780 0.537829 -6.317384
SCALE 1.000000 1.000000 1.000000
X 0.878269 -0.475410 0.051272
Y -0.477779 -0.868179 0.134135
Z -0.019256 -0.142303 -0.989636

PART 28
OFFSET 19.901783 0.450859 -5.395871
SCALE 1.000000 1.000000 1.000000
X 0.924709 -0.369240 0.092598
Y -0.352628 -0.922491 -0.157047
Z 0.143409 0.112570 -0.983240

PART 29
OFFSET 18.698608 -0.179165 -4.731826
SCALE 1.000000 1.000000 1.000000
X 0.136077 -0.906267 0.400203
Y -0.897587 0.058194 0.436979
Z -0.419309 -0.418680 -0.805535

PART 30
OFFSET 20.742747 -1.214099 -3.117628
SCALE 1.000000 1.000000 1.000000
X 0.895408 -0.438508 0.077170
Y 0.346751 0.795497 0.496938
Z -0.279300 -0.418204 0.864348

PART 31
OFFSET 21.224864 -1.404451 -5.434530
SCALE 1.000000 1.000000 1.000000
X 0.087531 0.365222 -0.926796
Y 0.108556 0.921329 0.373320
Z 0.990229 -0.133287 0.040998

PART 32
OFFSET 12.558416 -5.304823 -2.495592
SCALE 1.000000 1.000000 1.000000
X -0.956708 -0.136642 0.256980
Y 0.254873 -0.819658 0.513031
Z 0.140535 0.556318 0.818999

PART 33
OFFSET 12.390624 -5.375904 -3.627627
SCALE 1.000000 1.000000 1.000000
X -0.032831 -0.988332 -0.148737
Y 0.985450 -0.007179 -0.169814
Z 0.166764 -0.152148 0.974187

PART 34
OFFSET 9.345040 -5.953235 -3.969005
SCALE 1.000000 1.000000 1.000000
X -0.758724 -0.441009 0.479426
Y 0.525098 -0.849602 0.049482
Z 0.385499 0.289289 0.876186

PART 35
OFFSET 9.625740 -5.853425 -3.323300
SCALE 1.000000 1.000000 1.000000
X -0.867572 -0.317410 0.382844
Y 0.421574 -0.877768 0.227594
Z 0.263808 0.358852 0.895339

PART 36
OFFSET 9.102874 -5.243372 -2.065840
SCALE 1.000000 1.000000 1.000000
X -0.648961 -0.718343 -0.250666
Y 0.357343 0.003080 -0.933968
Z 0.671681 -0.695683 0.254696

PART 37
OFFSET 4.870270 -7.193025 -1.150665
SCALE 1.000000 1.000000 1.000000
X -0.817166 -0.413557 0.401510
Y -0.529097 0.814545 -0.237851
Z -0.228683 -0.406801 -0.884430

PART 38
OFFSET 22.663488 -2.015498 -3.040983
SCALE 1.000000 1.000000 1.000000
X -0.419799 -0.899032 -0.124544
Y -0.794063 0.430262 -0.429347
Z 0.439583 -0.081344 -0.894511

PART 39
OFFSET 22.737061 -1.993427 -3.715752
SCALE 1.000000 1.000000 1.000000
X -0.178550 -0.983924 -0.003698
Y -0.979555 0.178109 -0.093533
Z 0.092688 -0.013078 -0.995609

PART 40
OFFSET 21.939310 -0.559735 -6.034981
SCALE 1.000000 1.000000 1.000000
X 0.635321 -0.752979 0.171433
Y -0.747524 -0.655359 -0.108229
Z 0.193844 -0.059390 -0.979233

PART 41
OFFSET 22.326484 -0.488915 -5.291335
SCALE 1.000000 1.000000 1.000000
X 0.427398 -0.848107 0.313121
Y -0.873842 -0.476345 -0.097448
Z 0.231800 -0.231969 -0.944700

PART 42
OFFSET 18.920009 -2.219119 -3.860511
SCALE 1.000000 1.000000 1.000000
X 0.714227 -0.677028 0.177521
Y -0.654485 -0.556142 0.512207
Z -0.248052 -0.482016 -0.840316

PART 43
OFFSET 14.213893 -5.186071 -2.950382
SCALE 1.000000 1.000000 1.000000
X -0.773245 -0.600964 0.202323
Y 0.631296 -0.759591 0.156482
Z 0.059643 0.248725 0.966736

PART 44
OFFSET 12.437829 -3.435397 -3.328838
SCALE 1.000000 1.000000 1.000000
X 0.799780 -0.545793 -0.249923
Y 0.474435 0.829786 -0.293882
Z 0.367781 0.116469 0.922590

PART 45
OFFSET 11.146522 -4.961138 -4.973193
SCALE 1.000000 1.000000 1.000000
X -0.298351 -0.953932 0.031648
Y 0.903154 -0.292884 -0.313897
Z 0.308705 -0.065068 0.948930

PART 46
OFFSET 11.843633 -5.069626 -4.446596
SCALE 1.000000 1.000000 1.000000
X -0.245040 -0.965047 -0.092950
Y 0.879608 -0.180973 -0.439931
Z 0.407733 -0.189560 0.893208

PART 47
OFFSET 10.454668 -3.630875 -1.449981
SCALE 1.000000 1.000000 1.000000
X -0.821368 -0.533981 0.200547
Y 0.046585 -0.413216 -0.909441
Z 0.568493 -0.737643 0.364278

PART 48
OFFSET 22.372357 -3.139581 -3.004572
SCALE 1.000000 1.000000 1.000000
X -0.247624 -0.965192 0.084180
Y -0.894631 0.194436 -0.402281
Z 0.371911 -0.174925 -0.911638

PART 49
OFFSET 22.704374 -3.353961 -3.627559
SCALE 1.000000 1.000000 1.000000
X -0.458900 -0.881029 0.114889
Y -0.884126 0.440016 -0.157186
Z 0.087932 -0.173709 -0.980864

PART 50
OFFSET 22.840751 -1.631312 -5.792023
SCALE 1.000000 1.000000 1.000000
X -0.285768 -0.942490 0.173347
Y -0.909055 0.209370 -0.360255
Z 0.303243 -0.260531 -0.916606

PART 51
OFFSET 23.061046 -1.914803 -4.782447
SCALE 1.000000 1.000000 1.000000
X -0.569684 -0.789962 0.226759
Y -0.800259 0.470329 -0.371990
Z 0.187206 -0.393383 -0.900113

PART 52
OFFSET 19.867610 -3.425763 -3.583977
SCALE 1.000000 1.000000 1.000000
X 0.241368 -0.940051 0.240926
Y -0.839651 -0.077828 0.537521
Z -0.486547 -0.332034 -0.808100

PART 53
OFFSET 15.042170 -4.323034 -3.119492
SCALE 1.000000 1.000000 1.000000
X -0.280725 -0.953310 0.111326
Y 0.959768 -0.278079 0.038948
Z -0.006172 0.117780 0.993020

PART 54
OFFSET 11.220052 -2.681511 -3.011428
SCALE 1.000000 1.000000 1.000000
X 0.892882 0.388921 -0.226942
Y -0.414473 0.906830 -0.076627
Z 0.175996 0.162481 0.970889

PART 55
OFFSET 11.569724 -3.585776 -5.012496
SCALE 1.000000 1.000000 1.000000
X 0.575679 -0.691141 -0.436942
Y 0.770177 0.637803 0.005864
Z 0.274630 -0.339898 0.899471

PART 56
OFFSET 12.255753 -3.387997 -4.272020
SCALE 1.000000 1.000000 1.000000
X 0.739913 -0.496964 -0.453382
Y 0.542123 0.839548 -0.035513
Z 0.398285 -0.219512 0.890608

PART 57
OFFSET 11.700236 -2.914634 -2.049094
SCALE 1.000000 1.000000 1.000000
X -0.660898 -0.169188 0.731156
Y -0.505806 -0.619313 -0.600510
Z 0.554414 -0.766699 0.323726

PART 58
OFFSET 22.092712 -4.229768 -2.909472
SCALE 1.000000 1.000000 1.000000
X 0.992906 0.089253 0.078553
Y -0.083092 0.993446 -0.078487
Z -0.085043 0.071403 0.993816

PART 59
OFFSET 22.185881 -4.353333 -3.504273
SCALE 1.000000 1.000000 1.000000
X 0.910295 0.406323 0.079146
Y -0.373667 0.888812 -0.265303
Z -0.178144 0.211930 0.960911

PART 60
OFFSET 22.606535 -2.296821 -5.654378
SCALE 1.000000 1.000000 1.000000
X -0.304792 -0.950105 0.066354
Y -0.875738 0.252183 -0.411688
Z 0.374413 -0.183588 -0.908906

PART 61
OFFSET 22.553856 -3.035265 -4.452177
SCALE 1.000000 1.000000 1.000000
X -0.478095 -0.878266 -0.008598
Y -0.836821 0.458463 -0.299237
Z 0.266752 -0.135869 -0.954140

PART 62
OFFSET 20.092054 -4.458873 -3.351288
SCALE 1.000000 1.000000 1.000000
X 0.317643 -0.496696 0.807711
Y 0.481400 0.818355 0.313925
Z -0.816920 0.289116 0.499054

PART 63
OFFSET 15.359283 -3.246318 -3.245205
SCALE 1.000000 1.000000 1.000000
X -0.776614 0.594403 0.208702
Y 0.553118 0.801935 -0.225744
Z -0.301548 -0.059879 -0.951569

PART 64
OFFSET 10.207264 -3.122534 -2.761301
SCALE 1.000000 1.000000 1.000000
X -0.431873 -0.888214 0.156719
Y -0.876763 0.454198 0.158084
Z -0.211594 -0.069133 -0.974909

PART 65
OFFSET 11.075427 -2.985032 -4.635029
SCALE 1.000000 1.000000 1.000000
X 0.905437 0.123788 -0.406031
Y 0.059142 0.910415 0.409447
Z 0.420341 -0.394742 0.817002

PART 66
OFFSET 11.173249 -2.759330 -3.655110
SCALE 1.000000 1.000000 1.000000
X 0.890827 0.429442 -0.148346
Y -0.373399 0.878012 0.299446
Z 0.258844 -0.211362 0.942510

PART 67
OFFSET 12.398203 -2.686063 -2.844386
SCALE 1.000000 1.000000 1.000000
X -0.948239 0.239942 0.208018
Y 0.111815 0.865379 -0.488485
Z -0.297222 -0.439940 -0.847415

PART 68
OFFSET 22.316975 -3.199445 -5.591339
SCALE 1.000000 1.000000 1.000000
X 0.728185 0.595078 0.340044
Y -0.417808 0.778708 -0.468029
Z -0.543308 0.198738 0.815671

PART 69
OFFSET 22.035413 -3.987727 -4.461497
SCALE 1.000000 1.000000 1.000000
X 0.883852 0.450314 0.126581
Y -0.421831 0.884263 -0.200344
Z -0.202148 0.123678 0.971514

PART 70
OFFSET 10.215225 -3.102630 -4.249298
SCALE 1.000000 1.000000 1.000000
X -0.790801 -0.608561 -0.065476
Y -0.485095 0.557914 0.673361
Z -0.373252 0.564257 -0.736409

PART 71
OFFSET 10.207109 -3.225030 -3.494187
SCALE 1.000000 1.000000 1.000000
X -0.502562 -0.864540 0.001235
Y -0.826956 0.481130 0.290960
Z -0.252141 0.145204 -0.956734

PART 72
OFFSET 0.000000 0.000000 0.000000
