// Export time: Sun Jun 12 22:38:11 2022

ANIMATION
VERSION 3

NUMPARTS 77
PART 0 "tag_torso"
PART 1 "j_shoulder_le"
PART 2 "j_shoulder_ri"
PART 3 "tag_weapon"
PART 4 "tag_weapon1"
PART 5 "j_elbow_le"
PART 6 "j_elbow_ri"
PART 7 "j_gun"
PART 8 "j_sleave_reshape_bottom_le_1"
PART 9 "j_sleave_reshape_bottom_le_2"
PART 10 "j_sleave_reshape_top_le_1"
PART 11 "j_sleave_reshape_top_le_2"
PART 12 "j_sleave_reshape_top_le_3"
PART 13 "j_wrist_le"
PART 14 "j_wristtwist_le"
PART 15 "j_sleave_reshape_top_ri_1"
PART 16 "j_sleave_reshape_top_ri_2"
PART 17 "j_sleave_reshape_top_ri_3"
PART 18 "j_wrist_ri"
PART 19 "j_wristtwist_ri"
PART 20 "tag_bolt_animate"
PART 21 "tag_brass"
PART 22 "tag_bullet_animate"
PART 23 "tag_flash"
PART 24 "tag_extended_mag_attach_animate"
PART 25 "j_index_le_0"
PART 26 "j_mid_le_0"
PART 27 "j_pinkypalm_le"
PART 28 "j_ringpalm_le"
PART 29 "j_thumb_le_0"
PART 30 "j_webbing_le"
PART 31 "tag_knife_attach"
PART 32 "j_index_ri_0"
PART 33 "j_mid_ri_0"
PART 34 "j_pinkypalm_ri"
PART 35 "j_ringpalm_ri"
PART 36 "j_thumb_ri_0"
PART 37 "j_webbing_ri"
PART 38 "tag_extended_mag_bullet_attach_animate"
PART 39 "j_index_le_1"
PART 40 "j_mid_le_1"
PART 41 "j_pinky_le_0"
PART 42 "j_ring_le_0"
PART 43 "j_thumb_le_1"
PART 44 "j_index_ri_1"
PART 45 "j_mid_ri_1"
PART 46 "j_pinky_ri_0"
PART 47 "j_ring_ri_0"
PART 48 "j_thumb_ri_1"
PART 49 "j_index_le_2"
PART 50 "j_mid_le_2"
PART 51 "j_pinky_le_1"
PART 52 "j_ring_le_1"
PART 53 "j_thumb_le_2"
PART 54 "j_index_ri_2"
PART 55 "j_mid_ri_2"
PART 56 "j_pinky_ri_1"
PART 57 "j_ring_ri_1"
PART 58 "j_thumb_ri_2"
PART 59 "j_index_le_3"
PART 60 "j_mid_le_3"
PART 61 "j_pinky_le_2"
PART 62 "j_ring_le_2"
PART 63 "j_thumb_le_3"
PART 64 "j_index_ri_3"
PART 65 "j_mid_ri_3"
PART 66 "j_pinky_ri_2"
PART 67 "j_ring_ri_2"
PART 68 "j_thumb_ri_3"
PART 69 "j_pinky_le_3"
PART 70 "j_ring_le_3"
PART 71 "j_pinky_ri_3"
PART 72 "j_ring_ri_3"
PART 73 "tag_cambone"
PART 74 "tag_camera"
PART 75 "tag_gasmask"
PART 76 "tag_gasmask2"

FRAMERATE 30
NUMFRAMES 6
FRAME 0
PART 0
OFFSET 0.000000 0.000000 0.000000
SCALE 1.000000 1.000000 1.000000
X 1.000000 0.000000 0.000000
Y 0.000000 1.000000 0.000000
Z 0.000000 0.000000 1.000000

PART 1
OFFSET -1.120055 6.800090 -0.998211
SCALE 1.000000 1.000000 1.000000
X 0.806770 -0.070165 -0.586684
Y -0.085817 -0.996310 0.001145
Z -0.584600 0.049423 -0.809815

PART 2
OFFSET -8.605256 -9.866200 3.909407
SCALE 1.000000 1.000000 1.000000
X -0.516624 -0.120916 0.847631
Y -0.274402 -0.914379 -0.297683
Z 0.811051 -0.386382 0.439210

PART 3
OFFSET 13.936019 -3.827578 -3.944837
SCALE 1.000000 1.000000 1.000000
X 1.000000 0.000000 0.000000
Y 0.000000 1.000000 0.000000
Z 0.000000 0.000000 1.000000

PART 4
OFFSET 13.908927 18.076323 -17.331985
SCALE 1.000000 1.000000 1.000000
X 0.998737 0.041892 -0.027740
Y 0.021387 0.145113 0.989184
Z 0.045465 -0.988528 0.144033

PART 5
OFFSET 8.525252 5.814688 -7.870086
SCALE 1.000000 1.000000 1.000000
X 0.860599 -0.459061 0.220528
Y -0.376540 -0.281981 0.882442
Z -0.342910 -0.842466 -0.415528

PART 6
OFFSET -2.290863 -8.504086 -6.967615
SCALE 1.000000 1.000000 1.000000
X -0.913804 -0.211966 -0.346457
Y 0.325431 0.128269 -0.936825
Z 0.243015 -0.968823 -0.048233

PART 7
OFFSET 13.936019 -3.827578 -3.944837
SCALE 1.000000 1.000000 1.000000
X 1.000000 0.000000 0.000000
Y 0.000000 1.000000 0.000000
Z 0.000000 0.000000 1.000000

PART 8
OFFSET 17.752307 2.322244 -6.245697
SCALE 1.000000 1.000000 1.000000
X 0.863763 -0.455075 0.216380
Y 0.345860 0.847708 0.402210
Z -0.366463 -0.272576 0.889611

PART 9
OFFSET 16.940110 1.183400 -7.182197
SCALE 1.000000 1.000000 1.000000
X 0.863763 -0.455075 0.216380
Y 0.345860 0.847708 0.402210
Z -0.366463 -0.272576 0.889611

PART 10
OFFSET 17.210022 1.272164 -3.934974
SCALE 1.000000 1.000000 1.000000
X 0.863763 -0.455075 0.216380
Y 0.345860 0.847708 0.402210
Z -0.366463 -0.272576 0.889611

PART 11
OFFSET 16.588779 0.140943 -4.316937
SCALE 1.000000 1.000000 1.000000
X 0.863763 -0.455075 0.216380
Y 0.345860 0.847708 0.402210
Z -0.366463 -0.272576 0.889611

PART 12
OFFSET 16.411610 0.077021 -5.500242
SCALE 1.000000 1.000000 1.000000
X 0.863763 -0.455075 0.216380
Y 0.345860 0.847708 0.402210
Z -0.366463 -0.272576 0.889611

PART 13
OFFSET 18.430376 0.531345 -5.450436
SCALE 1.000000 1.000000 1.000000
X 0.894069 -0.254522 0.368589
Y -0.434718 -0.294676 0.850991
Z -0.107982 -0.921078 -0.374106

PART 14
OFFSET 15.874842 1.981204 -5.914577
SCALE 1.000000 1.000000 1.000000
X 0.874234 -0.448358 0.186252
Y -0.181121 0.054746 0.981936
Z -0.450455 -0.892176 -0.033346

PART 15
OFFSET 6.945911 -7.245943 -2.003476
SCALE 1.000000 1.000000 1.000000
X -0.916390 -0.210094 -0.340720
Y -0.245093 0.967474 0.062634
Z 0.316479 0.140906 -0.938076

PART 16
OFFSET 6.462748 -6.011276 -1.771858
SCALE 1.000000 1.000000 1.000000
X -0.916390 -0.210094 -0.340720
Y -0.245093 0.967474 0.062634
Z 0.316479 0.140906 -0.938076

PART 17
OFFSET 6.276685 -5.382202 -2.774535
SCALE 1.000000 1.000000 1.000000
X -0.916390 -0.210094 -0.340720
Y -0.245093 0.967474 0.062634
Z 0.316479 0.140906 -0.938076

PART 18
OFFSET 8.360644 -6.009149 -2.802421
SCALE 1.000000 1.000000 1.000000
X -0.962655 -0.223004 0.153505
Y -0.085757 -0.286629 -0.954196
Z 0.256789 -0.931726 0.256801

PART 19
OFFSET 5.489521 -6.735000 -4.003006
SCALE 1.000000 1.000000 1.000000
X -0.918677 -0.212298 -0.333108
Y 0.273352 0.267081 -0.924092
Z 0.285150 -0.939998 -0.187329

PART 20
OFFSET 16.109640 -3.827795 -0.666516
SCALE 1.000000 1.000000 1.000000
X 1.000000 0.000000 0.000000
Y 0.000000 1.000000 0.000000
Z 0.000000 0.000000 1.000000

PART 21
OFFSET 20.353162 -3.816208 -0.354211
SCALE 1.000000 1.000000 1.000000
X 0.000000 -0.866099 0.499872
Y 1.000000 0.000000 0.000000
Z -0.000000 0.499872 0.866099

PART 22
OFFSET 20.898669 -3.827578 -1.249670
SCALE 1.000000 1.000000 1.000000
X 1.000000 0.000000 0.000000
Y 0.000000 1.000000 0.000000
Z 0.000000 0.000000 1.000000

PART 23
OFFSET 32.500769 -3.827843 -0.778541
SCALE 1.000000 1.000000 1.000000
X 1.000000 0.000000 0.000000
Y 0.000000 1.000000 0.000000
Z 0.000000 0.000000 1.000000

PART 24
OFFSET 13.936019 -3.827578 -3.944837
SCALE 1.000000 1.000000 1.000000
X 1.000000 0.000000 0.000000
Y 0.000000 1.000000 0.000000
Z 0.000000 0.000000 1.000000

PART 25
OFFSET 21.635935 -0.419674 -3.244158
SCALE 1.000000 1.000000 1.000000
X 0.420710 -0.900640 0.108865
Y -0.768244 -0.417521 -0.485261
Z 0.482498 0.120519 -0.867566

PART 26
OFFSET 22.031806 -0.189297 -4.264425
SCALE 1.000000 1.000000 1.000000
X 0.186187 -0.947777 0.258946
Y -0.859327 -0.284859 -0.424750
Z 0.476331 -0.143437 -0.867488

PART 27
OFFSET 19.691439 0.539459 -6.363154
SCALE 1.000000 1.000000 1.000000
X 0.878170 -0.475484 0.052272
Y -0.478019 -0.868258 0.132759
Z -0.017740 -0.141572 -0.989769

PART 28
OFFSET 19.601020 0.451822 -5.441848
SCALE 1.000000 1.000000 1.000000
X 0.924551 -0.369346 0.093748
Y -0.352422 -0.922361 -0.158270
Z 0.144926 0.113290 -0.982935

PART 29
OFFSET 18.396800 -0.178647 -4.780119
SCALE 1.000000 1.000000 1.000000
X 0.135425 -0.906568 0.399744
Y -0.898256 0.057909 0.435640
Z -0.418086 -0.418069 -0.806488

PART 30
OFFSET 20.438416 -1.214853 -3.163537
SCALE 1.000000 1.000000 1.000000
X 0.895271 -0.438602 0.078223
Y 0.346018 0.795116 0.498057
Z -0.280645 -0.418830 0.863609

PART 31
OFFSET 20.924088 -1.403515 -5.479834
SCALE 1.000000 1.000000 1.000000
X 0.088971 0.365902 -0.926391
Y 0.108019 0.921049 0.374166
Z 0.990160 -0.133357 0.042423

PART 32
OFFSET 12.254747 -5.307759 -2.553771
SCALE 1.000000 1.000000 1.000000
X -0.957065 -0.136462 0.255745
Y 0.254008 -0.819897 0.513078
Z 0.139669 0.556010 0.819357

PART 33
OFFSET 12.088334 -5.378415 -3.686037
SCALE 1.000000 1.000000 1.000000
X -0.032919 -0.988274 -0.149103
Y 0.985659 -0.007396 -0.168590
Z 0.165510 -0.152515 0.974344

PART 34
OFFSET 9.042994 -5.954802 -4.031385
SCALE 1.000000 1.000000 1.000000
X -0.759442 -0.440957 0.478336
Y 0.524802 -0.849763 0.049855
Z 0.384488 0.288894 0.876761

PART 35
OFFSET 9.322923 -5.855284 -3.385303
SCALE 1.000000 1.000000 1.000000
X -0.868135 -0.317296 0.381660
Y 0.421048 -0.877959 0.227830
Z 0.262793 0.358484 0.895784

PART 36
OFFSET 8.798662 -5.245514 -2.128305
SCALE 1.000000 1.000000 1.000000
X -0.648847 -0.718081 -0.251709
Y 0.358506 0.003288 -0.933522
Z 0.671171 -0.695952 0.255303

PART 37
OFFSET 4.564381 -7.194292 -1.219034
SCALE 1.000000 1.000000 1.000000
X -0.817779 -0.413463 0.400357
Y -0.528576 0.814769 -0.238241
Z -0.227694 -0.406447 -0.884848

PART 38
OFFSET 13.936019 -3.827539 -1.344884
SCALE 1.000000 1.000000 1.000000
X 1.000000 0.000000 0.000000
Y 0.000000 1.000000 0.000000
Z 0.000000 0.000000 1.000000

PART 39
OFFSET 22.359000 -2.016365 -3.084560
SCALE 1.000000 1.000000 1.000000
X -0.419642 -0.898922 -0.125852
Y -0.793385 0.430611 -0.430250
Z 0.440955 -0.080702 -0.893894

PART 40
OFFSET 22.433609 -1.993817 -3.759207
SCALE 1.000000 1.000000 1.000000
X -0.178584 -0.983914 -0.004698
Y -0.979403 0.178218 -0.094909
Z 0.094219 -0.012347 -0.995475

PART 41
OFFSET 21.639498 -0.558391 -6.078573
SCALE 1.000000 1.000000 1.000000
X 0.635027 -0.753131 0.171854
Y -0.747382 -0.655248 -0.109862
Z 0.195348 -0.058676 -0.978977

PART 42
OFFSET 22.025544 -0.488121 -5.334263
SCALE 1.000000 1.000000 1.000000
X 0.426882 -0.848356 0.313153
Y -0.873710 -0.476237 -0.099144
Z 0.233244 -0.231282 -0.944514

PART 43
OFFSET 18.616805 -2.219261 -3.909971
SCALE 1.000000 1.000000 1.000000
X 0.713926 -0.677188 0.178119
Y -0.655294 -0.556493 0.510789
Z -0.246778 -0.481386 -0.841052

PART 44
OFFSET 13.910834 -5.189306 -3.006468
SCALE 1.000000 1.000000 1.000000
X -0.773662 -0.600817 0.201163
Y 0.630891 -0.759817 0.157017
Z 0.058508 0.248390 0.966891

PART 45
OFFSET 12.135722 -3.438018 -3.386564
SCALE 1.000000 1.000000 1.000000
X 0.799940 -0.545932 -0.249107
Y 0.475030 0.829751 -0.293018
Z 0.366665 0.116064 0.923085

PART 46
OFFSET 10.846001 -4.962867 -5.033015
SCALE 1.000000 1.000000 1.000000
X -0.298653 -0.953859 0.030963
Y 0.903463 -0.293030 -0.312869
Z 0.307506 -0.065466 0.949291

PART 47
OFFSET 11.542432 -5.071730 -4.505574
SCALE 1.000000 1.000000 1.000000
X -0.245191 -0.964949 -0.093572
Y 0.880104 -0.181072 -0.438896
Z 0.406569 -0.189967 0.893652

PART 48
OFFSET 10.150120 -3.633596 -1.510215
SCALE 1.000000 1.000000 1.000000
X -0.821764 -0.533819 0.199349
Y 0.047603 -0.412930 -0.909518
Z 0.567835 -0.737920 0.364742

PART 49
OFFSET 22.067761 -3.140462 -3.049412
SCALE 1.000000 1.000000 1.000000
X -0.247791 -0.965244 0.083087
Y -0.894004 0.194769 -0.403513
Z 0.373305 -0.174267 -0.911194

PART 50
OFFSET 22.400732 -3.354417 -3.672063
SCALE 1.000000 1.000000 1.000000
X -0.459111 -0.881094 0.113533
Y -0.883866 0.440168 -0.158221
Z 0.089434 -0.172989 -0.980855

PART 51
OFFSET 22.540518 -1.630166 -5.835018
SCALE 1.000000 1.000000 1.000000
X -0.286072 -0.942606 0.172212
Y -0.908491 0.209673 -0.361498
Z 0.304642 -0.259867 -0.916331

PART 52
OFFSET 22.759275 -1.914404 -4.825296
SCALE 1.000000 1.000000 1.000000
X -0.570064 -0.790106 0.225300
Y -0.799667 0.470636 -0.372873
Z 0.188575 -0.392727 -0.900114

PART 53
OFFSET 19.563946 -3.426152 -3.632863
SCALE 1.000000 1.000000 1.000000
X 0.240960 -0.940238 0.240604
Y -0.840480 -0.078190 0.536171
Z -0.485316 -0.331418 -0.809092

PART 54
OFFSET 14.739561 -4.326440 -3.174274
SCALE 1.000000 1.000000 1.000000
X -0.281127 -0.953269 0.110663
Y 0.959642 -0.278357 0.040050
Z -0.007375 0.117456 0.993051

PART 55
OFFSET 10.917750 -2.683900 -3.070417
SCALE 1.000000 1.000000 1.000000
X 0.893271 0.388749 -0.225703
Y -0.414127 0.906970 -0.076844
Z 0.174833 0.162113 0.971161

PART 56
OFFSET 11.269637 -3.587624 -5.071332
SCALE 1.000000 1.000000 1.000000
X 0.576031 -0.691157 -0.436453
Y 0.770345 0.637588 0.007032
Z 0.273417 -0.340270 0.899700

PART 57
OFFSET 11.954811 -3.390262 -4.329921
SCALE 1.000000 1.000000 1.000000
X 0.740340 -0.497019 -0.452625
Y 0.542398 0.839410 -0.034563
Z 0.397116 -0.219915 0.891031

PART 58
OFFSET 11.396621 -2.917499 -2.107554
SCALE 1.000000 1.000000 1.000000
X -0.661853 -0.169245 0.730278
Y -0.505230 -0.618975 -0.601342
Z 0.553799 -0.766959 0.324163

PART 59
OFFSET 21.787926 -4.230708 -2.955547
SCALE 1.000000 1.000000 1.000000
X 0.992788 0.089155 0.080146
Y -0.082932 0.993507 -0.077881
Z -0.086569 0.070673 0.993736

PART 60
OFFSET 21.882011 -4.353859 -3.550312
SCALE 1.000000 1.000000 1.000000
X 0.910189 0.406227 0.080845
Y -0.373223 0.889023 -0.265222
Z -0.179614 0.211228 0.960792

PART 61
OFFSET 22.306061 -2.295773 -5.698222
SCALE 1.000000 1.000000 1.000000
X -0.304931 -0.950141 0.065184
Y -0.875094 0.252523 -0.412848
Z 0.375803 -0.182933 -0.908464

PART 62
OFFSET 22.251536 -3.035085 -4.496627
SCALE 1.000000 1.000000 1.000000
X -0.478116 -0.878240 -0.009981
Y -0.836341 0.458718 -0.300186
Z 0.268214 -0.135176 -0.953829

PART 63
OFFSET 19.787991 -4.459442 -3.400592
SCALE 1.000000 1.000000 1.000000
X 0.316380 -0.497304 0.807832
Y 0.480949 0.818104 0.315268
Z -0.817675 0.288781 0.498010

PART 64
OFFSET 15.057127 -3.249770 -3.299238
SCALE 1.000000 1.000000 1.000000
X -0.776709 0.594549 0.207932
Y 0.553620 0.801856 -0.224791
Z -0.300381 -0.059482 -0.951963

PART 65
OFFSET 9.904529 -3.124726 -2.821695
SCALE 1.000000 1.000000 1.000000
X -0.432313 -0.888146 0.155889
Y -0.876833 0.454389 0.157143
Z -0.210400 -0.068754 -0.975195

PART 66
OFFSET 10.775042 -2.986872 -4.694280
SCALE 1.000000 1.000000 1.000000
X 0.905975 0.123671 -0.404863
Y 0.058884 0.910264 0.409820
Z 0.419215 -0.395127 0.817394

PART 67
OFFSET 10.871719 -2.761496 -3.714153
SCALE 1.000000 1.000000 1.000000
X 0.891130 0.429244 -0.147096
Y -0.373529 0.878017 0.299270
Z 0.257613 -0.211743 0.942762

PART 68
OFFSET 12.095641 -2.688860 -2.901902
SCALE 1.000000 1.000000 1.000000
X -0.948430 0.240136 0.206917
Y 0.112662 0.865508 -0.488060
Z -0.296289 -0.439580 -0.847928

PART 69
OFFSET 22.016369 -3.198431 -5.636294
SCALE 1.000000 1.000000 1.000000
X 0.727684 0.594797 0.341602
Y -0.417057 0.779070 -0.468096
Z -0.544554 0.198159 0.814981

PART 70
OFFSET 21.733070 -3.987519 -4.507448
SCALE 1.000000 1.000000 1.000000
X 0.883674 0.450184 0.128272
Y -0.421487 0.884428 -0.200340
Z -0.203637 0.122970 0.971293

PART 71
OFFSET 9.914329 -3.104359 -4.309658
SCALE 1.000000 1.000000 1.000000
X -0.790887 -0.608321 -0.066660
Y -0.485778 0.557826 0.672941
Z -0.372179 0.564602 -0.736687

PART 72
OFFSET 9.905251 -3.226982 -3.554585
SCALE 1.000000 1.000000 1.000000
X -0.502802 -0.864402 0.000325
Y -0.827185 0.481263 0.290090
Z -0.250911 0.145588 -0.956999

PART 73
OFFSET 0.000000 0.000000 0.000000
SCALE 1.000000 1.000000 1.000000
X 1.000000 0.000000 0.000000
Y 0.000000 1.000000 0.000000
Z 0.000000 0.000000 1.000000

PART 74
OFFSET 0.000000 0.000000 0.000000
SCALE 1.000000 1.000000 1.000000
X 1.000000 0.000000 0.000000
Y 0.000000 1.000000 0.000000
Z 0.000000 0.000000 1.000000

PART 75
OFFSET 1.540551 0.000000 4.135826
SCALE 1.000000 1.000000 1.000000
X 1.000000 0.000000 0.000000
Y 0.000000 1.000000 0.000000
Z 0.000000 0.000000 1.000000

PART 76
OFFSET -4.631835 0.000000 -1.376957
SCALE 1.000000 1.000000 1.000000
X 1.000000 0.000000 0.000000
Y 0.000000 1.000000 0.000000
Z 0.000000 0.000000 1.000000

FRAME 1
PART 0
OFFSET 0.000000 0.000000 0.000000
SCALE 1.000000 1.000000 1.000000
X 1.000000 0.000000 0.000000
Y 0.000000 1.000000 0.000000
Z 0.000000 0.000000 1.000000

PART 1
OFFSET -0.853811 6.541673 -0.867634
SCALE 1.000000 1.000000 1.000000
X 0.751687 0.017110 -0.659298
Y -0.020486 -0.998575 -0.049273
Z -0.659201 0.050544 -0.750266

PART 2
OFFSET -8.215213 -9.725748 3.969575
SCALE 1.000000 1.000000 1.000000
X -0.405775 -0.081302 0.910350
Y -0.306202 -0.926382 -0.219219
Z 0.861155 -0.367705 0.351007

PART 3
OFFSET 12.662894 -3.841004 -4.121752
SCALE 1.000000 1.000000 1.000000
X 0.999890 -0.003818 0.014305
Y 0.002500 0.995844 0.091043
Z -0.014593 -0.090997 0.995744

PART 4
OFFSET 13.908927 18.076323 -17.331985
SCALE 1.000000 1.000000 1.000000
X 0.998737 0.041892 -0.027740
Y 0.021387 0.145113 0.989184
Z 0.045465 -0.988528 0.144033

PART 5
OFFSET 8.377508 6.911715 -9.109280
SCALE 1.000000 1.000000 1.000000
X 0.766085 -0.541075 0.346917
Y -0.512141 -0.187739 0.838132
Z -0.388362 -0.819751 -0.420931

PART 6
OFFSET -3.229615 -8.922162 -8.057444
SCALE 1.000000 1.000000 1.000000
X -0.883378 -0.242082 -0.401297
Y 0.375198 0.147801 -0.915086
Z 0.280838 -0.958932 -0.039736

PART 7
OFFSET 12.662894 -3.841004 -4.121752
SCALE 1.000000 1.000000 1.000000
X 0.999890 -0.003818 0.014305
Y 0.002500 0.995844 0.091043
Z -0.014593 -0.090997 0.995744

PART 8
OFFSET 16.852637 2.487253 -6.181711
SCALE 1.000000 1.000000 1.000000
X 0.770185 -0.537712 0.343046
Y 0.393517 0.823874 0.407893
Z -0.501956 -0.179159 0.846134

PART 9
OFFSET 16.029701 1.397958 -7.166534
SCALE 1.000000 1.000000 1.000000
X 0.770185 -0.537712 0.343046
Y 0.393517 0.823874 0.407893
Z -0.501956 -0.179159 0.846134

PART 10
OFFSET 15.911377 1.635944 -3.917758
SCALE 1.000000 1.000000 1.000000
X 0.770185 -0.537712 0.343046
Y 0.393517 0.823874 0.407893
Z -0.501956 -0.179159 0.846134

PART 11
OFFSET 15.210064 0.563323 -4.329028
SCALE 1.000000 1.000000 1.000000
X 0.770185 -0.537712 0.343046
Y 0.393517 0.823874 0.407893
Z -0.501956 -0.179159 0.846134

PART 12
OFFSET 15.171742 0.454252 -5.521639
SCALE 1.000000 1.000000 1.000000
X 0.770185 -0.537712 0.343046
Y 0.393517 0.823874 0.407893
Z -0.501956 -0.179159 0.846134

PART 13
OFFSET 17.188682 0.618153 -5.157988
SCALE 1.000000 1.000000 1.000000
X 0.887931 -0.290275 0.356819
Y -0.447857 -0.368670 0.814559
Z -0.104898 -0.883076 -0.457355

PART 14
OFFSET 14.913775 2.365350 -6.092094
SCALE 1.000000 1.000000 1.000000
X 0.781801 -0.534381 0.321287
Y -0.340370 0.065978 0.937974
Z -0.522433 -0.842665 -0.130306

PART 15
OFFSET 5.645828 -7.371191 -2.547037
SCALE 1.000000 1.000000 1.000000
X -0.886365 -0.240352 -0.395712
Y -0.283711 0.957389 0.053980
Z 0.365877 0.160114 -0.916787

PART 16
OFFSET 5.104847 -6.156840 -2.336829
SCALE 1.000000 1.000000 1.000000
X -0.886365 -0.240352 -0.395712
Y -0.283711 0.957389 0.053980
Z 0.365877 0.160114 -0.916787

PART 17
OFFSET 4.955286 -5.526589 -3.344862
SCALE 1.000000 1.000000 1.000000
X -0.886365 -0.240352 -0.395712
Y -0.283711 0.957389 0.053980
Z 0.365877 0.160114 -0.916787

PART 18
OFFSET 7.062023 -6.090058 -3.261943
SCALE 1.000000 1.000000 1.000000
X -0.965272 -0.232872 0.118404
Y -0.071967 -0.198664 -0.977422
Z 0.251137 -0.952000 0.175006

PART 19
OFFSET 4.297598 -6.920383 -4.617890
SCALE 1.000000 1.000000 1.000000
X -0.892298 -0.244172 -0.379715
Y 0.276072 0.370371 -0.886910
Z 0.357194 -0.896217 -0.263072

PART 20
OFFSET 16.306211 -4.153661 -0.804627
SCALE 1.000000 1.000000 1.000000
X 0.999890 -0.003818 0.014305
Y 0.002500 0.995844 0.091043
Z -0.014593 -0.090997 0.995744

PART 21
OFFSET 19.026965 -4.180917 -0.453577
SCALE 1.000000 1.000000 1.000000
X -0.009460 -0.907987 0.418892
Y 0.999890 -0.003818 0.014305
Z -0.011389 0.418982 0.907923

PART 22
OFFSET 19.585451 -4.112838 -1.338458
SCALE 1.000000 1.000000 1.000000
X 0.999890 -0.003818 0.014305
Y 0.002500 0.995844 0.091043
Z -0.014593 -0.090997 0.995744

PART 23
OFFSET 31.179403 -4.200266 -0.703395
SCALE 1.000000 1.000000 1.000000
X 0.999890 -0.003818 0.014305
Y 0.002500 0.995844 0.091043
Z -0.014593 -0.090997 0.995744

PART 24
OFFSET 12.662894 -3.841004 -4.121752
SCALE 1.000000 1.000000 1.000000
X 0.999890 -0.003818 0.014305
Y 0.002500 0.995844 0.091043
Z -0.014593 -0.090997 0.995744

PART 25
OFFSET 20.359216 -0.540845 -3.001104
SCALE 1.000000 1.000000 1.000000
X 0.416738 -0.908427 0.032999
Y -0.762159 -0.368961 -0.531960
Z 0.495422 0.196538 -0.846127

PART 26
OFFSET 20.770534 -0.220764 -3.990598
SCALE 1.000000 1.000000 1.000000
X 0.179928 -0.968018 0.174834
Y -0.853772 -0.241956 -0.461012
Z 0.488570 -0.066319 -0.870001

PART 27
OFFSET 18.462951 0.703787 -6.048103
SCALE 1.000000 1.000000 1.000000
X 0.876077 -0.481686 0.021624
Y -0.482157 -0.874830 0.046866
Z -0.003657 -0.051484 -0.998667

PART 28
OFFSET 18.358866 0.533611 -5.139882
SCALE 1.000000 1.000000 1.000000
X 0.922123 -0.379912 0.073186
Y -0.352466 -0.902903 -0.246037
Z 0.159552 0.201080 -0.966494

PART 29
OFFSET 17.143483 -0.149370 -4.555155
SCALE 1.000000 1.000000 1.000000
X 0.127223 -0.939503 0.318040
Y -0.904366 0.021812 0.426199
Z -0.407352 -0.341847 -0.846879

PART 30
OFFSET 19.158589 -1.335376 -3.009842
SCALE 1.000000 1.000000 1.000000
X 0.892893 -0.447367 0.051046
Y 0.340773 0.745501 0.572802
Z -0.294307 -0.494056 0.818103

PART 31
OFFSET 19.677530 -1.315854 -5.326526
SCALE 1.000000 1.000000 1.000000
X 0.103433 0.447766 -0.888148
Y 0.104934 0.883042 0.457412
Z 0.989086 -0.140509 0.044350

PART 32
OFFSET 10.956705 -5.422868 -2.894798
SCALE 1.000000 1.000000 1.000000
X -0.960104 -0.193240 0.202137
Y 0.262480 -0.872074 0.413026
Z 0.096465 0.449605 0.888003

PART 33
OFFSET 10.803747 -5.393935 -4.029530
SCALE 1.000000 1.000000 1.000000
X -0.032551 -0.970574 -0.238591
Y 0.988062 0.004715 -0.153982
Z 0.150576 -0.240755 0.958835

PART 34
OFFSET 7.762846 -5.926738 -4.470695
SCALE 1.000000 1.000000 1.000000
X -0.767372 -0.480035 0.425097
Y 0.522381 -0.852485 -0.019670
Z 0.371831 0.206968 0.904934

PART 35
OFFSET 8.033234 -5.887112 -3.814184
SCALE 1.000000 1.000000 1.000000
X -0.874367 -0.347767 0.338439
Y 0.415914 -0.896362 0.153461
Z 0.249996 0.274942 0.928390

PART 36
OFFSET 7.491320 -5.392108 -2.514948
SCALE 1.000000 1.000000 1.000000
X -0.646357 -0.690191 -0.325360
Y 0.372484 0.086740 -0.923976
Z 0.665942 -0.718409 0.201021

PART 37
OFFSET 3.240178 -7.401521 -1.848842
SCALE 1.000000 1.000000 1.000000
X -0.824480 -0.445396 0.349078
Y -0.523394 0.834726 -0.171147
Z -0.215157 -0.323813 -0.921332

PART 38
OFFSET 12.624953 -4.077554 -1.532860
SCALE 1.000000 1.000000 1.000000
X 0.999890 -0.003818 0.014305
Y 0.002500 0.995844 0.091043
Z -0.014593 -0.090997 0.995744

PART 39
OFFSET 21.075730 -2.148236 -2.976190
SCALE 1.000000 1.000000 1.000000
X -0.420091 -0.882228 -0.212598
Y -0.785900 0.470821 -0.400860
Z 0.453745 -0.001317 -0.891130

PART 40
OFFSET 21.160236 -2.065109 -3.644899
SCALE 1.000000 1.000000 1.000000
X -0.181048 -0.978759 -0.096188
Y -0.977448 0.189887 -0.092406
Z 0.108708 0.077289 -0.991065

PART 41
OFFSET 20.403794 -0.422883 -5.836111
SCALE 1.000000 1.000000 1.000000
X 0.630495 -0.768052 0.112125
Y -0.747396 -0.639718 -0.179331
Z 0.209464 0.029265 -0.977378

PART 42
OFFSET 20.779114 -0.421665 -5.083051
SCALE 1.000000 1.000000 1.000000
X 0.420063 -0.874842 0.241244
Y -0.873402 -0.461916 -0.154281
Z 0.246406 -0.145895 -0.958123

PART 43
OFFSET 17.345468 -2.261107 -3.870005
SCALE 1.000000 1.000000 1.000000
X 0.709490 -0.693294 0.126358
Y -0.664122 -0.597810 0.448960
Z -0.235723 -0.402450 -0.884573

PART 44
OFFSET 12.637890 -5.125236 -3.269316
SCALE 1.000000 1.000000 1.000000
X -0.627010 -0.776534 0.062075
Y 0.778966 -0.624121 0.060699
Z -0.008392 0.086413 0.996224

PART 45
OFFSET 10.850314 -3.488841 -3.554637
SCALE 1.000000 1.000000 1.000000
X 0.802552 -0.523698 -0.285746
Y 0.480948 0.851350 -0.209504
Z 0.352986 0.030709 0.935124

PART 46
OFFSET 9.582565 -4.853947 -5.351478
SCALE 1.000000 1.000000 1.000000
X -0.300893 -0.951763 -0.060093
Y 0.907501 -0.266395 -0.324771
Z 0.293097 -0.152256 0.943882

PART 47
OFFSET 10.270792 -5.012443 -4.825850
SCALE 1.000000 1.000000 1.000000
X -0.245588 -0.951690 -0.184317
Y 0.886248 -0.143397 -0.440456
Z 0.392747 -0.271521 0.878650

PART 48
OFFSET 8.836403 -3.847265 -1.733307
SCALE 1.000000 1.000000 1.000000
X -0.825676 -0.547020 0.137947
Y 0.060467 -0.328927 -0.942417
Z 0.560895 -0.769790 0.304664

PART 49
OFFSET 20.781093 -3.269765 -3.046986
SCALE 1.000000 1.000000 1.000000
X -0.251481 -0.967829 -0.008073
Y -0.887510 0.233923 -0.396997
Z 0.386113 -0.092672 -0.917785

PART 50
OFFSET 21.122562 -3.427878 -3.681604
SCALE 1.000000 1.000000 1.000000
X -0.463004 -0.885950 0.026830
Y -0.880317 0.456111 -0.130403
Z 0.103293 -0.083996 -0.991098

PART 51
OFFSET 21.298379 -1.515789 -5.677589
SCALE 1.000000 1.000000 1.000000
X -0.290999 -0.953187 0.082176
Y -0.902570 0.245026 -0.354018
Z 0.317310 -0.177189 -0.931621

PART 52
OFFSET 21.501635 -1.890957 -4.694676
SCALE 1.000000 1.000000 1.000000
X -0.575340 -0.805001 0.144767
Y -0.792915 0.505522 -0.340195
Z 0.200675 -0.310516 -0.929144

PART 53
OFFSET 18.285329 -3.491789 -3.689628
SCALE 1.000000 1.000000 1.000000
X 0.234982 -0.959067 0.158033
Y -0.848417 -0.123039 0.514830
Z -0.474312 -0.255054 -0.842600

PART 54
OFFSET 13.230638 -4.078939 -3.246117
SCALE 1.000000 1.000000 1.000000
X -0.004878 -0.997248 -0.073976
Y 0.999051 -0.008061 0.042794
Z -0.043273 -0.073697 0.996341

PART 55
OFFSET 9.629167 -2.762535 -3.189431
SCALE 1.000000 1.000000 1.000000
X 0.897294 0.404704 -0.176290
Y -0.411206 0.911543 -0.000381
Z 0.160542 0.072833 0.984338

PART 56
OFFSET 10.009336 -3.482278 -5.258644
SCALE 1.000000 1.000000 1.000000
X 0.581206 -0.650611 -0.488779
Y 0.771361 0.631818 0.076213
Z 0.259234 -0.421320 0.869072

PART 57
OFFSET 10.683676 -3.355172 -4.492345
SCALE 1.000000 1.000000 1.000000
X 0.746107 -0.456342 -0.484847
Y 0.544448 0.837319 0.049730
Z 0.383278 -0.301078 0.873184

PART 58
OFFSET 10.093087 -3.084018 -2.244751
SCALE 1.000000 1.000000 1.000000
X -0.673061 -0.232602 0.702058
Y -0.497319 -0.560265 -0.662402
Z 0.547414 -0.794984 0.261415

PART 59
OFFSET 20.497091 -4.362932 -3.056086
SCALE 1.000000 1.000000 1.000000
X 0.991740 0.077672 0.102070
Y -0.079209 0.996796 0.011082
Z -0.100882 -0.019075 0.994716

PART 60
OFFSET 20.599528 -4.432201 -3.658142
SCALE 1.000000 1.000000 1.000000
X 0.909963 0.393704 0.130251
Y -0.367004 0.910802 -0.189070
Z -0.193071 0.124244 0.973287

PART 61
OFFSET 21.060224 -2.190114 -5.604898
SCALE 1.000000 1.000000 1.000000
X -0.308314 -0.950947 -0.025353
Y -0.868316 0.292209 -0.400801
Z 0.388549 -0.101558 -0.915814

PART 62
OFFSET 20.986247 -3.034763 -4.475970
SCALE 1.000000 1.000000 1.000000
X -0.480196 -0.871872 -0.096180
Y -0.830677 0.487228 -0.269415
Z 0.281757 -0.049478 -0.958209

PART 63
OFFSET 18.503278 -4.542706 -3.548547
SCALE 1.000000 1.000000 1.000000
X 0.303263 -0.569499 0.764004
Y 0.478416 0.784385 0.394788
Z -0.824105 0.245787 0.510333

PART 64
OFFSET 13.236193 -2.952589 -3.162539
SCALE 1.000000 1.000000 1.000000
X -0.912293 0.310995 0.266465
Y 0.309159 0.949698 -0.049944
Z -0.268594 0.036816 -0.962550

PART 65
OFFSET 8.611492 -3.220798 -2.996715
SCALE 1.000000 1.000000 1.000000
X -0.436289 -0.897212 0.068290
Y -0.878230 0.441119 0.184732
Z -0.195868 0.020622 -0.980413

PART 66
OFFSET 9.510277 -2.916578 -4.836010
SCALE 1.000000 1.000000 1.000000
X 0.912184 0.156920 -0.378546
Y 0.054452 0.869166 0.491513
Z 0.406147 -0.468963 0.784294

PART 67
OFFSET 9.592658 -2.781302 -3.838161
SCALE 1.000000 1.000000 1.000000
X 0.894050 0.437914 -0.094374
Y -0.376313 0.848480 0.372116
Z 0.243029 -0.297176 0.923376

PART 68
OFFSET 10.804384 -2.786581 -3.004672
SCALE 1.000000 1.000000 1.000000
X -0.950972 0.223470 0.213805
Y 0.121617 0.905820 -0.405832
Z -0.284360 -0.359933 -0.888587

PART 69
OFFSET 20.767318 -3.093538 -5.628983
SCALE 1.000000 1.000000 1.000000
X 0.724161 0.558651 0.404352
Y -0.408157 0.819803 -0.401661
Z -0.555877 0.125828 0.821686

PART 70
OFFSET 20.465524 -3.980291 -4.580269
SCALE 1.000000 1.000000 1.000000
X 0.882873 0.433299 0.181074
Y -0.416222 0.900551 -0.125566
Z -0.217474 0.035492 0.975421

PART 71
OFFSET 8.643666 -3.065652 -4.476390
SCALE 1.000000 1.000000 1.000000
X -0.790950 -0.597199 -0.133237
Y -0.494766 0.496098 0.713508
Z -0.360007 0.630270 -0.687862

PART 72
OFFSET 8.623022 -3.256194 -3.735768
SCALE 1.000000 1.000000 1.000000
X -0.504389 -0.859233 -0.085504
Y -0.830532 0.455668 0.320287
Z -0.236240 0.232563 -0.943454

PART 73
OFFSET 0.000000 0.000000 0.000000
SCALE 1.000000 1.000000 1.000000
X 1.000000 0.000000 0.000000
Y 0.000000 1.000000 0.000000
Z 0.000000 0.000000 1.000000

PART 74
OFFSET 0.000000 0.000000 0.000000
SCALE 1.000000 1.000000 1.000000
X 1.000000 0.000000 0.000000
Y 0.000000 1.000000 0.000000
Z 0.000000 0.000000 1.000000

PART 75
OFFSET 1.540551 0.000000 4.135826
SCALE 1.000000 1.000000 1.000000
X 1.000000 0.000000 0.000000
Y 0.000000 1.000000 0.000000
Z 0.000000 0.000000 1.000000

PART 76
OFFSET -4.631835 0.000000 -1.376957
SCALE 1.000000 1.000000 1.000000
X 1.000000 0.000000 0.000000
Y 0.000000 1.000000 0.000000
Z 0.000000 0.000000 1.000000

FRAME 2
PART 0
OFFSET 0.000000 0.000000 0.000000
SCALE 1.000000 1.000000 1.000000
X 1.000000 0.000000 0.000000
Y 0.000000 1.000000 0.000000
Z 0.000000 0.000000 1.000000

PART 1
OFFSET -1.004948 6.663791 -0.938475
SCALE 1.000000 1.000000 1.000000
X 0.782178 -0.030935 -0.622287
Y -0.067911 -0.997049 -0.035794
Z -0.619343 0.070257 -0.781971

PART 2
OFFSET -8.449856 -9.812397 3.939998
SCALE 1.000000 1.000000 1.000000
X -0.473186 -0.105571 0.874614
Y -0.289458 -0.919042 -0.267537
Z 0.832051 -0.379759 0.404319

PART 3
OFFSET 13.391819 -3.881070 -3.994374
SCALE 1.000000 1.000000 1.000000
X 0.999970 -0.001709 0.007513
Y 0.001891 0.999704 -0.024251
Z -0.007469 0.024264 0.999678

PART 4
OFFSET 13.908927 18.076323 -17.331985
SCALE 1.000000 1.000000 1.000000
X 0.998737 0.041892 -0.027740
Y 0.021387 0.145113 0.989184
Z 0.045465 -0.988528 0.144033

PART 5
OFFSET 8.441106 6.274915 -8.441203
SCALE 1.000000 1.000000 1.000000
X 0.822569 -0.506155 0.259206
Y -0.430925 -0.257388 0.864902
Z -0.371058 -0.823140 -0.429834

PART 6
OFFSET -2.644114 -8.669170 -7.452404
SCALE 1.000000 1.000000 1.000000
X -0.896222 -0.223822 -0.383002
Y 0.359195 0.140508 -0.922625
Z 0.260319 -0.964449 -0.045530

PART 7
OFFSET 13.391819 -3.881070 -3.994374
SCALE 1.000000 1.000000 1.000000
X 0.999970 -0.001709 0.007513
Y 0.001891 0.999704 -0.024251
Z -0.007469 0.024264 0.999678

PART 8
OFFSET 17.374259 2.272836 -6.402464
SCALE 1.000000 1.000000 1.000000
X 0.826135 -0.502367 0.255201
Y 0.374891 0.828163 0.416657
Z -0.420663 -0.248543 0.872507

PART 9
OFFSET 16.541665 1.178555 -7.373545
SCALE 1.000000 1.000000 1.000000
X 0.826135 -0.502367 0.255201
Y 0.374891 0.828163 0.416657
Z -0.420663 -0.248543 0.872507

PART 10
OFFSET 16.670799 1.262621 -4.117559
SCALE 1.000000 1.000000 1.000000
X 0.826135 -0.502367 0.255201
Y 0.374891 0.828163 0.416657
Z -0.420663 -0.248543 0.872507

PART 11
OFFSET 16.004316 0.167001 -4.526112
SCALE 1.000000 1.000000 1.000000
X 0.826135 -0.502367 0.255201
Y 0.374891 0.828163 0.416657
Z -0.420663 -0.248543 0.872507

PART 12
OFFSET 15.876868 0.109288 -5.716116
SCALE 1.000000 1.000000 1.000000
X 0.826135 -0.502367 0.255201
Y 0.374891 0.828163 0.416657
Z -0.420663 -0.248543 0.872507

PART 13
OFFSET 17.904264 0.431105 -5.567753
SCALE 1.000000 1.000000 1.000000
X 0.890661 -0.246919 0.381777
Y -0.441936 -0.272840 0.854547
Z -0.106840 -0.929833 -0.352131

PART 14
OFFSET 15.471122 2.045999 -6.150320
SCALE 1.000000 1.000000 1.000000
X 0.839272 -0.496086 0.222535
Y -0.202115 0.095304 0.974714
Z -0.504750 -0.863027 -0.020281

PART 15
OFFSET 6.372852 -7.302115 -2.126140
SCALE 1.000000 1.000000 1.000000
X -0.899057 -0.222034 -0.377357
Y -0.262929 0.962958 0.059831
Z 0.350094 0.153009 -0.924133

PART 16
OFFSET 5.861228 -6.077065 -1.904806
SCALE 1.000000 1.000000 1.000000
X -0.899057 -0.222034 -0.377357
Y -0.262929 0.962958 0.059831
Z 0.350094 0.153009 -0.924133

PART 17
OFFSET 5.703822 -5.443453 -2.909533
SCALE 1.000000 1.000000 1.000000
X -0.899057 -0.222034 -0.377357
Y -0.262929 0.962958 0.059831
Z 0.350094 0.153009 -0.924133

PART 18
OFFSET 7.801932 -6.022684 -2.844892
SCALE 1.000000 1.000000 1.000000
X -0.964125 -0.217717 0.151864
Y -0.079298 -0.309756 -0.947504
Z 0.253329 -0.925554 0.281379

PART 19
OFFSET 4.985633 -6.794322 -4.178882
SCALE 1.000000 1.000000 1.000000
X -0.900904 -0.224139 -0.371663
Y 0.312320 0.259831 -0.913753
Z 0.301377 -0.939281 -0.164079

PART 20
OFFSET 18.576681 -3.810711 -0.678020
SCALE 1.000000 1.000000 1.000000
X 0.999970 -0.001709 0.007513
Y 0.001891 0.999704 -0.024251
Z -0.007469 0.024264 0.999678

PART 21
OFFSET 19.781975 -3.793548 -0.356970
SCALE 1.000000 1.000000 1.000000
X -0.005371 -0.853714 0.520714
Y 0.999970 -0.001709 0.007513
Z -0.005524 0.520739 0.853698

PART 22
OFFSET 20.334132 -3.827575 -1.247767
SCALE 1.000000 1.000000 1.000000
X 0.999970 -0.001709 0.007513
Y 0.001891 0.999704 -0.024251
Z -0.007469 0.024264 0.999678

PART 23
OFFSET 31.932368 -3.836241 -0.689621
SCALE 1.000000 1.000000 1.000000
X 0.999970 -0.001709 0.007513
Y 0.001891 0.999704 -0.024251
Z -0.007469 0.024264 0.999678

PART 24
OFFSET 13.391819 -3.881070 -3.994374
SCALE 1.000000 1.000000 1.000000
X 0.999970 -0.001709 0.007513
Y 0.001891 0.999704 -0.024251
Z -0.007469 0.024264 0.999678

PART 25
OFFSET 21.090605 -0.470826 -3.313541
SCALE 1.000000 1.000000 1.000000
X 0.418094 -0.898416 0.134337
Y -0.765233 -0.428015 -0.480856
Z 0.489506 0.098244 -0.866448

PART 26
OFFSET 21.494895 -0.266372 -4.336029
SCALE 1.000000 1.000000 1.000000
X 0.182313 -0.941428 0.283683
Y -0.856529 -0.293743 -0.424351
Z 0.482826 -0.165618 -0.859913

PART 27
OFFSET 19.172446 0.414502 -6.470438
SCALE 1.000000 1.000000 1.000000
X 0.876809 -0.475586 0.070885
Y -0.480730 -0.863883 0.150351
Z -0.010268 -0.165906 -0.986088

PART 28
OFFSET 19.074649 0.349770 -5.547993
SCALE 1.000000 1.000000 1.000000
X 0.923070 -0.368539 0.110097
Y -0.352965 -0.925365 -0.138259
Z 0.152834 0.088762 -0.984258

PART 29
OFFSET 17.864064 -0.262082 -4.880426
SCALE 1.000000 1.000000 1.000000
X 0.130530 -0.896670 0.423019
Y -0.901524 0.070206 0.426997
Z -0.412573 -0.437097 -0.799205

PART 30
OFFSET 19.890948 -1.261679 -3.222777
SCALE 1.000000 1.000000 1.000000
X 0.893777 -0.438105 0.096054
Y 0.343654 0.806550 0.481018
Z -0.288209 -0.396914 0.871433

PART 31
OFFSET 20.394366 -1.508253 -5.529826
SCALE 1.000000 1.000000 1.000000
X 0.096929 0.342789 -0.934398
Y 0.106877 0.929806 0.352191
Z 0.989536 -0.134003 0.053489

PART 32
OFFSET 11.704807 -5.310462 -2.589975
SCALE 1.000000 1.000000 1.000000
X -0.953263 -0.239587 0.184088
Y 0.299038 -0.835247 0.461452
Z 0.043201 0.494934 0.867856

PART 33
OFFSET 11.537021 -5.419427 -3.716368
SCALE 1.000000 1.000000 1.000000
X -0.033513 -0.991574 -0.125130
Y 0.986845 -0.013018 -0.161142
Z 0.158155 -0.128884 0.978967

PART 34
OFFSET 8.493299 -5.999456 -4.069792
SCALE 1.000000 1.000000 1.000000
X -0.763651 -0.427967 0.483406
Y 0.522980 -0.849087 0.074457
Z 0.378588 0.309671 0.872224

PART 35
OFFSET 8.768688 -5.884588 -3.424306
SCALE 1.000000 1.000000 1.000000
X -0.871428 -0.306543 0.382942
Y 0.417886 -0.872762 0.252304
Z 0.256876 0.379891 0.888649

PART 36
OFFSET 8.236330 -5.243452 -2.186464
SCALE 1.000000 1.000000 1.000000
X -0.648218 -0.723035 -0.238816
Y 0.365295 -0.020096 -0.930675
Z 0.668112 -0.690519 0.277148

PART 37
OFFSET 3.992237 -7.162959 -1.260819
SCALE 1.000000 1.000000 1.000000
X -0.821373 -0.402301 0.404353
Y -0.525442 0.809500 -0.261953
Z -0.221939 -0.427625 -0.876287

PART 38
OFFSET 13.372400 -3.817945 -1.395259
SCALE 1.000000 1.000000 1.000000
X 0.999970 -0.001709 0.007513
Y 0.001891 0.999704 -0.024251
Z -0.007469 0.024264 0.999678

PART 39
OFFSET 21.809295 -2.064359 -3.108954
SCALE 1.000000 1.000000 1.000000
X -0.420390 -0.901017 -0.106959
Y -0.789155 0.421257 -0.446964
Z 0.447779 -0.103492 -0.888135

PART 40
OFFSET 21.889224 -2.058584 -3.783344
SCALE 1.000000 1.000000 1.000000
X -0.180453 -0.983416 0.018146
Y -0.978282 0.177537 -0.106979
Z 0.101983 -0.037057 -0.994096

PART 41
OFFSET 21.116081 -0.679404 -6.143561
SCALE 1.000000 1.000000 1.000000
X 0.632198 -0.749774 0.195357
Y -0.747771 -0.656449 -0.099559
Z 0.202889 -0.083141 -0.975666

PART 42
OFFSET 21.496425 -0.591476 -5.398194
SCALE 1.000000 1.000000 1.000000
X 0.422769 -0.841121 0.337316
Y -0.873831 -0.477008 -0.094251
Z 0.240179 -0.254911 -0.936661

PART 43
OFFSET 18.073286 -2.280999 -3.958546
SCALE 1.000000 1.000000 1.000000
X 0.711193 -0.673838 0.200369
Y -0.660352 -0.542580 0.519175
Z -0.241123 -0.501548 -0.830849

PART 44
OFFSET 13.357837 -4.785474 -2.929437
SCALE 1.000000 1.000000 1.000000
X -0.266474 -0.963414 0.028706
Y 0.961152 -0.263389 0.082535
Z -0.071954 0.049585 0.996175

PART 45
OFFSET 11.585526 -3.472359 -3.464093
SCALE 1.000000 1.000000 1.000000
X 0.800802 -0.553080 -0.229824
Y 0.478559 0.821611 -0.309736
Z 0.360134 0.138053 0.922629

PART 46
OFFSET 10.305232 -5.035066 -5.082158
SCALE 1.000000 1.000000 1.000000
X -0.300492 -0.952361 0.052091
Y 0.905217 -0.301971 -0.298992
Z 0.300478 -0.042691 0.952833

PART 47
OFFSET 10.997620 -5.132053 -4.547131
SCALE 1.000000 1.000000 1.000000
X -0.246143 -0.966575 -0.071741
Y 0.882966 -0.193093 -0.427886
Z 0.399731 -0.168666 0.900981

PART 48
OFFSET 9.585992 -3.618955 -1.598101
SCALE 1.000000 1.000000 1.000000
X -0.824100 -0.527532 0.206324
Y 0.053519 -0.435129 -0.898776
Z 0.563911 -0.729639 0.386822

PART 49
OFFSET 21.515605 -3.186735 -3.048407
SCALE 1.000000 1.000000 1.000000
X -0.250309 -0.962466 0.104898
Y -0.890438 0.186323 -0.415215
Z 0.380086 -0.197337 -0.903655

PART 50
OFFSET 21.853023 -3.416562 -3.662956
SCALE 1.000000 1.000000 1.000000
X -0.461697 -0.877222 0.131596
Y -0.881743 0.437678 -0.175973
Z 0.096771 -0.197280 -0.975559

PART 51
OFFSET 22.013082 -1.746421 -5.866581
SCALE 1.000000 1.000000 1.000000
X -0.289242 -0.937571 0.193133
Y -0.905225 0.202284 -0.373696
Z 0.311299 -0.282918 -0.907221

PART 52
OFFSET 22.223378 -2.006055 -4.848470
SCALE 1.000000 1.000000 1.000000
X -0.573344 -0.783311 0.240210
Y -0.795808 0.462697 -0.390642
Z 0.194850 -0.415133 -0.888649

PART 53
OFFSET 19.015883 -3.482345 -3.644331
SCALE 1.000000 1.000000 1.000000
X 0.237242 -0.934439 0.265593
Y -0.844801 -0.063473 0.531303
Z -0.479612 -0.350420 -0.804474

PART 54
OFFSET 13.422465 -3.599563 -2.860404
SCALE 1.000000 1.000000 1.000000
X 0.500759 -0.859173 -0.105175
Y 0.865256 0.493497 0.088280
Z -0.023944 -0.135210 0.990528

PART 55
OFFSET 10.366570 -2.708880 -3.175400
SCALE 1.000000 1.000000 1.000000
X 0.895549 0.381752 -0.228600
Y -0.412014 0.905447 -0.102027
Z 0.168036 0.185556 0.968159

PART 56
OFFSET 10.731473 -3.661818 -5.150990
SCALE 1.000000 1.000000 1.000000
X 0.578016 -0.702503 -0.415195
Y 0.771356 0.636397 -0.002924
Z 0.266283 -0.318574 0.909728

PART 57
OFFSET 11.411567 -3.447420 -4.409634
SCALE 1.000000 1.000000 1.000000
X 0.742768 -0.509069 -0.434907
Y 0.544062 0.837487 -0.051108
Z 0.390247 -0.198655 0.899024

PART 58
OFFSET 10.838023 -2.919583 -2.203635
SCALE 1.000000 1.000000 1.000000
X -0.667437 -0.150322 0.729336
Y -0.501892 -0.632732 -0.589708
Z 0.550120 -0.759640 0.346863

PART 59
OFFSET 21.232926 -4.273844 -2.929907
SCALE 1.000000 1.000000 1.000000
X 0.992302 0.089367 0.085737
Y -0.080389 0.991428 -0.102994
Z -0.094206 0.095308 0.990980

PART 60
OFFSET 21.331424 -4.411788 -3.520696
SCALE 1.000000 1.000000 1.000000
X 0.910316 0.406504 0.077971
Y -0.369407 0.882864 -0.289981
Z -0.186717 0.235171 0.953851

PART 61
OFFSET 21.776269 -2.408041 -5.715272
SCALE 1.000000 1.000000 1.000000
X -0.307278 -0.947710 0.086179
Y -0.871343 0.243796 -0.425822
Z 0.382545 -0.205937 -0.900694

PART 62
OFFSET 21.710905 -3.117401 -4.496288
SCALE 1.000000 1.000000 1.000000
X -0.479729 -0.877381 0.007903
Y -0.833073 0.452639 -0.317974
Z 0.275407 -0.159125 -0.948067

PART 63
OFFSET 19.236095 -4.509983 -3.384908
SCALE 1.000000 1.000000 1.000000
X 0.309081 -0.477785 0.822308
Y 0.480056 0.824787 0.298786
Z -0.820984 0.302404 0.484289

PART 64
OFFSET 12.856917 -2.629140 -2.741586
SCALE 1.000000 1.000000 1.000000
X -0.950621 -0.203956 0.233925
Y -0.211204 0.977423 -0.006087
Z -0.227402 -0.055192 -0.972236

PART 65
OFFSET 9.350818 -3.141947 -2.923394
SCALE 1.000000 1.000000 1.000000
X -0.434946 -0.883408 0.174392
Y -0.877180 0.459431 0.139565
Z -0.203414 -0.092270 -0.974735

PART 66
OFFSET 10.235168 -3.051270 -4.792370
SCALE 1.000000 1.000000 1.000000
X 0.909107 0.112351 -0.401126
Y 0.057448 0.919927 0.387859
Z 0.412583 -0.375649 0.829857

PART 67
OFFSET 10.325093 -2.802132 -3.817366
SCALE 1.000000 1.000000 1.000000
X 0.892905 0.424161 -0.151024
Y -0.374204 0.885643 0.274970
Z 0.250385 -0.189008 0.949517

PART 68
OFFSET 11.543193 -2.711509 -2.998200
SCALE 1.000000 1.000000 1.000000
X -0.949501 0.246569 0.194038
Y 0.117682 0.853137 -0.508240
Z -0.290857 -0.459740 -0.839071

PART 69
OFFSET 21.484348 -3.308389 -5.633398
SCALE 1.000000 1.000000 1.000000
X 0.726143 0.601766 0.332557
Y -0.411866 0.768018 -0.490423
