// Export time: Mon Jun 13 04:35:42 2022

ANIMATION
VERSION 3

NUMPARTS 76
PART 0 "tag_torso"
PART 1 "j_shoulder_le"
PART 2 "j_shoulder_ri"
PART 3 "tag_weapon"
PART 4 "tag_weapon1"
PART 5 "j_elbow_le"
PART 6 "j_elbow_ri"
PART 7 "j_gun"
PART 8 "j_sleave_reshape_bottom_le_1"
PART 9 "j_sleave_reshape_bottom_le_2"
PART 10 "j_sleave_reshape_top_le_1"
PART 11 "j_sleave_reshape_top_le_2"
PART 12 "j_sleave_reshape_top_le_3"
PART 13 "j_wrist_le"
PART 14 "j_wristtwist_le"
PART 15 "j_sleave_reshape_top_ri_1"
PART 16 "j_sleave_reshape_top_ri_2"
PART 17 "j_sleave_reshape_top_ri_3"
PART 18 "j_wrist_ri"
PART 19 "j_wristtwist_ri"
PART 20 "tag_bolt_animate"
PART 21 "tag_brass"
PART 22 "tag_bullet_animate"
PART 23 "tag_flash"
PART 24 "tag_clip"
PART 25 "j_index_le_0"
PART 26 "j_mid_le_0"
PART 27 "j_pinkypalm_le"
PART 28 "j_ringpalm_le"
PART 29 "j_thumb_le_0"
PART 30 "j_webbing_le"
PART 31 "tag_knife_attach"
PART 32 "j_index_ri_0"
PART 33 "j_mid_ri_0"
PART 34 "j_pinkypalm_ri"
PART 35 "j_ringpalm_ri"
PART 36 "j_thumb_ri_0"
PART 37 "j_webbing_ri"
PART 38 "j_index_le_1"
PART 39 "j_mid_le_1"
PART 40 "j_pinky_le_0"
PART 41 "j_ring_le_0"
PART 42 "j_thumb_le_1"
PART 43 "j_index_ri_1"
PART 44 "j_mid_ri_1"
PART 45 "j_pinky_ri_0"
PART 46 "j_ring_ri_0"
PART 47 "j_thumb_ri_1"
PART 48 "j_index_le_2"
PART 49 "j_mid_le_2"
PART 50 "j_pinky_le_1"
PART 51 "j_ring_le_1"
PART 52 "j_thumb_le_2"
PART 53 "j_index_ri_2"
PART 54 "j_mid_ri_2"
PART 55 "j_pinky_ri_1"
PART 56 "j_ring_ri_1"
PART 57 "j_thumb_ri_2"
PART 58 "j_index_le_3"
PART 59 "j_mid_le_3"
PART 60 "j_pinky_le_2"
PART 61 "j_ring_le_2"
PART 62 "j_thumb_le_3"
PART 63 "j_index_ri_3"
PART 64 "j_mid_ri_3"
PART 65 "j_pinky_ri_2"
PART 66 "j_ring_ri_2"
PART 67 "j_thumb_ri_3"
PART 68 "j_pinky_le_3"
PART 69 "j_ring_le_3"
PART 70 "j_pinky_ri_3"
PART 71 "j_ring_ri_3"
PART 72 "tag_cambone"
PART 73 "tag_camera"
PART 74 "tag_gasmask"
PART 75 "tag_gasmask2"

FRAMERATE 30
NUMFRAMES 2
FRAME 0
PART 0
OFFSET 0.000000 0.000000 0.000000
SCALE 1.000000 1.000000 1.000000
X 1.000000 0.000000 0.000000
Y 0.000000 1.000000 0.000000
Z 0.000000 0.000000 1.000000

PART 1
OFFSET -1.120055 6.800090 -0.998211
SCALE 1.000000 1.000000 1.000000
X 0.806770 -0.070165 -0.586684
Y -0.085817 -0.996310 0.001145
Z -0.584600 0.049423 -0.809815

PART 2
OFFSET -8.605256 -9.866200 3.909407
SCALE 1.000000 1.000000 1.000000
X -0.516624 -0.120916 0.847631
Y -0.274402 -0.914379 -0.297683
Z 0.811051 -0.386382 0.439210

PART 3
OFFSET 13.936019 -3.827578 -3.944602
SCALE 1.000000 1.000000 1.000000
X 1.000000 0.000000 0.000000
Y 0.000000 1.000000 0.000000
Z 0.000000 0.000000 1.000000

PART 4
OFFSET 13.908927 18.076323 -17.331985
SCALE 1.000000 1.000000 1.000000
X 0.998737 0.041892 -0.027740
Y 0.021387 0.145113 0.989184
Z 0.045465 -0.988528 0.144033

PART 5
OFFSET 8.525366 5.814637 -7.870108
SCALE 1.000000 1.000000 1.000000
X 0.860599 -0.459061 0.220528
Y -0.376540 -0.281981 0.882442
Z -0.342910 -0.842466 -0.415528

PART 6
OFFSET -2.290852 -8.503967 -6.967623
SCALE 1.000000 1.000000 1.000000
X -0.913804 -0.211966 -0.346457
Y 0.325431 0.128269 -0.936825
Z 0.243015 -0.968823 -0.048233

PART 7
OFFSET 13.936019 -3.827578 -3.944602
SCALE 1.000000 1.000000 1.000000
X 1.000000 0.000000 0.000000
Y 0.000000 1.000000 0.000000
Z 0.000000 0.000000 1.000000

PART 8
OFFSET 17.752421 2.322194 -6.245719
SCALE 1.000000 1.000000 1.000000
X 0.863763 -0.455075 0.216380
Y 0.345860 0.847708 0.402210
Z -0.366463 -0.272576 0.889611

PART 9
OFFSET 16.940224 1.183350 -7.182219
SCALE 1.000000 1.000000 1.000000
X 0.863763 -0.455075 0.216380
Y 0.345860 0.847708 0.402210
Z -0.366463 -0.272576 0.889611

PART 10
OFFSET 17.210136 1.272114 -3.934996
SCALE 1.000000 1.000000 1.000000
X 0.863763 -0.455075 0.216380
Y 0.345860 0.847708 0.402210
Z -0.366463 -0.272576 0.889611

PART 11
OFFSET 16.588893 0.140893 -4.316959
SCALE 1.000000 1.000000 1.000000
X 0.863763 -0.455075 0.216380
Y 0.345860 0.847708 0.402210
Z -0.366463 -0.272576 0.889611

PART 12
OFFSET 16.411724 0.076971 -5.500264
SCALE 1.000000 1.000000 1.000000
X 0.863763 -0.455075 0.216380
Y 0.345860 0.847708 0.402210
Z -0.366463 -0.272576 0.889611

PART 13
OFFSET 18.430383 0.531303 -5.450475
SCALE 1.000000 1.000000 1.000000
X 0.894069 -0.254522 0.368589
Y -0.434718 -0.294676 0.850991
Z -0.107982 -0.921078 -0.374106

PART 14
OFFSET 15.874864 1.981160 -5.914614
SCALE 1.000000 1.000000 1.000000
X 0.874234 -0.448358 0.186252
Y -0.181121 0.054746 0.981936
Z -0.450455 -0.892176 -0.033346

PART 15
OFFSET 6.945922 -7.245825 -2.003484
SCALE 1.000000 1.000000 1.000000
X -0.916390 -0.210094 -0.340720
Y -0.245093 0.967474 0.062634
Z 0.316479 0.140906 -0.938076

PART 16
OFFSET 6.462759 -6.011157 -1.771866
SCALE 1.000000 1.000000 1.000000
X -0.916390 -0.210094 -0.340720
Y -0.245093 0.967474 0.062634
Z 0.316479 0.140906 -0.938076

PART 17
OFFSET 6.276696 -5.382083 -2.774544
SCALE 1.000000 1.000000 1.000000
X -0.916390 -0.210094 -0.340720
Y -0.245093 0.967474 0.062634
Z 0.316479 0.140906 -0.938076

PART 18
OFFSET 8.360640 -6.008884 -2.802292
SCALE 1.000000 1.000000 1.000000
X -0.962655 -0.223004 0.153505
Y -0.085757 -0.286629 -0.954196
Z 0.256789 -0.931726 0.256801

PART 19
OFFSET 5.489519 -6.734753 -4.002893
SCALE 1.000000 1.000000 1.000000
X -0.918677 -0.212298 -0.333108
Y 0.273352 0.267081 -0.924092
Z 0.285150 -0.939998 -0.187329

PART 20
OFFSET 19.145504 -3.827843 -0.666243
SCALE 1.000000 1.000000 1.000000
X 1.000000 0.000000 0.000000
Y 0.000000 1.000000 0.000000
Z 0.000000 0.000000 1.000000

PART 21
OFFSET 20.353162 -3.816208 -0.353976
SCALE 1.000000 1.000000 1.000000
X 0.000000 -0.866099 0.499872
Y 1.000000 0.000000 0.000000
Z -0.000000 0.499872 0.866099

PART 22
OFFSET 20.898669 -3.827578 -1.249435
SCALE 1.000000 1.000000 1.000000
X 1.000000 0.000000 0.000000
Y 0.000000 1.000000 0.000000
Z 0.000000 0.000000 1.000000

PART 23
OFFSET 32.500769 -3.827843 -0.778306
SCALE 1.000000 1.000000 1.000000
X 1.000000 0.000000 0.000000
Y 0.000000 1.000000 0.000000
Z 0.000000 0.000000 1.000000

PART 24
OFFSET 13.936019 -3.827578 -3.944602
SCALE 1.000000 1.000000 1.000000
X 0.996503 0.000000 0.083554
Y -0.000000 1.000000 0.000000
Z -0.083554 -0.000000 0.996503

PART 25
OFFSET 21.636005 -0.419734 -3.244188
SCALE 1.000000 1.000000 1.000000
X 0.420710 -0.900640 0.108865
Y -0.768244 -0.417521 -0.485261
Z 0.482498 0.120519 -0.867566

PART 26
OFFSET 22.031868 -0.189366 -4.264448
SCALE 1.000000 1.000000 1.000000
X 0.186187 -0.947777 0.258946
Y -0.859327 -0.284859 -0.424750
Z 0.476331 -0.143437 -0.867488

PART 27
OFFSET 19.691446 0.539416 -6.363175
SCALE 1.000000 1.000000 1.000000
X 0.878170 -0.475484 0.052272
Y -0.478019 -0.868258 0.132759
Z -0.017740 -0.141572 -0.989769

PART 28
OFFSET 19.601040 0.451771 -5.441874
SCALE 1.000000 1.000000 1.000000
X 0.924551 -0.369346 0.093748
Y -0.352422 -0.922361 -0.158270
Z 0.144926 0.113290 -0.982935

PART 29
OFFSET 18.396820 -0.178683 -4.780165
SCALE 1.000000 1.000000 1.000000
X 0.135425 -0.906568 0.399744
Y -0.898256 0.057909 0.435640
Z -0.418086 -0.418069 -0.806488

PART 30
OFFSET 20.438424 -1.214895 -3.163577
SCALE 1.000000 1.000000 1.000000
X 0.895271 -0.438602 0.078223
Y 0.346018 0.795116 0.498057
Z -0.280645 -0.418830 0.863609

PART 31
OFFSET 20.924096 -1.403558 -5.479874
SCALE 1.000000 1.000000 1.000000
X 0.088971 0.365902 -0.926391
Y 0.108019 0.921049 0.374166
Z 0.990160 -0.133357 0.042423

PART 32
OFFSET 12.254712 -5.307477 -2.553632
SCALE 1.000000 1.000000 1.000000
X -0.957065 -0.136462 0.255745
Y 0.254008 -0.819897 0.513078
Z 0.139669 0.556010 0.819357

PART 33
OFFSET 12.088310 -5.378127 -3.685899
SCALE 1.000000 1.000000 1.000000
X -0.032919 -0.988274 -0.149103
Y 0.985659 -0.007396 -0.168590
Z 0.165510 -0.152515 0.974344

PART 34
OFFSET 9.043002 -5.954528 -4.031262
SCALE 1.000000 1.000000 1.000000
X -0.759442 -0.440957 0.478336
Y 0.524802 -0.849763 0.049855
Z 0.384488 0.288894 0.876761

PART 35
OFFSET 9.322923 -5.855007 -3.385175
SCALE 1.000000 1.000000 1.000000
X -0.868135 -0.317296 0.381660
Y 0.421048 -0.877959 0.227830
Z 0.262793 0.358484 0.895784

PART 36
OFFSET 8.798649 -5.245255 -2.128174
SCALE 1.000000 1.000000 1.000000
X -0.648847 -0.718081 -0.251709
Y 0.358506 0.003288 -0.933522
Z 0.671171 -0.695952 0.255303

PART 37
OFFSET 4.564377 -7.194027 -1.218904
SCALE 1.000000 1.000000 1.000000
X -0.817779 -0.413463 0.400357
Y -0.528576 0.814769 -0.238241
Z -0.227694 -0.406447 -0.884848

PART 38
OFFSET 22.359052 -2.016433 -3.084583
SCALE 1.000000 1.000000 1.000000
X -0.419642 -0.898922 -0.125852
Y -0.793385 0.430611 -0.430250
Z 0.440955 -0.080702 -0.893894

PART 39
OFFSET 22.433668 -1.993871 -3.759213
SCALE 1.000000 1.000000 1.000000
X -0.178584 -0.983914 -0.004698
Y -0.979403 0.178218 -0.094909
Z 0.094219 -0.012347 -0.995475

PART 40
OFFSET 21.639505 -0.558456 -6.078568
SCALE 1.000000 1.000000 1.000000
X 0.635027 -0.753131 0.171854
Y -0.747382 -0.655248 -0.109862
Z 0.195348 -0.058676 -0.978977

PART 41
OFFSET 22.025552 -0.488187 -5.334301
SCALE 1.000000 1.000000 1.000000
X 0.426882 -0.848356 0.313153
Y -0.873710 -0.476237 -0.099144
Z 0.233244 -0.231282 -0.944514

PART 42
OFFSET 18.616802 -2.219282 -3.910014
SCALE 1.000000 1.000000 1.000000
X 0.713926 -0.677188 0.178119
Y -0.655294 -0.556493 0.510789
Z -0.246778 -0.481386 -0.841052

PART 43
OFFSET 13.910783 -5.189047 -3.006333
SCALE 1.000000 1.000000 1.000000
X -0.773662 -0.600817 0.201163
Y 0.630891 -0.759817 0.157017
Z 0.058508 0.248390 0.966891

PART 44
OFFSET 12.135679 -3.437732 -3.386414
SCALE 1.000000 1.000000 1.000000
X 0.799940 -0.545932 -0.249107
Y 0.475030 0.829751 -0.293018
Z 0.366665 0.116064 0.923085

PART 45
OFFSET 10.845994 -4.962605 -5.032873
SCALE 1.000000 1.000000 1.000000
X -0.298653 -0.953859 0.030963
Y 0.903463 -0.293030 -0.312869
Z 0.307506 -0.065466 0.949291

PART 46
OFFSET 11.542440 -5.071482 -4.505436
SCALE 1.000000 1.000000 1.000000
X -0.245191 -0.964949 -0.093572
Y 0.880104 -0.181072 -0.438896
Z 0.406569 -0.189967 0.893652

PART 47
OFFSET 10.150110 -3.633341 -1.510123
SCALE 1.000000 1.000000 1.000000
X -0.821764 -0.533819 0.199349
Y 0.047603 -0.412930 -0.909518
Z 0.567835 -0.737920 0.364742

PART 48
OFFSET 22.067825 -3.140530 -3.049448
SCALE 1.000000 1.000000 1.000000
X -0.247791 -0.965244 0.083087
Y -0.894004 0.194769 -0.403513
Z 0.373305 -0.174267 -0.911194

PART 49
OFFSET 22.400786 -3.354468 -3.672072
SCALE 1.000000 1.000000 1.000000
X -0.459111 -0.881094 0.113533
Y -0.883866 0.440168 -0.158221
Z 0.089434 -0.172989 -0.980855

PART 50
OFFSET 22.540526 -1.630247 -5.835018
SCALE 1.000000 1.000000 1.000000
X -0.286072 -0.942606 0.172212
Y -0.908491 0.209673 -0.361498
Z 0.304642 -0.259867 -0.916331

PART 51
OFFSET 22.759278 -1.914489 -4.825338
SCALE 1.000000 1.000000 1.000000
X -0.570064 -0.790106 0.225300
Y -0.799667 0.470636 -0.372873
Z 0.188575 -0.392727 -0.900114

PART 52
OFFSET 19.563935 -3.426176 -3.632915
SCALE 1.000000 1.000000 1.000000
X 0.240960 -0.940238 0.240604
Y -0.840480 -0.078190 0.536171
Z -0.485316 -0.331418 -0.809092

PART 53
OFFSET 14.739503 -4.326186 -3.174137
SCALE 1.000000 1.000000 1.000000
X -0.281127 -0.953269 0.110663
Y 0.959642 -0.278357 0.040050
Z -0.007375 0.117456 0.993051

PART 54
OFFSET 10.917712 -2.683607 -3.070281
SCALE 1.000000 1.000000 1.000000
X 0.893271 0.388749 -0.225703
Y -0.414127 0.906970 -0.076844
Z 0.174833 0.162113 0.971161

PART 55
OFFSET 11.269621 -3.587347 -5.071193
SCALE 1.000000 1.000000 1.000000
X 0.576031 -0.691157 -0.436453
Y 0.770345 0.637588 0.007032
Z 0.273417 -0.340270 0.899700

PART 56
OFFSET 11.954804 -3.390021 -4.329793
SCALE 1.000000 1.000000 1.000000
X 0.740340 -0.497019 -0.452625
Y 0.542398 0.839410 -0.034563
Z 0.397116 -0.219915 0.891031

PART 57
OFFSET 11.396624 -2.917236 -2.107443
SCALE 1.000000 1.000000 1.000000
X -0.661853 -0.169245 0.730278
Y -0.505230 -0.618975 -0.601342
Z 0.553799 -0.766959 0.324163

PART 58
OFFSET 21.787990 -4.230776 -2.955583
SCALE 1.000000 1.000000 1.000000
X 0.992788 0.089155 0.080146
Y -0.082932 0.993507 -0.077881
Z -0.086569 0.070673 0.993736

PART 59
OFFSET 21.882064 -4.353909 -3.550320
SCALE 1.000000 1.000000 1.000000
X 0.910189 0.406227 0.080845
Y -0.373223 0.889023 -0.265222
Z -0.179614 0.211228 0.960792

PART 60
OFFSET 22.306077 -2.295848 -5.698221
SCALE 1.000000 1.000000 1.000000
X -0.304931 -0.950141 0.065184
Y -0.875094 0.252523 -0.412848
Z 0.375803 -0.182933 -0.908464

PART 61
OFFSET 22.251530 -3.035174 -4.496678
SCALE 1.000000 1.000000 1.000000
X -0.478116 -0.878240 -0.009981
Y -0.836341 0.458718 -0.300186
Z 0.268214 -0.135176 -0.953829

PART 62
OFFSET 19.787980 -4.459466 -3.400644
SCALE 1.000000 1.000000 1.000000
X 0.316380 -0.497304 0.807832
Y 0.480949 0.818104 0.315268
Z -0.817675 0.288781 0.498010

PART 63
OFFSET 15.057069 -3.249516 -3.299101
SCALE 1.000000 1.000000 1.000000
X -0.776709 0.594549 0.207932
Y 0.553620 0.801856 -0.224791
Z -0.300381 -0.059482 -0.951963

PART 64
OFFSET 9.904491 -3.124433 -2.821559
SCALE 1.000000 1.000000 1.000000
X -0.432313 -0.888146 0.155889
Y -0.876833 0.454389 0.157143
Z -0.210400 -0.068754 -0.975195

PART 65
OFFSET 10.775015 -2.986596 -4.694141
SCALE 1.000000 1.000000 1.000000
X 0.905975 0.123671 -0.404863
Y 0.058884 0.910264 0.409820
Z 0.419215 -0.395127 0.817394

PART 66
OFFSET 10.871710 -2.761257 -3.714019
SCALE 1.000000 1.000000 1.000000
X 0.891130 0.429244 -0.147096
Y -0.373529 0.878017 0.299270
Z 0.257613 -0.211743 0.942762

PART 67
OFFSET 12.095643 -2.688598 -2.901791
SCALE 1.000000 1.000000 1.000000
X -0.948430 0.240136 0.206917
Y 0.112662 0.865508 -0.488060
Z -0.296289 -0.439580 -0.847928

PART 68
OFFSET 22.016385 -3.198506 -5.636293
SCALE 1.000000 1.000000 1.000000
X 0.727684 0.594797 0.341602
Y -0.417057 0.779070 -0.468096
Z -0.544554 0.198159 0.814981

PART 69
OFFSET 21.733064 -3.987607 -4.507499
SCALE 1.000000 1.000000 1.000000
X 0.883674 0.450184 0.128272
Y -0.421487 0.884428 -0.200340
Z -0.203637 0.122970 0.971293

PART 70
OFFSET 9.914302 -3.104083 -4.309519
SCALE 1.000000 1.000000 1.000000
X -0.790887 -0.608321 -0.066660
Y -0.485778 0.557826 0.672941
Z -0.372179 0.564602 -0.736687

PART 71
OFFSET 9.905241 -3.226742 -3.554451
SCALE 1.000000 1.000000 1.000000
X -0.502802 -0.864402 0.000325
Y -0.827185 0.481263 0.290090
Z -0.250911 0.145588 -0.956999

PART 72
OFFSET 0.000000 0.000000 0.000000
SCALE 1.000000 1.000000 1.000000
X 1.000000 0.000000 0.000000
Y 0.000000 1.000000 0.000000
Z 0.000000 0.000000 1.000000

PART 73
OFFSET 0.000000 0.000000 0.000000
SCALE 1.000000 1.000000 1.000000
X 1.000000 0.000000 0.000000
Y 0.000000 1.000000 0.000000
Z 0.000000 0.000000 1.000000

PART 74
OFFSET 1.540551 0.000000 4.135826
SCALE 1.000000 1.000000 1.000000
X 1.000000 0.000000 0.000000
Y 0.000000 1.000000 0.000000
Z 0.000000 0.000000 1.000000

PART 75
OFFSET -4.631835 0.000000 -1.376957
SCALE 1.000000 1.000000 1.000000
X 1.000000 0.000000 0.000000
Y 0.000000 1.000000 0.000000
Z 0.000000 0.000000 1.000000

FRAME 1
PART 0
OFFSET 0.000000 0.000000 0.000000
SCALE 1.000000 1.000000 1.000000
X 1.000000 0.000000 0.000000
Y 0.000000 1.000000 0.000000
Z 0.000000 0.000000 1.000000

PART 1
OFFSET -1.120055 6.800090 -0.998211
SCALE 1.000000 1.000000 1.000000
X 0.806770 -0.070165 -0.586684
Y -0.085817 -0.996310 0.001145
Z -0.584600 0.049423 -0.809815

PART 2
OFFSET -8.605256 -9.866200 3.909407
SCALE 1.000000 1.000000 1.000000
X -0.516624 -0.120916 0.847631
Y -0.274402 -0.914379 -0.297683
Z 0.811051 -0.386382 0.439210

PART 3
OFFSET 13.936019 -3.827578 -3.944602
SCALE 1.000000 1.000000 1.000000
X 1.000000 0.000000 0.000000
Y 0.000000 1.000000 0.000000
Z 0.000000 0.000000 1.000000

PART 4
OFFSET 13.908927 18.076323 -17.331985
SCALE 1.000000 1.000000 1.000000
X 0.998737 0.041892 -0.027740
Y 0.021387 0.145113 0.989184
Z 0.045465 -0.988528 0.144033

PART 5
OFFSET 8.525366 5.814637 -7.870108
SCALE 1.000000 1.000000 1.000000
X 0.860599 -0.459061 0.220528
Y -0.376540 -0.281981 0.882442
Z -0.342910 -0.842466 -0.415528

PART 6
OFFSET -2.290852 -8.503967 -6.967623
SCALE 1.000000 1.000000 1.000000
X -0.913804 -0.211966 -0.346457
Y 0.325431 0.128269 -0.936825
Z 0.243015 -0.968823 -0.048233

PART 7
OFFSET 13.936019 -3.827578 -3.944602
SCALE 1.000000 1.000000 1.000000
X 1.000000 0.000000 0.000000
Y 0.000000 1.000000 0.000000
Z 0.000000 0.000000 1.000000

PART 8
OFFSET 17.752421 2.322194 -6.245719
SCALE 1.000000 1.000000 1.000000
X 0.863763 -0.455075 0.216380
Y 0.345860 0.847708 0.402210
Z -0.366463 -0.272576 0.889611

PART 9
OFFSET 16.940224 1.183350 -7.182219
SCALE 1.000000 1.000000 1.000000
X 0.863763 -0.455075 0.216380
Y 0.345860 0.847708 0.402210
Z -0.366463 -0.272576 0.889611

PART 10
OFFSET 17.210136 1.272114 -3.934996
SCALE 1.000000 1.000000 1.000000
X 0.863763 -0.455075 0.216380
Y 0.345860 0.847708 0.402210
Z -0.366463 -0.272576 0.889611

PART 11
OFFSET 16.588893 0.140893 -4.316959
SCALE 1.000000 1.000000 1.000000
X 0.863763 -0.455075 0.216380
Y 0.345860 0.847708 0.402210
Z -0.366463 -0.272576 0.889611

PART 12
OFFSET 16.411724 0.076971 -5.500264
SCALE 1.000000 1.000000 1.000000
X 0.863763 -0.455075 0.216380
Y 0.345860 0.847708 0.402210
Z -0.366463 -0.272576 0.889611

PART 13
OFFSET 18.430383 0.531303 -5.450475
SCALE 1.000000 1.000000 1.000000
X 0.894069 -0.254522 0.368589
Y -0.434718 -0.294676 0.850991
Z -0.107982 -0.921078 -0.374106

PART 14
OFFSET 15.874864 1.981160 -5.914614
SCALE 1.000000 1.000000 1.000000
X 0.874234 -0.448358 0.186252
Y -0.181121 0.054746 0.981936
Z -0.450455 -0.892176 -0.033346

PART 15
OFFSET 6.945922 -7.245825 -2.003484
SCALE 1.000000 1.000000 1.000000
X -0.916390 -0.210094 -0.340720
Y -0.245093 0.967474 0.062634
Z 0.316479 0.140906 -0.938076

PART 16
OFFSET 6.462759 -6.011157 -1.771866
SCALE 1.000000 1.000000 1.000000
X -0.916390 -0.210094 -0.340720
Y -0.245093 0.967474 0.062634
Z 0.316479 0.140906 -0.938076

PART 17
OFFSET 6.276696 -5.382083 -2.774544
SCALE 1.000000 1.000000 1.000000
X -0.916390 -0.210094 -0.340720
Y -0.245093 0.967474 0.062634
Z 0.316479 0.140906 -0.938076

PART 18
OFFSET 8.360640 -6.008884 -2.802292
SCALE 1.000000 1.000000 1.000000
X -0.962655 -0.223004 0.153505
Y -0.085757 -0.286629 -0.954196
Z 0.256789 -0.931726 0.256801

PART 19
OFFSET 5.489519 -6.734753 -4.002893
SCALE 1.000000 1.000000 1.000000
X -0.918677 -0.212298 -0.333108
Y 0.273352 0.267081 -0.924092
Z 0.285150 -0.939998 -0.187329

PART 20
OFFSET 19.145504 -3.827843 -0.666243
SCALE 1.000000 1.000000 1.000000
X 1.000000 0.000000 0.000000
Y 0.000000 1.000000 0.000000
Z 0.000000 0.000000 1.000000

PART 21
OFFSET 20.353162 -3.816208 -0.353976
SCALE 1.000000 1.000000 1.000000
X 0.000000 -0.866099 0.499872
Y 1.000000 0.000000 0.000000
Z -0.000000 0.499872 0.866099

PART 22
OFFSET 20.898669 -3.827578 -1.249435
SCALE 1.000000 1.000000 1.000000
X 1.000000 0.000000 0.000000
Y 0.000000 1.000000 0.000000
Z 0.000000 0.000000 1.000000

PART 23
OFFSET 32.500769 -3.827843 -0.778306
SCALE 1.000000 1.000000 1.000000
X 1.000000 0.000000 0.000000
Y 0.000000 1.000000 0.000000
Z 0.000000 0.000000 1.000000

PART 24
OFFSET 13.936019 -3.827578 -3.944602
SCALE 1.000000 1.000000 1.000000
X 0.996503 0.000000 0.083554
Y -0.000000 1.000000 0.000000
Z -0.083554 -0.000000 0.996503

PART 25
OFFSET 21.636005 -0.419734 -3.244188
SCALE 1.000000 1.000000 1.000000
X 0.420710 -0.900640 0.108865
Y -0.768244 -0.417521 -0.485261
Z 0.482498 0.120519 -0.867566

PART 26
OFFSET 22.031868 -0.189366 -4.264448
SCALE 1.000000 1.000000 1.000000
X 0.186187 -0.947777 0.258946
Y -0.859327 -0.284859 -0.424750
Z 0.476331 -0.143437 -0.867488

PART 27
OFFSET 19.691446 0.539416 -6.363175
SCALE 1.000000 1.000000 1.000000
X 0.878170 -0.475484 0.052272
Y -0.478019 -0.868258 0.132759
Z -0.017740 -0.141572 -0.989769

PART 28
OFFSET 19.601040 0.451771 -5.441874
SCALE 1.000000 1.000000 1.000000
X 0.924551 -0.369346 0.093748
Y -0.352422 -0.922361 -0.158270
Z 0.144926 0.113290 -0.982935

PART 29
OFFSET 18.396820 -0.178683 -4.780165
SCALE 1.000000 1.000000 1.000000
X 0.135425 -0.906568 0.399744
Y -0.898256 0.057909 0.435640
Z -0.418086 -0.418069 -0.806488

PART 30
OFFSET 20.438424 -1.214895 -3.163577
SCALE 1.000000 1.000000 1.000000
X 0.895271 -0.438602 0.078223
Y 0.346018 0.795116 0.498057
Z -0.280645 -0.418830 0.863609

PART 31
OFFSET 20.924096 -1.403558 -5.479874
SCALE 1.000000 1.000000 1.000000
X 0.088971 0.365902 -0.926391
Y 0.108019 0.921049 0.374166
Z 0.990160 -0.133357 0.042423

PART 32
OFFSET 12.254712 -5.307477 -2.553632
SCALE 1.000000 1.000000 1.000000
X -0.957065 -0.136462 0.255745
Y 0.254008 -0.819897 0.513078
Z 0.139669 0.556010 0.819357

PART 33
OFFSET 12.088310 -5.378127 -3.685899
SCALE 1.000000 1.000000 1.000000
X -0.032919 -0.988274 -0.149103
Y 0.985659 -0.007396 -0.168590
Z 0.165510 -0.152515 0.974344

PART 34
OFFSET 9.043002 -5.954528 -4.031262
SCALE 1.000000 1.000000 1.000000
X -0.759442 -0.440957 0.478336
Y 0.524802 -0.849763 0.049855
Z 0.384488 0.288894 0.876761

PART 35
OFFSET 9.322923 -5.855007 -3.385175
SCALE 1.000000 1.000000 1.000000
X -0.868135 -0.317296 0.381660
Y 0.421048 -0.877959 0.227830
Z 0.262793 0.358484 0.895784

PART 36
OFFSET 8.798649 -5.245255 -2.128174
SCALE 1.000000 1.000000 1.000000
X -0.648847 -0.718081 -0.251709
Y 0.358506 0.003288 -0.933522
Z 0.671171 -0.695952 0.255303

PART 37
OFFSET 4.564377 -7.194027 -1.218904
SCALE 1.000000 1.000000 1.000000
X -0.817779 -0.413463 0.400357
Y -0.528576 0.814769 -0.238241
Z -0.227694 -0.406447 -0.884848

PART 38
OFFSET 22.359052 -2.016433 -3.084583
SCALE 1.000000 1.000000 1.000000
X -0.419642 -0.898922 -0.125852
Y -0.793385 0.430611 -0.430250
Z 0.440955 -0.080702 -0.893894

PART 39
OFFSET 22.433668 -1.993871 -3.759213
SCALE 1.000000 1.000000 1.000000
X -0.178584 -0.983914 -0.004698
Y -0.979403 0.178218 -0.094909
Z 0.094219 -0.012347 -0.995475

PART 40
OFFSET 21.639505 -0.558456 -6.078568
SCALE 1.000000 1.000000 1.000000
X 0.635027 -0.753131 0.171854
Y -0.747382 -0.655248 -0.109862
Z 0.195348 -0.058676 -0.978977

PART 41
OFFSET 22.025552 -0.488187 -5.334301
SCALE 1.000000 1.000000 1.000000
X 0.426882 -0.848356 0.313153
Y -0.873710 -0.476237 -0.099144
Z 0.233244 -0.231282 -0.944514

PART 42
OFFSET 18.616802 -2.219282 -3.910014
SCALE 1.000000 1.000000 1.000000
X 0.713926 -0.677188 0.178119
Y -0.655294 -0.556493 0.510789
Z -0.246778 -0.481386 -0.841052

PART 43
OFFSET 13.910783 -5.189047 -3.006333
SCALE 1.000000 1.000000 1.000000
X -0.773662 -0.600817 0.201163
Y 0.630891 -0.759817 0.157017
Z 0.058508 0.248390 0.966891

PART 44
OFFSET 12.135679 -3.437732 -3.386414
SCALE 1.000000 1.000000 1.000000
X 0.799940 -0.545932 -0.249107
Y 0.475030 0.829751 -0.293018
Z 0.366665 0.116064 0.923085

PART 45
OFFSET 10.845994 -4.962605 -5.032873
SCALE 1.000000 1.000000 1.000000
X -0.298653 -0.953859 0.030963
Y 0.903463 -0.293030 -0.312869
Z 0.307506 -0.065466 0.949291

PART 46
OFFSET 11.542440 -5.071482 -4.505436
SCALE 1.000000 1.000000 1.000000
X -0.245191 -0.964949 -0.093572
Y 0.880104 -0.181072 -0.438896
Z 0.406569 -0.189967 0.893652

PART 47
OFFSET 10.150110 -3.633341 -1.510123
SCALE 1.000000 1.000000 1.000000
X -0.821764 -0.533819 0.199349
Y 0.047603 -0.412930 -0.909518
Z 0.567835 -0.737920 0.364742

PART 48
OFFSET 22.067825 -3.140530 -3.049448
SCALE 1.000000 1.000000 1.000000
X -0.247791 -0.965244 0.083087
Y -0.894004 0.194769 -0.403513
Z 0.373305 -0.174267 -0.911194

PART 49
OFFSET 22.400786 -3.354468 -3.672072
SCALE 1.000000 1.000000 1.000000
X -0.459111 -0.881094 0.113533
Y -0.883866 0.440168 -0.158221
Z 0.089434 -0.172989 -0.980855

PART 50
OFFSET 22.540526 -1.630247 -5.835018
SCALE 1.000000 1.000000 1.000000
X -0.286072 -0.942606 0.172212
Y -0.908491 0.209673 -0.361498
Z 0.304642 -0.259867 -0.916331

PART 51
OFFSET 22.759278 -1.914489 -4.825338
SCALE 1.000000 1.000000 1.000000
X -0.570064 -0.790106 0.225300
Y -0.799667 0.470636 -0.372873
Z 0.188575 -0.392727 -0.900114

PART 52
OFFSET 19.563935 -3.426176 -3.632915
SCALE 1.000000 1.000000 1.000000
X 0.240960 -0.940238 0.240604
Y -0.840480 -0.078190 0.536171
Z -0.485316 -0.331418 -0.809092

PART 53
OFFSET 14.739503 -4.326186 -3.174137
SCALE 1.000000 1.000000 1.000000
X -0.281127 -0.953269 0.110663
Y 0.959642 -0.278357 0.040050
Z -0.007375 0.117456 0.993051

PART 54
OFFSET 10.917712 -2.683607 -3.070281
SCALE 1.000000 1.000000 1.000000
X 0.893271 0.388749 -0.225703
Y -0.414127 0.906970 -0.076844
Z 0.174833 0.162113 0.971161

PART 55
OFFSET 11.269621 -3.587347 -5.071193
SCALE 1.000000 1.000000 1.000000
X 0.576031 -0.691157 -0.436453
Y 0.770345 0.637588 0.007032
Z 0.273417 -0.340270 0.899700

PART 56
OFFSET 11.954804 -3.390021 -4.329793
SCALE 1.000000 1.000000 1.000000
X 0.740340 -0.497019 -0.452625
Y 0.542398 0.839410 -0.034563
Z 0.397116 -0.219915 0.891031

PART 57
OFFSET 11.396624 -2.917236 -2.107443
SCALE 1.000000 1.000000 1.000000
X -0.661853 -0.169245 0.730278
Y -0.505230 -0.618975 -0.601342
Z 0.553799 -0.766959 0.324163

PART 58
OFFSET 21.787990 -4.230776 -2.955583
SCALE 1.000000 1.000000 1.000000
X 0.992788 0.089155 0.080146
Y -0.082932 0.993507 -0.077881
Z -0.086569 0.070673 0.993736

PART 59
OFFSET 21.882064 -4.353909 -3.550320
SCALE 1.000000 1.000000 1.000000
X 0.910189 0.406227 0.080845
Y -0.373223 0.889023 -0.265222
Z -0.179614 0.211228 0.960792

PART 60
OFFSET 22.306077 -2.295848 -5.698221
SCALE 1.000000 1.000000 1.000000
X -0.304931 -0.950141 0.065184
Y -0.875094 0.252523 -0.412848
Z 0.375803 -0.182933 -0.908464

PART 61
OFFSET 22.251530 -3.035174 -4.496678
SCALE 1.000000 1.000000 1.000000
X -0.478116 -0.878240 -0.009981
Y -0.836341 0.458718 -0.300186
Z 0.268214 -0.135176 -0.953829

PART 62
OFFSET 19.787980 -4.459466 -3.400644
SCALE 1.000000 1.000000 1.000000
X 0.316380 -0.497304 0.807832
Y 0.480949 0.818104 0.315268
Z -0.817675 0.288781 0.498010

PART 63
OFFSET 15.057069 -3.249516 -3.299101
SCALE 1.000000 1.000000 1.000000
X -0.776709 0.594549 0.207932
Y 0.553620 0.801856 -0.224791
Z -0.300381 -0.059482 -0.951963

PART 64
OFFSET 9.904491 -3.124433 -2.821559
SCALE 1.000000 1.000000 1.000000
X -0.432313 -0.888146 0.155889
Y -0.876833 0.454389 0.157143
Z -0.210400 -0.068754 -0.975195

PART 65
OFFSET 10.775015 -2.986596 -4.694141
SCALE 1.000000 1.000000 1.000000
X 0.905975 0.123671 -0.404863
Y 0.058884 0.910264 0.409820
Z 0.419215 -0.395127 0.817394

PART 66
OFFSET 10.871710 -2.761257 -3.714019
SCALE 1.000000 1.000000 1.000000
X 0.891130 0.429244 -0.147096
Y -0.373529 0.878017 0.299270
Z 0.257613 -0.211743 0.942762

PART 67
OFFSET 12.095643 -2.688598 -2.901791
SCALE 1.000000 1.000000 1.000000
X -0.948430 0.240136 0.206917
Y 0.112662 0.865508 -0.488060
Z -0.296289 -0.439580 -0.847928

PART 68
OFFSET 22.016385 -3.198506 -5.636293
SCALE 1.000000 1.000000 1.000000
X 0.727684 0.594797 0.341602
Y -0.417057 0.779070 -0.468096
Z -0.544554 0.198159 0.814981

PART 69
OFFSET 21.733064 -3.987607 -4.507499
SCALE 1.000000 1.000000 1.000000
X 0.883674 0.450184 0.128272
Y -0.421487 0.884428 -0.200340
Z -0.203637 0.122970 0.971293

PART 70
OFFSET 9.914302 -3.104083 -4.309519
SCALE 1.000000 1.000000 1.000000
X -0.790887 -0.608321 -0.066660
Y -0.485778 0.557826 0.672941
Z -0.372179 0.564602 -0.736687

PART 71
OFFSET 9.905241 -3.226742 -3.554451
SCALE 1.000000 1.000000 1.000000
X -0.502802 -0.864402 0.000325
Y -0.827185 0.481263 0.290090
Z -0.250911 0.145588 -0.956999

PART 72
OFFSET 0.000000 0.000000 0.000000
SCALE 1.000000 1.000000 1.000000
X 1.000000 0.000000 0.000000
Y 0.000000 1.000000 0.000000
Z 0.000000 0.000000 1.000000

PART 73
OFFSET 0.000000 0.000000 0.000000
SCALE 1.000000 1.000000 1.000000
X 1.000000 0.000000 0.000000
Y 0.000000 1.000000 0.000000
Z 0.000000 0.000000 1.000000

PART 74
OFFSET 1.540551 0.000000 4.135826
SCALE 1.000000 1.000000 1.000000
X 1.000000 0.000000 0.000000
Y 0.000000 1.000000 0.000000
Z 0.000000 0.000000 1.000000

PART 75
OFFSET -4.631835 0.000000 -1.376957
SCALE 1.000000 1.000000 1.000000
X 1.000000 0.000000 0.000000
Y 0.000000 1.000000 0.000000
Z 0.000000 0.000000 1.000000

NOTETRACKS

PART 0
NUMTRACKS 0

PART 1
NUMTRACKS 0

PART 2
NUMTRACKS 0

PART 3
NUMTRACKS 0

PART 4
NUMTRACKS 0

PART 5
NUMTRACKS 0

PART 6
NUMTRACKS 0

PART 7
NUMTRACKS 0

PART 8
NUMTRACKS 0

PART 9
NUMTRACKS 0

PART 10
NUMTRACKS 0

PART 11
NUMTRACKS 0

PART 12
NUMTRACKS 0

PART 13
NUMTRACKS 0

PART 14
NUMTRACKS 0

PART 15
NUMTRACKS 0

PART 16
NUMTRACKS 0

PART 17
NUMTRACKS 0

PART 18
NUMTRACKS 0

PART 19
NUMTRACKS 0

PART 20
NUMTRACKS 0

PART 21
NUMTRACKS 0

PART 22
NUMTRACKS 0

PART 23
NUMTRACKS 0

PART 24
NUMTRACKS 0

PART 25
NUMTRACKS 0

PART 26
NUMTRACKS 0

PART 27
NUMTRACKS 0

PART 28
NUMTRACKS 0

PART 29
NUMTRACKS 0

PART 30
NUMTRACKS 0

PART 31
NUMTRACKS 0

PART 32
NUMTRACKS 0

PART 33
NUMTRACKS 0

PART 34
NUMTRACKS 0

PART 35
NUMTRACKS 0

PART 36
NUMTRACKS 0

PART 37
NUMTRACKS 0

PART 38
NUMTRACKS 0

PART 39
NUMTRACKS 0

PART 40
NUMTRACKS 0

PART 41
NUMTRACKS 0

PART 42
NUMTRACKS 0

PART 43
NUMTRACKS 0

PART 44
NUMTRACKS 0

PART 45
NUMTRACKS 0

PART 46
NUMTRACKS 0

PART 47
NUMTRACKS 0

PART 48
NUMTRACKS 0

PART 49
NUMTRACKS 0

PART 50
NUMTRACKS 0

PART 51
NUMTRACKS 0

PART 52
NUMTRACKS 0

PART 53
NUMTRACKS 0

PART 54
NUMTRACKS 0

PART 55
NUMTRACKS 0

PART 56
NUMTRACKS 0

PART 57
NUMTRACKS 0

PART 58
NUMTRACKS 0

PART 59
NUMTRACKS 0

PART 60
NUMTRACKS 0

PART 61
NUMTRACKS 0

PART 62
NUMTRACKS 0

PART 63
NUMTRACKS 0

PART 64
NUMTRACKS 0

PART 65
NUMTRACKS 0

PART 66
NUMTRACKS 0

PART 67
NUMTRACKS 0

PART 68
NUMTRACKS 0

PART 69
NUMTRACKS 0

PART 70
NUMTRACKS 0

PART 71
NUMTRACKS 0

PART 72
NUMTRACKS 0

PART 73
NUMTRACKS 0

PART 74
NUMTRACKS 0

PART 75
NUMTRACKS 0

