// Export time: Sun Jun 12 22:21:52 2022

ANIMATION
VERSION 3

NUMPARTS 77
PART 0 "tag_torso"
PART 1 "j_shoulder_le"
PART 2 "j_shoulder_ri"
PART 3 "tag_weapon"
PART 4 "tag_weapon1"
PART 5 "j_elbow_le"
PART 6 "j_elbow_ri"
PART 7 "j_gun"
PART 8 "j_sleave_reshape_bottom_le_1"
PART 9 "j_sleave_reshape_bottom_le_2"
PART 10 "j_sleave_reshape_top_le_1"
PART 11 "j_sleave_reshape_top_le_2"
PART 12 "j_sleave_reshape_top_le_3"
PART 13 "j_wrist_le"
PART 14 "j_wristtwist_le"
PART 15 "j_sleave_reshape_top_ri_1"
PART 16 "j_sleave_reshape_top_ri_2"
PART 17 "j_sleave_reshape_top_ri_3"
PART 18 "j_wrist_ri"
PART 19 "j_wristtwist_ri"
PART 20 "tag_bolt_animate"
PART 21 "tag_brass"
PART 22 "tag_bullet_animate"
PART 23 "tag_flash"
PART 24 "tag_extended_mag_attach_animate"
PART 25 "j_index_le_0"
PART 26 "j_mid_le_0"
PART 27 "j_pinkypalm_le"
PART 28 "j_ringpalm_le"
PART 29 "j_thumb_le_0"
PART 30 "j_webbing_le"
PART 31 "tag_knife_attach"
PART 32 "j_index_ri_0"
PART 33 "j_mid_ri_0"
PART 34 "j_pinkypalm_ri"
PART 35 "j_ringpalm_ri"
PART 36 "j_thumb_ri_0"
PART 37 "j_webbing_ri"
PART 38 "tag_extended_mag_bullet_attach_animate"
PART 39 "j_index_le_1"
PART 40 "j_mid_le_1"
PART 41 "j_pinky_le_0"
PART 42 "j_ring_le_0"
PART 43 "j_thumb_le_1"
PART 44 "j_index_ri_1"
PART 45 "j_mid_ri_1"
PART 46 "j_pinky_ri_0"
PART 47 "j_ring_ri_0"
PART 48 "j_thumb_ri_1"
PART 49 "j_index_le_2"
PART 50 "j_mid_le_2"
PART 51 "j_pinky_le_1"
PART 52 "j_ring_le_1"
PART 53 "j_thumb_le_2"
PART 54 "j_index_ri_2"
PART 55 "j_mid_ri_2"
PART 56 "j_pinky_ri_1"
PART 57 "j_ring_ri_1"
PART 58 "j_thumb_ri_2"
PART 59 "j_index_le_3"
PART 60 "j_mid_le_3"
PART 61 "j_pinky_le_2"
PART 62 "j_ring_le_2"
PART 63 "j_thumb_le_3"
PART 64 "j_index_ri_3"
PART 65 "j_mid_ri_3"
PART 66 "j_pinky_ri_2"
PART 67 "j_ring_ri_2"
PART 68 "j_thumb_ri_3"
PART 69 "j_pinky_le_3"
PART 70 "j_ring_le_3"
PART 71 "j_pinky_ri_3"
PART 72 "j_ring_ri_3"
PART 73 "tag_cambone"
PART 74 "tag_camera"
PART 75 "tag_gasmask"
PART 76 "tag_gasmask2"

FRAMERATE 30
NUMFRAMES 75
FRAME 0
PART 0
OFFSET 0.000000 0.000000 0.000000
SCALE 1.000000 1.000000 1.000000
X 1.000000 0.000000 0.000000
Y 0.000000 1.000000 0.000000
Z 0.000000 0.000000 1.000000

PART 1
OFFSET -1.120077 6.800090 -0.998227
SCALE 1.000000 1.000000 1.000000
X 0.806770 -0.070165 -0.586684
Y -0.085817 -0.996310 0.001145
Z -0.584600 0.049423 -0.809815

PART 2
OFFSET -8.605263 -9.866200 3.909399
SCALE 1.000000 1.000000 1.000000
X -0.516624 -0.120916 0.847631
Y -0.274402 -0.914379 -0.297683
Z 0.811051 -0.386382 0.439210

PART 3
OFFSET 13.932991 -3.825374 -3.938207
SCALE 1.000000 1.000000 1.000000
X 1.000000 0.000000 0.000000
Y 0.000000 1.000000 0.000000
Z 0.000000 0.000000 1.000000

PART 4
OFFSET 13.908927 18.076323 -17.331985
SCALE 1.000000 1.000000 1.000000
X 0.998737 0.041892 -0.027740
Y 0.021387 0.145113 0.989184
Z 0.045465 -0.988528 0.144033

PART 5
OFFSET 8.525240 5.814678 -7.870148
SCALE 1.000000 1.000000 1.000000
X 0.860599 -0.459061 0.220528
Y -0.376540 -0.281981 0.882442
Z -0.342910 -0.842466 -0.415528

PART 6
OFFSET -2.290954 -8.504042 -6.967616
SCALE 1.000000 1.000000 1.000000
X -0.913804 -0.211966 -0.346457
Y 0.325431 0.128269 -0.936825
Z 0.243015 -0.968823 -0.048233

PART 7
OFFSET 13.932991 -3.825374 -3.938207
SCALE 1.000000 1.000000 1.000000
X 1.000000 0.000000 0.000000
Y 0.000000 1.000000 0.000000
Z 0.000000 0.000000 1.000000

PART 8
OFFSET 17.752294 2.322235 -6.245758
SCALE 1.000000 1.000000 1.000000
X 0.863763 -0.455075 0.216380
Y 0.345860 0.847708 0.402210
Z -0.366463 -0.272576 0.889611

PART 9
OFFSET 16.940098 1.183391 -7.182258
SCALE 1.000000 1.000000 1.000000
X 0.863763 -0.455075 0.216380
Y 0.345860 0.847708 0.402210
Z -0.366463 -0.272576 0.889611

PART 10
OFFSET 17.210009 1.272155 -3.935036
SCALE 1.000000 1.000000 1.000000
X 0.863763 -0.455075 0.216380
Y 0.345860 0.847708 0.402210
Z -0.366463 -0.272576 0.889611

PART 11
OFFSET 16.588767 0.140934 -4.316998
SCALE 1.000000 1.000000 1.000000
X 0.863763 -0.455075 0.216380
Y 0.345860 0.847708 0.402210
Z -0.366463 -0.272576 0.889611

PART 12
OFFSET 16.411598 0.077012 -5.500303
SCALE 1.000000 1.000000 1.000000
X 0.863763 -0.455075 0.216380
Y 0.345860 0.847708 0.402210
Z -0.366463 -0.272576 0.889611

PART 13
OFFSET 18.430308 0.531318 -5.450491
SCALE 1.000000 1.000000 1.000000
X 0.894069 -0.254522 0.368589
Y -0.434718 -0.294676 0.850991
Z -0.107982 -0.921078 -0.374106

PART 14
OFFSET 15.874782 1.981179 -5.914634
SCALE 1.000000 1.000000 1.000000
X 0.874234 -0.448358 0.186252
Y -0.181121 0.054746 0.981936
Z -0.450455 -0.892176 -0.033346

PART 15
OFFSET 6.945820 -7.245899 -2.003477
SCALE 1.000000 1.000000 1.000000
X -0.916390 -0.210094 -0.340720
Y -0.245093 0.967474 0.062634
Z 0.316479 0.140906 -0.938076

PART 16
OFFSET 6.462657 -6.011232 -1.771859
SCALE 1.000000 1.000000 1.000000
X -0.916390 -0.210094 -0.340720
Y -0.245093 0.967474 0.062634
Z 0.316479 0.140906 -0.938076

PART 17
OFFSET 6.276594 -5.382157 -2.774537
SCALE 1.000000 1.000000 1.000000
X -0.916390 -0.210094 -0.340720
Y -0.245093 0.967474 0.062634
Z 0.316479 0.140906 -0.938076

PART 18
OFFSET 8.360592 -6.009080 -2.802340
SCALE 1.000000 1.000000 1.000000
X -0.962655 -0.223004 0.153505
Y -0.085757 -0.286629 -0.954196
Z 0.256789 -0.931726 0.256801

PART 19
OFFSET 5.489464 -6.734934 -4.002935
SCALE 1.000000 1.000000 1.000000
X -0.918677 -0.212298 -0.333108
Y 0.273352 0.267081 -0.924092
Z 0.285150 -0.939998 -0.187329

PART 20
OFFSET 19.142476 -3.825639 -0.659848
SCALE 1.000000 1.000000 1.000000
X 1.000000 0.000000 0.000000
Y 0.000000 1.000000 0.000000
Z 0.000000 0.000000 1.000000

PART 21
OFFSET 20.350134 -3.814004 -0.347581
SCALE 1.000000 1.000000 1.000000
X 0.000000 -0.866099 0.499872
Y 1.000000 0.000000 0.000000
Z -0.000000 0.499872 0.866099

PART 22
OFFSET 20.895641 -3.825374 -1.243041
SCALE 1.000000 1.000000 1.000000
X 1.000000 0.000000 0.000000
Y 0.000000 1.000000 0.000000
Z 0.000000 0.000000 1.000000

PART 23
OFFSET 32.497741 -3.825639 -0.771912
SCALE 1.000000 1.000000 1.000000
X 1.000000 0.000000 0.000000
Y 0.000000 1.000000 0.000000
Z 0.000000 0.000000 1.000000

PART 24
OFFSET 13.932991 -3.825374 -3.938207
SCALE 1.000000 1.000000 1.000000
X 1.000000 0.000000 0.000000
Y 0.000000 1.000000 0.000000
Z 0.000000 0.000000 1.000000

PART 25
OFFSET 21.635878 -0.419699 -3.244181
SCALE 1.000000 1.000000 1.000000
X 0.420710 -0.900640 0.108865
Y -0.768244 -0.417521 -0.485261
Z 0.482498 0.120519 -0.867566

PART 26
OFFSET 22.031746 -0.189324 -4.264451
SCALE 1.000000 1.000000 1.000000
X 0.186187 -0.947777 0.258946
Y -0.859327 -0.284859 -0.424750
Z 0.476331 -0.143437 -0.867488

PART 27
OFFSET 19.691361 0.539437 -6.363212
SCALE 1.000000 1.000000 1.000000
X 0.878170 -0.475484 0.052272
Y -0.478019 -0.868258 0.132759
Z -0.017740 -0.141572 -0.989769

PART 28
OFFSET 19.600950 0.451796 -5.441897
SCALE 1.000000 1.000000 1.000000
X 0.924551 -0.369346 0.093748
Y -0.352422 -0.922361 -0.158270
Z 0.144926 0.113290 -0.982935

PART 29
OFFSET 18.396740 -0.178671 -4.780165
SCALE 1.000000 1.000000 1.000000
X 0.135425 -0.906568 0.399744
Y -0.898256 0.057909 0.435640
Z -0.418086 -0.418069 -0.806488

PART 30
OFFSET 20.438348 -1.214880 -3.163592
SCALE 1.000000 1.000000 1.000000
X 0.895271 -0.438602 0.078223
Y 0.346018 0.795116 0.498057
Z -0.280645 -0.418830 0.863609

PART 31
OFFSET 20.924020 -1.403542 -5.479889
SCALE 1.000000 1.000000 1.000000
X 0.088971 0.365902 -0.926391
Y 0.108019 0.921049 0.374166
Z 0.990160 -0.133357 0.042423

PART 32
OFFSET 12.254694 -5.307692 -2.553694
SCALE 1.000000 1.000000 1.000000
X -0.957065 -0.136462 0.255745
Y 0.254008 -0.819897 0.513078
Z 0.139669 0.556010 0.819357

PART 33
OFFSET 12.088279 -5.378361 -3.685966
SCALE 1.000000 1.000000 1.000000
X -0.032919 -0.988274 -0.149103
Y 0.985659 -0.007396 -0.168590
Z 0.165510 -0.152515 0.974344

PART 34
OFFSET 9.042940 -5.954748 -4.031317
SCALE 1.000000 1.000000 1.000000
X -0.759442 -0.440957 0.478336
Y 0.524802 -0.849763 0.049855
Z 0.384488 0.288894 0.876761

PART 35
OFFSET 9.322875 -5.855225 -3.385230
SCALE 1.000000 1.000000 1.000000
X -0.868135 -0.317296 0.381660
Y 0.421048 -0.877959 0.227830
Z 0.262793 0.358484 0.895784

PART 36
OFFSET 8.798612 -5.245434 -2.128219
SCALE 1.000000 1.000000 1.000000
X -0.648847 -0.718081 -0.251709
Y 0.358506 0.003288 -0.933522
Z 0.671171 -0.695952 0.255303

PART 37
OFFSET 4.564329 -7.194223 -1.218952
SCALE 1.000000 1.000000 1.000000
X -0.817779 -0.413463 0.400357
Y -0.528576 0.814769 -0.238241
Z -0.227694 -0.406447 -0.884848

PART 38
OFFSET 13.932991 -3.825335 -1.338254
SCALE 1.000000 1.000000 1.000000
X 1.000000 0.000000 0.000000
Y 0.000000 1.000000 0.000000
Z 0.000000 0.000000 1.000000

PART 39
OFFSET 22.358942 -2.016385 -3.084589
SCALE 1.000000 1.000000 1.000000
X -0.419642 -0.898922 -0.125852
Y -0.793385 0.430611 -0.430250
Z 0.440955 -0.080702 -0.893894

PART 40
OFFSET 22.433535 -1.993856 -3.759225
SCALE 1.000000 1.000000 1.000000
X -0.178584 -0.983914 -0.004698
Y -0.979403 0.178218 -0.094909
Z 0.094219 -0.012347 -0.995475

PART 41
OFFSET 21.639405 -0.558421 -6.078630
SCALE 1.000000 1.000000 1.000000
X 0.635027 -0.753131 0.171854
Y -0.747382 -0.655248 -0.109862
Z 0.195348 -0.058676 -0.978977

PART 42
OFFSET 22.025454 -0.488153 -5.334321
SCALE 1.000000 1.000000 1.000000
X 0.426882 -0.848356 0.313153
Y -0.873710 -0.476237 -0.099144
Z 0.233244 -0.231282 -0.944514

PART 43
OFFSET 18.616756 -2.219289 -3.910011
SCALE 1.000000 1.000000 1.000000
X 0.713926 -0.677188 0.178119
Y -0.655294 -0.556493 0.510789
Z -0.246778 -0.481386 -0.841052

PART 44
OFFSET 13.910783 -5.189234 -3.006394
SCALE 1.000000 1.000000 1.000000
X -0.773662 -0.600817 0.201163
Y 0.630891 -0.759817 0.157017
Z 0.058508 0.248390 0.966891

PART 45
OFFSET 12.135664 -3.437968 -3.386501
SCALE 1.000000 1.000000 1.000000
X 0.799940 -0.545932 -0.249107
Y 0.475030 0.829751 -0.293018
Z 0.366665 0.116064 0.923085

PART 46
OFFSET 10.845944 -4.962804 -5.032949
SCALE 1.000000 1.000000 1.000000
X -0.298653 -0.953859 0.030963
Y 0.903463 -0.293030 -0.312869
Z 0.307506 -0.065466 0.949291

PART 47
OFFSET 11.542382 -5.071668 -4.505510
SCALE 1.000000 1.000000 1.000000
X -0.245191 -0.964949 -0.093572
Y 0.880104 -0.181072 -0.438896
Z 0.406569 -0.189967 0.893652

PART 48
OFFSET 10.150053 -3.633522 -1.510136
SCALE 1.000000 1.000000 1.000000
X -0.821764 -0.533819 0.199349
Y 0.047603 -0.412930 -0.909518
Z 0.567835 -0.737920 0.364742

PART 49
OFFSET 22.067698 -3.140480 -3.049446
SCALE 1.000000 1.000000 1.000000
X -0.247791 -0.965244 0.083087
Y -0.894004 0.194769 -0.403513
Z 0.373305 -0.174267 -0.911194

PART 50
OFFSET 22.400659 -3.354456 -3.672085
SCALE 1.000000 1.000000 1.000000
X -0.459111 -0.881094 0.113533
Y -0.883866 0.440168 -0.158221
Z 0.089434 -0.172989 -0.980855

PART 51
OFFSET 22.540424 -1.630197 -5.835072
SCALE 1.000000 1.000000 1.000000
X -0.286072 -0.942606 0.172212
Y -0.908491 0.209673 -0.361498
Z 0.304642 -0.259867 -0.916331

PART 52
OFFSET 22.759198 -1.914438 -4.825340
SCALE 1.000000 1.000000 1.000000
X -0.570064 -0.790106 0.225300
Y -0.799667 0.470636 -0.372873
Z 0.188575 -0.392727 -0.900114

PART 53
OFFSET 19.563897 -3.426178 -3.632907
SCALE 1.000000 1.000000 1.000000
X 0.240960 -0.940238 0.240604
Y -0.840480 -0.078190 0.536171
Z -0.485316 -0.331418 -0.809092

PART 54
OFFSET 14.739508 -4.326367 -3.174195
SCALE 1.000000 1.000000 1.000000
X -0.281127 -0.953269 0.110663
Y 0.959642 -0.278357 0.040050
Z -0.007375 0.117456 0.993051

PART 55
OFFSET 10.917693 -2.683850 -3.070361
SCALE 1.000000 1.000000 1.000000
X 0.893271 0.388749 -0.225703
Y -0.414127 0.906970 -0.076844
Z 0.174833 0.162113 0.971161

PART 56
OFFSET 11.269577 -3.587564 -5.071269
SCALE 1.000000 1.000000 1.000000
X 0.576031 -0.691157 -0.436453
Y 0.770345 0.637588 0.007032
Z 0.273417 -0.340270 0.899700

PART 57
OFFSET 11.954756 -3.390208 -4.329862
SCALE 1.000000 1.000000 1.000000
X 0.740340 -0.497019 -0.452625
Y 0.542398 0.839410 -0.034563
Z 0.397116 -0.219915 0.891031

PART 58
OFFSET 11.396555 -2.917427 -2.107478
SCALE 1.000000 1.000000 1.000000
X -0.661853 -0.169245 0.730278
Y -0.505230 -0.618975 -0.601342
Z 0.553799 -0.766959 0.324163

PART 59
OFFSET 21.787864 -4.230727 -2.955581
SCALE 1.000000 1.000000 1.000000
X 0.992788 0.089155 0.080146
Y -0.082932 0.993507 -0.077881
Z -0.086569 0.070673 0.993736

PART 60
OFFSET 21.881938 -4.353898 -3.550333
SCALE 1.000000 1.000000 1.000000
X 0.910189 0.406227 0.080845
Y -0.373223 0.889023 -0.265222
Z -0.179614 0.211228 0.960792

PART 61
OFFSET 22.305968 -2.295804 -5.698279
SCALE 1.000000 1.000000 1.000000
X -0.304931 -0.950141 0.065184
Y -0.875094 0.252523 -0.412848
Z 0.375803 -0.182933 -0.908464

PART 62
OFFSET 22.251461 -3.035128 -4.496671
SCALE 1.000000 1.000000 1.000000
X -0.478116 -0.878240 -0.009981
Y -0.836341 0.458718 -0.300186
Z 0.268214 -0.135176 -0.953829

PART 63
OFFSET 19.787942 -4.459468 -3.400636
SCALE 1.000000 1.000000 1.000000
X 0.316380 -0.497304 0.807832
Y 0.480949 0.818104 0.315268
Z -0.817675 0.288781 0.498010

PART 64
OFFSET 15.057074 -3.249697 -3.299160
SCALE 1.000000 1.000000 1.000000
X -0.776709 0.594549 0.207932
Y 0.553620 0.801856 -0.224791
Z -0.300381 -0.059482 -0.951963

PART 65
OFFSET 9.904472 -3.124675 -2.821639
SCALE 1.000000 1.000000 1.000000
X -0.432313 -0.888146 0.155889
Y -0.876833 0.454389 0.157143
Z -0.210400 -0.068754 -0.975195

PART 66
OFFSET 10.774982 -2.986810 -4.694222
SCALE 1.000000 1.000000 1.000000
X 0.905975 0.123671 -0.404863
Y 0.058884 0.910264 0.409820
Z 0.419215 -0.395127 0.817394

PART 67
OFFSET 10.871663 -2.761442 -3.714090
SCALE 1.000000 1.000000 1.000000
X 0.891130 0.429244 -0.147096
Y -0.373529 0.878017 0.299270
Z 0.257613 -0.211743 0.942762

PART 68
OFFSET 12.095575 -2.688788 -2.901826
SCALE 1.000000 1.000000 1.000000
X -0.948430 0.240136 0.206917
Y 0.112662 0.865508 -0.488060
Z -0.296289 -0.439580 -0.847928

PART 69
OFFSET 22.016276 -3.198462 -5.636351
SCALE 1.000000 1.000000 1.000000
X 0.727684 0.594797 0.341602
Y -0.417057 0.779070 -0.468096
Z -0.544554 0.198159 0.814981

PART 70
OFFSET 21.732994 -3.987562 -4.507491
SCALE 1.000000 1.000000 1.000000
X 0.883674 0.450184 0.128272
Y -0.421487 0.884428 -0.200340
Z -0.203637 0.122970 0.971293

PART 71
OFFSET 9.914269 -3.104298 -4.309600
SCALE 1.000000 1.000000 1.000000
X -0.790887 -0.608321 -0.066660
Y -0.485778 0.557826 0.672941
Z -0.372179 0.564602 -0.736687

PART 72
OFFSET 9.905195 -3.226927 -3.554522
SCALE 1.000000 1.000000 1.000000
X -0.502802 -0.864402 0.000325
Y -0.827185 0.481263 0.290090
Z -0.250911 0.145588 -0.956999

PART 73
OFFSET 0.000000 0.000000 0.000000
SCALE 1.000000 1.000000 1.000000
X 1.000000 0.000000 0.000000
Y 0.000000 1.000000 0.000000
Z 0.000000 0.000000 1.000000

PART 74
OFFSET 0.000000 0.000000 0.000000
SCALE 1.000000 1.000000 1.000000
X 1.000000 0.000000 0.000000
Y 0.000000 1.000000 0.000000
Z 0.000000 0.000000 1.000000

PART 75
OFFSET 1.540559 0.000000 4.135828
SCALE 1.000000 1.000000 1.000000
X 1.000000 0.000000 0.000000
Y 0.000000 1.000000 0.000000
Z 0.000000 0.000000 1.000000

PART 76
OFFSET -4.631835 0.000000 -1.376957
SCALE 1.000000 1.000000 1.000000
X 1.000000 0.000000 0.000000
Y 0.000000 1.000000 0.000000
Z 0.000000 0.000000 1.000000

FRAME 1
PART 0
OFFSET 0.000000 0.000000 0.000000
SCALE 1.000000 1.000000 1.000000
X 1.000000 0.000000 0.000000
Y 0.000000 1.000000 0.000000
Z 0.000000 0.000000 1.000000

PART 1
OFFSET -1.091727 6.779336 -1.094284
SCALE 1.000000 1.000000 1.000000
X 0.807728 -0.060705 -0.586421
Y -0.088798 -0.995864 -0.019219
Z -0.582829 0.067597 -0.809778

PART 2
OFFSET -8.712059 -9.922030 3.578448
SCALE 1.000000 1.000000 1.000000
X -0.532061 -0.119690 0.838203
Y -0.267069 -0.915699 -0.300282
Z 0.803483 -0.383627 0.455242

PART 3
OFFSET 13.932991 -3.862968 -4.008108
SCALE 1.000000 1.000000 1.000000
X 0.999906 -0.000275 -0.013733
Y 0.000336 0.999990 0.004423
Z 0.013732 -0.004427 0.999896

PART 4
OFFSET 13.908927 18.076323 -17.331985
SCALE 1.000000 1.000000 1.000000
X 0.998737 0.041892 -0.027740
Y 0.021387 0.145113 0.989184
Z 0.045465 -0.988528 0.144033

PART 5
OFFSET 8.571963 5.916167 -7.983845
SCALE 1.000000 1.000000 1.000000
X 0.853906 -0.471070 0.221218
Y -0.387928 -0.292780 0.873952
Z -0.346924 -0.832089 -0.432748

PART 6
OFFSET -2.198623 -8.576484 -7.185097
SCALE 1.000000 1.000000 1.000000
X -0.906379 -0.214757 -0.363808
Y 0.343480 0.126765 -0.930566
Z 0.245963 -0.968406 -0.041132

PART 7
OFFSET 13.932991 -3.862968 -4.008108
SCALE 1.000000 1.000000 1.000000
X 0.999906 -0.000275 -0.013733
Y 0.000336 0.999990 0.004423
Z 0.013732 -0.004427 0.999896

PART 8
OFFSET 17.748372 2.306910 -6.328214
SCALE 1.000000 1.000000 1.000000
X 0.857149 -0.467048 0.217168
Y 0.350055 0.837521 0.419548
Z -0.377831 -0.283594 0.881373

PART 9
OFFSET 16.934476 1.191699 -7.291303
SCALE 1.000000 1.000000 1.000000
X 0.857149 -0.467048 0.217168
Y 0.350055 0.837521 0.419548
Z -0.377831 -0.283594 0.881373

PART 10
OFFSET 17.173213 1.224249 -4.040591
SCALE 1.000000 1.000000 1.000000
X 0.857149 -0.467048 0.217168
Y 0.350055 0.837521 0.419548
Z -0.377831 -0.283594 0.881373

PART 11
OFFSET 16.544861 0.105640 -4.447268
SCALE 1.000000 1.000000 1.000000
X 0.857149 -0.467048 0.217168
Y 0.350055 0.837521 0.419548
Z -0.377831 -0.283594 0.881373

PART 12
OFFSET 16.378755 0.062983 -5.633132
SCALE 1.000000 1.000000 1.000000
X 0.857149 -0.467048 0.217168
Y 0.350055 0.837521 0.419548
Z -0.377831 -0.283594 0.881373

PART 13
OFFSET 18.401874 0.494591 -5.550434
SCALE 1.000000 1.000000 1.000000
X 0.898801 -0.256301 0.355622
Y -0.423418 -0.297616 0.855653
Z -0.113466 -0.919638 -0.376020

PART 14
OFFSET 15.866850 1.983635 -6.017323
SCALE 1.000000 1.000000 1.000000
X 0.868576 -0.459685 0.185112
Y -0.177579 0.060020 0.982275
Z -0.462647 -0.886052 -0.029498

PART 15
OFFSET 6.936279 -7.286684 -2.043737
SCALE 1.000000 1.000000 1.000000
X -0.909081 -0.212876 -0.358127
Y -0.248321 0.967087 0.055493
Z 0.334527 0.139378 -0.932022

PART 16
OFFSET 6.446054 -6.052521 -1.824605
SCALE 1.000000 1.000000 1.000000
X -0.909081 -0.212876 -0.358127
Y -0.248321 0.967087 0.055493
Z 0.334527 0.139378 -0.932022

PART 17
OFFSET 6.278372 -5.426215 -2.832245
SCALE 1.000000 1.000000 1.000000
X -0.909081 -0.212876 -0.358127
Y -0.248321 0.967087 0.055493
Z 0.334527 0.139378 -0.932022

PART 18
OFFSET 8.373424 -6.049856 -2.809712
SCALE 1.000000 1.000000 1.000000
X -0.960360 -0.223370 0.166774
Y -0.099821 -0.283036 -0.953901
Z 0.260276 -0.932736 0.249519

PART 19
OFFSET 5.519015 -6.786989 -4.071260
SCALE 1.000000 1.000000 1.000000
X -0.911966 -0.215201 -0.349293
Y 0.285557 0.278347 -0.917050
Z 0.294575 -0.936062 -0.192390

PART 20
OFFSET 19.187001 -3.879177 -0.801633
SCALE 1.000000 1.000000 1.000000
X 0.999906 -0.000275 -0.013733
Y 0.000336 0.999990 0.004423
Z 0.013732 -0.004427 0.999896

PART 21
OFFSET 20.398837 -3.869257 -0.505931
SCALE 1.000000 1.000000 1.000000
X 0.006573 -0.868304 0.495989
Y 0.999906 -0.000275 -0.013733
Z 0.012061 0.496033 0.868220

PART 22
OFFSET 20.931993 -3.876812 -1.408839
SCALE 1.000000 1.000000 1.000000
X 0.999906 -0.000275 -0.013733
Y 0.000336 0.999990 0.004423
Z 0.013732 -0.004427 0.999896

PART 23
OFFSET 32.539468 -3.882351 -1.097090
SCALE 1.000000 1.000000 1.000000
X 0.999906 -0.000275 -0.013733
Y 0.000336 0.999990 0.004423
Z 0.013732 -0.004427 0.999896

PART 24
OFFSET 13.932991 -3.862968 -4.008108
SCALE 1.000000 1.000000 1.000000
X 0.999906 -0.000275 -0.013733
Y 0.000336 0.999990 0.004423
Z 0.013732 -0.004427 0.999896

PART 25
OFFSET 21.636254 -0.466074 -3.390845
SCALE 1.000000 1.000000 1.000000
X 0.421666 -0.901233 0.099888
Y -0.774899 -0.415365 -0.476449
Z 0.470881 0.123499 -0.873509

PART 26
OFFSET 22.018522 -0.232115 -4.415477
SCALE 1.000000 1.000000 1.000000
X 0.189153 -0.948815 0.252927
Y -0.865094 -0.282885 -0.414233
Z 0.464579 -0.140452 -0.874322

PART 27
OFFSET 19.650631 0.505500 -6.479921
SCALE 1.000000 1.000000 1.000000
X 0.878506 -0.476165 0.038652
Y -0.476714 -0.868482 0.135950
Z -0.031167 -0.137859 -0.989961

PART 28
OFFSET 19.572486 0.414490 -5.557837
SCALE 1.000000 1.000000 1.000000
X 0.925534 -0.370122 0.079975
Y -0.354991 -0.921604 -0.156930
Z 0.131789 0.116854 -0.984366

PART 29
OFFSET 18.376932 -0.217855 -4.882342
SCALE 1.000000 1.000000 1.000000
X 0.140305 -0.908102 0.394544
Y -0.892303 0.056718 0.447861
Z -0.429081 -0.414889 -0.802344

PART 30
OFFSET 20.439502 -1.260987 -3.297134
SCALE 1.000000 1.000000 1.000000
X 0.896012 -0.439307 0.064588
Y 0.353078 0.793108 0.496302
Z -0.269254 -0.421887 0.865744

PART 31
OFFSET 20.893966 -1.441314 -5.620418
SCALE 1.000000 1.000000 1.000000
X 0.076728 0.369282 -0.926145
Y 0.113504 0.919609 0.376079
Z 0.990570 -0.133977 0.028645

PART 32
OFFSET 12.267536 -5.352670 -2.618344
SCALE 1.000000 1.000000 1.000000
X -0.956484 -0.111682 0.269567
Y 0.235003 -0.842455 0.484812
Z 0.172953 0.527064 0.832040

PART 33
OFFSET 12.087485 -5.417680 -3.745447
SCALE 1.000000 1.000000 1.000000
X -0.045182 -0.988008 -0.147647
Y 0.982791 -0.017463 -0.183892
Z 0.179108 -0.153415 0.971794

PART 34
OFFSET 9.037687 -5.991069 -4.048355
SCALE 1.000000 1.000000 1.000000
X -0.752463 -0.442581 0.487772
Y 0.525247 -0.850057 0.038972
Z 0.397385 0.285526 0.872101

PART 35
OFFSET 9.327095 -5.894026 -3.406075
SCALE 1.000000 1.000000 1.000000
X -0.862529 -0.318536 0.393164
Y 0.424107 -0.878897 0.218343
Z 0.276000 0.355071 0.893168

PART 36
OFFSET 8.819248 -5.291227 -2.147418
SCALE 1.000000 1.000000 1.000000
X -0.640767 -0.725993 -0.249704
Y 0.364208 -0.001127 -0.931317
Z 0.675848 -0.687701 0.265135

PART 37
OFFSET 4.600474 -7.240103 -1.175255
SCALE 1.000000 1.000000 1.000000
X -0.811931 -0.414783 0.410760
Y -0.531793 0.815769 -0.227412
Z -0.240758 -0.403082 -0.882927

PART 38
OFFSET 13.968692 -3.874439 -1.408425
SCALE 1.000000 1.000000 1.000000
X 0.999906 -0.000275 -0.013733
Y 0.000336 0.999990 0.004423
Z 0.013732 -0.004427 0.999896

PART 39
OFFSET 22.360568 -2.063677 -3.246858
SCALE 1.000000 1.000000 1.000000
X -0.421757 -0.898255 -0.123528
Y -0.798861 0.432569 -0.417978
Z 0.428885 -0.077604 -0.900020

PART 40
OFFSET 22.426123 -2.038692 -3.922350
SCALE 1.000000 1.000000 1.000000
X -0.179142 -0.983805 -0.005941
Y -0.980498 0.179029 -0.081071
Z 0.080822 -0.008698 -0.996691

PART 41
OFFSET 21.601668 -0.594499 -6.225725
SCALE 1.000000 1.000000 1.000000
X 0.636828 -0.754126 0.160450
Y -0.749196 -0.654413 -0.102218
Z 0.182086 -0.055113 -0.981737

PART 42
OFFSET 21.997727 -0.526985 -5.486261
SCALE 1.000000 1.000000 1.000000
X 0.430605 -0.849706 0.304269
Y -0.875209 -0.475457 -0.089161
Z 0.220428 -0.227906 -0.948404

PART 43
OFFSET 18.607543 -2.261777 -4.022750
SCALE 1.000000 1.000000 1.000000
X 0.715899 -0.678182 0.166008
Y -0.648667 -0.558070 0.517484
Z -0.258304 -0.478150 -0.839436

PART 44
OFFSET 13.916430 -5.282031 -3.097531
SCALE 1.000000 1.000000 1.000000
X -0.797772 -0.568809 0.200040
Y 0.596739 -0.792356 0.126786
Z 0.086386 0.220517 0.971550

PART 45
OFFSET 12.158562 -3.477414 -3.448338
SCALE 1.000000 1.000000 1.000000
X 0.792706 -0.550548 -0.261750
Y 0.475545 0.827124 -0.299538
Z 0.381410 0.112972 0.917477

PART 46
OFFSET 10.818982 -4.990419 -5.067903
SCALE 1.000000 1.000000 1.000000
X -0.331163 -0.942200 0.050888
Y 0.885594 -0.328975 -0.327871
Z 0.325661 -0.063513 0.943351

PART 47
OFFSET 11.530364 -5.107254 -4.556080
SCALE 1.000000 1.000000 1.000000
X -0.257693 -0.962345 -0.086525
Y 0.870523 -0.192379 -0.452968
Z 0.419266 -0.192049 0.887318

PART 48
OFFSET 10.154419 -3.660052 -1.534996
SCALE 1.000000 1.000000 1.000000
X -0.820165 -0.533306 0.207157
Y 0.049137 -0.426403 -0.903197
Z 0.570013 -0.730592 0.375926

PART 49
OFFSET 22.069248 -3.187758 -3.211958
SCALE 1.000000 1.000000 1.000000
X -0.247140 -0.965432 0.082845
Y -0.899237 0.196663 -0.390763
Z 0.360963 -0.171070 -0.916756

PART 50
OFFSET 22.393722 -3.399580 -3.839799
SCALE 1.000000 1.000000 1.000000
X -0.457973 -0.881310 0.116420
Y -0.885693 0.441130 -0.144746
Z 0.076210 -0.169403 -0.982596

PART 51
OFFSET 22.505237 -1.667684 -5.998359
SCALE 1.000000 1.000000 1.000000
X -0.284294 -0.943092 0.172497
Y -0.913157 0.211543 -0.348417
Z 0.292098 -0.256569 -0.921331

PART 52
OFFSET 22.737490 -1.955479 -4.992421
SCALE 1.000000 1.000000 1.000000
X -0.567400 -0.790667 0.230005
Y -0.804347 0.472377 -0.360396
Z 0.176304 -0.389493 -0.903998

PART 53
OFFSET 19.557687 -3.470133 -3.762859
SCALE 1.000000 1.000000 1.000000
X 0.243677 -0.941238 0.233866
Y -0.833244 -0.079777 0.547120
Z -0.496312 -0.328188 -0.803720

PART 54
OFFSET 14.815395 -4.484796 -3.266150
SCALE 1.000000 1.000000 1.000000
X -0.403174 -0.908339 0.111226
Y 0.914901 -0.402765 0.027126
Z 0.020159 0.112697 0.993425

PART 55
OFFSET 10.950171 -2.716207 -3.113006
SCALE 1.000000 1.000000 1.000000
X 0.892072 0.383526 -0.238987
Y -0.409722 0.909540 -0.069750
Z 0.190618 0.160141 0.968514

PART 56
OFFSET 11.289623 -3.630889 -5.134638
SCALE 1.000000 1.000000 1.000000
X 0.544896 -0.713978 -0.439686
Y 0.789859 0.613063 -0.016655
Z 0.281446 -0.338215 0.897997

PART 57
OFFSET 11.964591 -3.429417 -4.392279
SCALE 1.000000 1.000000 1.000000
X 0.728277 -0.504506 -0.463775
Y 0.549377 0.834365 -0.044943
Z 0.409632 -0.222056 0.884812

PART 58
OFFSET 11.398867 -2.949156 -2.142740
SCALE 1.000000 1.000000 1.000000
X -0.661532 -0.160301 0.732584
Y -0.503143 -0.629505 -0.592090
Z 0.556078 -0.760281 0.335784

PART 59
OFFSET 21.790150 -4.278216 -3.118368
SCALE 1.000000 1.000000 1.000000
X 0.993818 0.088408 0.067150
Y -0.083470 0.993826 -0.073099
Z -0.073198 0.067042 0.995062

PART 60
OFFSET 21.876197 -4.399242 -3.714799
SCALE 1.000000 1.000000 1.000000
X 0.911385 0.405533 0.070148
Y -0.376313 0.890158 -0.256919
Z -0.166632 0.207755 0.963884

PART 61
OFFSET 22.272244 -2.333674 -5.860933
SCALE 1.000000 1.000000 1.000000
X -0.304602 -0.950211 0.065708
Y -0.880440 0.254574 -0.400022
Z 0.363378 -0.179699 -0.914147

PART 62
OFFSET 22.233626 -3.077139 -4.661108
SCALE 1.000000 1.000000 1.000000
X -0.478656 -0.877976 -0.006810
Y -0.840051 0.460208 -0.287268
Z 0.255348 -0.131782 -0.957826

PART 63
OFFSET 19.784290 -4.504383 -3.537441
SCALE 1.000000 1.000000 1.000000
X 0.326940 -0.500444 0.801664
Y 0.485568 0.816702 0.311803
Z -0.810761 0.287322 0.510013

PART 64
OFFSET 15.270808 -3.458879 -3.391751
SCALE 1.000000 1.000000 1.000000
X -0.688848 0.690869 0.219519
Y 0.651896 0.722828 -0.229239
Z -0.317048 -0.014807 -0.948294

PART 65
OFFSET 9.938199 -3.151102 -2.849215
SCALE 1.000000 1.000000 1.000000
X -0.435283 -0.885649 0.161724
Y -0.871551 0.459560 0.170893
Z -0.225673 -0.066564 -0.971926

PART 66
OFFSET 10.822038 -3.010517 -4.754905
SCALE 1.000000 1.000000 1.000000
X 0.900715 0.090372 -0.424907
Y 0.095854 0.912668 0.397302
Z 0.423704 -0.398585 0.813391

PART 67
OFFSET 10.897490 -2.789770 -3.760013
SCALE 1.000000 1.000000 1.000000
X 0.892474 0.420846 -0.162417
Y -0.360574 0.881885 0.303751
Z 0.271066 -0.212527 0.938805

PART 68
OFFSET 12.097399 -2.730317 -2.940270
SCALE 1.000000 1.000000 1.000000
X -0.949227 0.240279 0.203061
Y 0.110121 0.858420 -0.500987
Z -0.294689 -0.453189 -0.841295

PART 69
OFFSET 21.982866 -3.236398 -5.798507
SCALE 1.000000 1.000000 1.000000
X 0.732598 0.593092 0.333980
Y -0.422870 0.781070 -0.459467
Z -0.533368 0.195374 0.823011

PART 70
OFFSET 21.714574 -4.029286 -4.668489
SCALE 1.000000 1.000000 1.000000
X 0.885543 0.449300 0.118082
Y -0.423679 0.885355 -0.191421
Z -0.190550 0.119482 0.974379

PART 71
OFFSET 9.966322 -3.096370 -4.351241
SCALE 1.000000 1.000000 1.000000
X -0.810720 -0.583860 -0.042892
Y -0.453917 0.580636 0.675886
Z -0.369718 0.567423 -0.735757

PART 72
OFFSET 9.929565 -3.246147 -3.583829
SCALE 1.000000 1.000000 1.000000
X -0.510577 -0.859773 0.010104
Y -0.817912 0.489275 0.302704
Z -0.265200 0.146290 -0.953031

PART 73
OFFSET 0.000000 0.000000 0.000000
SCALE 1.000000 1.000000 1.000000
X 1.000000 0.000000 0.000000
Y 0.000000 1.000000 0.000000
Z 0.000000 0.000000 1.000000

PART 74
OFFSET 0.000000 0.000000 0.000000
SCALE 1.000000 1.000000 1.000000
X 0.999998 0.001069 -0.001484
Y -0.001067 0.999998 0.001705
Z 0.001486 -0.001703 0.999997

PART 75
OFFSET 1.546702 -0.005396 4.133530
SCALE 1.000000 1.000000 1.000000
X 0.999998 0.001069 -0.001484
Y -0.001067 0.999998 0.001705
Z 0.001486 -0.001703 0.999997

PART 76
OFFSET -4.633873 -0.002608 -1.370079
SCALE 1.000000 1.000000 1.000000
X 0.999998 0.001069 -0.001484
Y -0.001067 0.999998 0.001705
Z 0.001486 -0.001703 0.999997

FRAME 2
PART 0
OFFSET 0.000000 0.000000 0.000000
SCALE 1.000000 1.000000 1.000000
X 1.000000 0.000000 0.000000
Y 0.000000 1.000000 0.000000
Z 0.000000 0.000000 1.000000

PART 1
OFFSET -1.028256 6.729085 -1.364675
SCALE 1.000000 1.000000 1.000000
X 0.813163 -0.036571 -0.580885
Y -0.096646 -0.992653 -0.072797
Z -0.573955 0.115337 -0.810724

PART 2
OFFSET -9.004002 -10.075419 2.684382
SCALE 1.000000 1.000000 1.000000
X -0.574383 -0.117340 0.810133
Y -0.246886 -0.918756 -0.308114
Z 0.780469 -0.376986 0.498748

PART 3
OFFSET 13.919688 -3.966351 -4.147908
SCALE 1.000000 1.000000 1.000000
X 0.999026 -0.001156 -0.044108
Y 0.001928 0.999845 0.017482
Z 0.044081 -0.017550 0.998874

PART 4
OFFSET 13.908927 18.076323 -17.331985
SCALE 1.000000 1.000000 1.000000
X 0.998737 0.041892 -0.027740
Y 0.021387 0.145113 0.989184
Z 0.045465 -0.988528 0.144033

PART 5
OFFSET 8.716348 6.176152 -8.233106
SCALE 1.000000 1.000000 1.000000
X 0.836362 -0.501200 0.222030
Y -0.418273 -0.321672 0.849456
Z -0.354326 -0.803321 -0.478673

PART 6
OFFSET -1.945069 -8.761881 -7.736231
SCALE 1.000000 1.000000 1.000000
X -0.884765 -0.221429 -0.410073
Y 0.391740 0.123283 -0.911779
Z 0.252450 -0.967352 -0.022334

PART 7
OFFSET 13.919688 -3.966351 -4.147908
SCALE 1.000000 1.000000 1.000000
X 0.999026 -0.001156 -0.044108
Y 0.001928 0.999845 0.017482
Z 0.044081 -0.017550 0.998874

PART 8
OFFSET 17.757713 2.273252 -6.502376
SCALE 1.000000 1.000000 1.000000
X 0.839807 -0.497083 0.218251
Y 0.357941 0.809255 0.465817
Z -0.408170 -0.313075 0.857544

PART 9
OFFSET 16.944541 1.222143 -7.535615
SCALE 1.000000 1.000000 1.000000
X 0.839807 -0.497083 0.218251
Y 0.357941 0.809255 0.465817
Z -0.408170 -0.313075 0.857544

PART 10
OFFSET 17.095470 1.104584 -4.281604
SCALE 1.000000 1.000000 1.000000
X 0.839807 -0.497083 0.218251
Y 0.357941 0.809255 0.465817
Z -0.408170 -0.313075 0.857544

PART 11
OFFSET 16.452509 0.020850 -4.754489
SCALE 1.000000 1.000000 1.000000
X 0.839807 -0.497083 0.218251
Y 0.357941 0.809255 0.465817
Z -0.408170 -0.313075 0.857544

PART 12
OFFSET 16.317769 0.034928 -5.945006
SCALE 1.000000 1.000000 1.000000
X 0.839807 -0.497083 0.218251
Y 0.357941 0.809255 0.465817
Z -0.408170 -0.313075 0.857544

PART 13
OFFSET 18.349622 0.408124 -5.776020
SCALE 1.000000 1.000000 1.000000
X 0.908832 -0.261953 0.324661
Y -0.397621 -0.308556 0.864113
Z -0.126180 -0.914426 -0.384584

PART 14
OFFSET 15.867831 1.994536 -6.245987
SCALE 1.000000 1.000000 1.000000
X 0.853847 -0.487908 0.181360
Y -0.168627 0.070352 0.983166
Z -0.492454 -0.870055 -0.022204

PART 15
OFFSET 6.897975 -7.396512 -2.125533
SCALE 1.000000 1.000000 1.000000
X -0.887773 -0.219531 -0.404556
Y -0.255559 0.966102 0.036557
Z 0.382816 0.135843 -0.913782

PART 16
OFFSET 6.390892 -6.163659 -1.939966
SCALE 1.000000 1.000000 1.000000
X -0.887773 -0.219531 -0.404556
Y -0.255559 0.966102 0.036557
Z 0.382816 0.135843 -0.913782

PART 17
OFFSET 6.273883 -5.543895 -2.958748
SCALE 1.000000 1.000000 1.000000
X -0.887773 -0.219531 -0.404556
Y -0.255559 0.966102 0.036557
Z 0.382816 0.135843 -0.913782

PART 18
OFFSET 8.390682 -6.160773 -2.803749
SCALE 1.000000 1.000000 1.000000
X -0.955368 -0.224888 0.191567
Y -0.127728 -0.270272 -0.954274
Z 0.266380 -0.936151 0.229485

PART 19
OFFSET 5.589565 -6.924511 -4.224803
SCALE 1.000000 1.000000 1.000000
X -0.892449 -0.222239 -0.392611
Y 0.317682 0.308338 -0.896663
Z 0.320331 -0.924952 -0.204575

PART 20
OFFSET 19.268612 -4.030170 -1.103026
SCALE 1.000000 1.000000 1.000000
X 0.999026 -0.001156 -0.044108
Y 0.001928 0.999845 0.017482
Z 0.044081 -0.017550 0.998874

PART 21
OFFSET 20.488882 -4.025413 -0.844174
SCALE 1.000000 1.000000 1.000000
X 0.020365 -0.874738 0.484168
Y 0.999026 -0.001156 -0.044108
Z 0.039143 0.484595 0.873863

PART 22
OFFSET 20.994363 -4.021696 -1.762886
SCALE 1.000000 1.000000 1.000000
X 0.999026 -0.001156 -0.044108
Y 0.001928 0.999845 0.017482
Z 0.044081 -0.017550 0.998874

PART 23
OFFSET 32.605930 -4.043636 -1.804038
SCALE 1.000000 1.000000 1.000000
X 0.999026 -0.001156 -0.044108
Y 0.001928 0.999845 0.017482
Z 0.044081 -0.017550 0.998874

PART 24
OFFSET 13.919688 -3.966351 -4.147908
SCALE 1.000000 1.000000 1.000000
X 0.999026 -0.001156 -0.044108
Y 0.001928 0.999845 0.017482
Z 0.044081 -0.017550 0.998874

PART 25
OFFSET 21.649567 -0.564169 -3.727323
SCALE 1.000000 1.000000 1.000000
X 0.558798 -0.824337 0.090621
Y -0.710734 -0.532343 -0.459857
Z 0.427319 0.192560 -0.883357

PART 26
OFFSET 21.989379 -0.327809 -4.762037
SCALE 1.000000 1.000000 1.000000
X 0.319304 -0.917106 0.238665
Y -0.835028 -0.391368 -0.386729
Z 0.448078 -0.075807 -0.890775

PART 27
OFFSET 19.587711 0.428015 -6.708852
SCALE 1.000000 1.000000 1.000000
X 0.861799 -0.507045 -0.014434
Y -0.504548 -0.859794 0.078645
Z -0.052287 -0.060493 -0.996798

PART 28
OFFSET 19.509520 0.309387 -5.819372
SCALE 1.000000 1.000000 1.000000
X 0.928400 -0.367720 0.053444
Y -0.349657 -0.913210 -0.209256
Z 0.125754 0.175586 -0.976399

PART 29
OFFSET 18.325730 -0.315197 -5.102745
SCALE 1.000000 1.000000 1.000000
X 0.143330 -0.907880 0.393968
Y -0.857267 0.085018 0.507804
Z -0.494519 -0.410520 -0.766110

PART 30
OFFSET 20.452317 -1.379452 -3.609321
SCALE 1.000000 1.000000 1.000000
X 0.896927 -0.441059 0.031441
Y 0.369158 0.786054 0.495823
Z -0.243402 -0.433111 0.867854

PART 31
OFFSET 20.835633 -1.529264 -5.947553
SCALE 1.000000 1.000000 1.000000
X 0.049051 0.381515 -0.923060
Y 0.126220 0.914396 0.384641
Z 0.990789 -0.135376 -0.003303

PART 32
OFFSET 12.281287 -5.473628 -2.722311
SCALE 1.000000 1.000000 1.000000
X -0.951452 -0.057204 0.302436
Y 0.186762 -0.888324 0.419524
Z 0.244663 0.455641 0.855881

PART 33
OFFSET 12.075526 -5.521632 -3.838014
SCALE 1.000000 1.000000 1.000000
X -0.076613 -0.986300 -0.146093
Y 0.975558 -0.043886 -0.215317
Z 0.205955 -0.159018 0.965555

PART 34
OFFSET 9.018840 -6.086009 -4.060238
SCALE 1.000000 1.000000 1.000000
X -0.738496 -0.448489 0.503470
Y 0.525229 -0.850870 0.012460
Z 0.422799 0.273638 0.863923

PART 35
OFFSET 9.326842 -5.997709 -3.425388
SCALE 1.000000 1.000000 1.000000
X -0.851122 -0.323121 0.413745
Y 0.429297 -0.882018 0.194288
Z 0.302152 0.342983 0.889420

PART 36
OFFSET 8.851048 -5.417601 -2.165504
SCALE 1.000000 1.000000 1.000000
X -0.618844 -0.744393 -0.250821
Y 0.384987 -0.009094 -0.922877
Z 0.684703 -0.667680 0.292209

PART 37
OFFSET 4.665381 -7.369959 -1.076529
SCALE 1.000000 1.000000 1.000000
X -0.800139 -0.419629 0.428589
Y -0.537270 0.819093 -0.201068
Z -0.266680 -0.391150 -0.880842

PART 38
OFFSET 14.034296 -4.011940 -1.550882
SCALE 1.000000 1.000000 1.000000
X 0.999026 -0.001156 -0.044108
Y 0.001928 0.999845 0.017482
Z 0.044081 -0.017550 0.998874

PART 39
OFFSET 22.633114 -2.014691 -3.592899
SCALE 1.000000 1.000000 1.000000
X -0.228088 -0.968752 -0.097447
Y -0.878835 0.247924 -0.407655
Z 0.419075 -0.007341 -0.907922

PART 40
OFFSET 22.645115 -2.066083 -4.297701
SCALE 1.000000 1.000000 1.000000
X -0.033871 -0.999404 -0.006713
Y -0.998363 0.034144 -0.045883
Z 0.046085 0.005148 -0.998924

PART 41
OFFSET 21.502273 -0.753318 -6.579399
SCALE 1.000000 1.000000 1.000000
X 0.627068 -0.769508 0.121009
Y -0.767995 -0.636711 -0.069163
Z 0.130270 -0.049564 -0.990239

PART 42
OFFSET 21.942821 -0.614708 -5.816458
SCALE 1.000000 1.000000 1.000000
X 0.486036 -0.829505 0.275119
Y -0.853764 -0.517926 -0.053294
Z 0.186699 -0.208983 -0.959932

PART 43
OFFSET 18.551994 -2.343931 -4.240240
SCALE 1.000000 1.000000 1.000000
X 0.670308 -0.722865 0.167786
Y -0.666636 -0.487234 0.564092
Z -0.326012 -0.489968 -0.808485

PART 44
OFFSET 13.905981 -5.506601 -3.264800
SCALE 1.000000 1.000000 1.000000
X -0.845964 -0.493210 0.202703
Y 0.513003 -0.856493 0.056988
Z 0.145507 0.152197 0.977581

PART 45
OFFSET 12.207327 -3.583662 -3.542745
SCALE 1.000000 1.000000 1.000000
X 0.774746 -0.562279 -0.289156
Y 0.479830 0.820682 -0.310233
Z 0.411742 0.101606 0.905618

PART 46
OFFSET 10.754600 -5.058535 -5.105427
SCALE 1.000000 1.000000 1.000000
X -0.408964 -0.907250 0.098218
Y 0.835945 -0.415622 -0.358406
Z 0.365985 -0.064470 0.928385

PART 47
OFFSET 11.497276 -5.198654 -4.628867
SCALE 1.000000 1.000000 1.000000
X -0.290161 -0.954227 -0.072503
Y 0.847846 -0.221197 -0.481901
Z 0.443805 -0.201300 0.873221

PART 48
OFFSET 10.141444 -3.741294 -1.554344
SCALE 1.000000 1.000000 1.000000
X -0.818410 -0.531049 0.219529
Y 0.058866 -0.457501 -0.887258
Z 0.571612 -0.713218 0.405684

PART 49
OFFSET 22.575232 -3.177313 -3.539157
SCALE 1.000000 1.000000 1.000000
X -0.053146 -0.994880 0.085964
Y -0.923640 0.016254 -0.382916
Z 0.379558 -0.099750 -0.919775

PART 50
OFFSET 22.812250 -3.422447 -4.232489
SCALE 1.000000 1.000000 1.000000
X -0.330379 -0.936426 0.118137
Y -0.942650 0.321059 -0.091282
Z 0.047549 -0.141520 -0.988793

PART 51
OFFSET 22.386334 -1.834063 -6.410897
SCALE 1.000000 1.000000 1.000000
X -0.208359 -0.959368 0.190263
Y -0.946397 0.148672 -0.286757
Z 0.246819 -0.239813 -0.938920

PART 52
OFFSET 22.765759 -1.978531 -5.379331
SCALE 1.000000 1.000000 1.000000
X -0.409961 -0.876822 0.251226
Y -0.896968 0.337595 -0.285444
Z 0.165471 -0.342362 -0.924882

PART 53
OFFSET 19.446368 -3.606767 -3.974119
SCALE 1.000000 1.000000 1.000000
X 0.239501 -0.939882 0.243436
Y -0.801115 -0.049657 0.596447
Z -0.548501 -0.337870 -0.764846

PART 54
OFFSET 14.932685 -4.879855 -3.448316
SCALE 1.000000 1.000000 1.000000
X -0.643300 -0.754670 0.128994
Y 0.760186 -0.649635 -0.009556
Z 0.091010 0.091912 0.991599

PART 55
OFFSET 11.023009 -2.804216 -3.165987
SCALE 1.000000 1.000000 1.000000
X 0.890508 0.369869 -0.264938
Y -0.396309 0.916619 -0.052418
Z 0.223460 0.151676 0.962840

PART 56
OFFSET 11.338032 -3.746753 -5.239769
SCALE 1.000000 1.000000 1.000000
X 0.465715 -0.765704 -0.443629
Y 0.833637 0.547810 -0.070381
Z 0.296915 -0.337048 0.893443

PART 57
OFFSET 11.988210 -3.532312 -4.488439
SCALE 1.000000 1.000000 1.000000
X 0.699796 -0.522194 -0.487441
Y 0.567559 0.820802 -0.064505
Z 0.433777 -0.231512 0.870770

PART 58
OFFSET 11.386139 -3.044056 -2.177216
SCALE 1.000000 1.000000 1.000000
X -0.666227 -0.138811 0.732716
Y -0.494550 -0.653160 -0.573412
Z 0.558177 -0.744388 0.366504

PART 59
OFFSET 22.515250 -4.301024 -3.442043
SCALE 1.000000 1.000000 1.000000
X 0.957962 0.280931 0.058200
Y -0.276548 0.958201 -0.073297
Z -0.076359 0.054121 0.995610

PART 60
OFFSET 22.439073 -4.484249 -4.105626
SCALE 1.000000 1.000000 1.000000
X 0.851887 0.522547 0.035119
Y -0.503797 0.835947 -0.217672
Z -0.143101 0.167739 0.975390

PART 61
OFFSET 22.214169 -2.527186 -6.259062
SCALE 1.000000 1.000000 1.000000
X -0.314760 -0.945027 0.088601
Y -0.900886 0.268050 -0.341398
Z 0.298881 -0.187277 -0.935734

PART 62
OFFSET 22.461954 -3.181765 -5.038202
SCALE 1.000000 1.000000 1.000000
X -0.389930 -0.920749 0.013223
Y -0.900408 0.378229 -0.214960
Z 0.192923 -0.095726 -0.976533

PART 63
OFFSET 19.666612 -4.639481 -3.735732
SCALE 1.000000 1.000000 1.000000
X 0.364003 -0.487015 0.793925
Y 0.518012 0.814263 0.261990
Z -0.774058 0.315897 0.548674

PART 64
OFFSET 15.659304 -4.027514 -3.593988
SCALE 1.000000 1.000000 1.000000
X -0.451092 0.857810 0.246328
Y 0.823087 0.506562 -0.256755
Z -0.345028 0.086929 -0.934558

PART 65
OFFSET 10.012586 -3.223579 -2.872752
SCALE 1.000000 1.000000 1.000000
X -0.444886 -0.879122 0.170939
Y -0.857913 0.473114 0.200369
Z -0.257023 -0.057510 -0.964693

PART 66
OFFSET 10.939110 -3.081960 -4.856877
SCALE 1.000000 1.000000 1.000000
X 0.883597 0.007973 -0.468180
Y 0.185826 0.911778 0.366237
Z 0.429796 -0.410606 0.804163

PART 67
OFFSET 10.958835 -2.866739 -3.821345
SCALE 1.000000 1.000000 1.000000
X 0.896399 0.399045 -0.192956
Y -0.328689 0.890491 0.314626
Z 0.297375 -0.218608 0.929397

PART 68
OFFSET 12.089507 -2.848782 -2.976612
SCALE 1.000000 1.000000 1.000000
X -0.952270 0.241059 0.187275
Y 0.108667 0.841014 -0.529987
Z -0.285259 -0.484340 -0.827068

PART 69
OFFSET 21.915140 -3.424985 -6.174888
SCALE 1.000000 1.000000 1.000000
X 0.762595 0.581774 0.282823
Y -0.439896 0.786954 -0.432661
