// Export time: Tue Jun 14 01:21:01 2022

ANIMATION
VERSION 3

NUMPARTS 2
PART 0 "tag_view"
PART 1 "tag_torso"

FRAMERATE 30
NUMFRAMES 19
FRAME 0
PART 0
OFFSET 0.000000 0.000000 0.000000
SCALE 1.000000 1.000000 1.000000
X 1.000000 0.000000 0.000000
Y 0.000000 1.000000 0.000000
Z 0.000000 0.000000 1.000000

PART 1
OFFSET -9.373808 3.828600 -0.523115
SCALE 1.000000 1.000000 1.000000
X 0.999995 0.000000 -0.003204
Y 0.000000 1.000000 0.000000
Z 0.003204 0.000000 0.999995

FRAME 1
PART 0
OFFSET 0.000000 0.000000 0.000000
SCALE 1.000000 1.000000 1.000000
X 1.000000 0.000000 0.000000
Y 0.000000 1.000000 0.000000
Z 0.000000 0.000000 1.000000

PART 1
OFFSET -9.280828 3.768543 -0.543205
SCALE 1.000000 1.000000 1.000000
X 0.999995 -0.000006 -0.003174
Y 0.000025 0.999982 0.006012
Z 0.003174 -0.006012 0.999977

FRAME 2
PART 0
OFFSET 0.000000 0.000000 0.000000
SCALE 1.000000 1.000000 1.000000
X 1.000000 0.000000 0.000000
Y 0.000000 1.000000 0.000000
Z 0.000000 0.000000 1.000000

PART 1
OFFSET -9.020484 3.603388 -0.596780
SCALE 1.000000 1.000000 1.000000
X 0.999995 0.000003 -0.003082
Y 0.000064 0.999760 0.021909
Z 0.003082 -0.021909 0.999755

FRAME 3
PART 0
OFFSET 0.000000 0.000000 0.000000
SCALE 1.000000 1.000000 1.000000
X 1.000000 0.000000 0.000000
Y 0.000000 1.000000 0.000000
Z 0.000000 0.000000 1.000000

PART 1
OFFSET -8.648565 3.378176 -0.677141
SCALE 1.000000 1.000000 1.000000
X 0.999996 0.000006 -0.002931
Y 0.000128 0.998943 0.045976
Z 0.002928 -0.045976 0.998938

FRAME 4
PART 0
OFFSET 0.000000 0.000000 0.000000
SCALE 1.000000 1.000000 1.000000
X 1.000000 0.000000 0.000000
Y 0.000000 1.000000 0.000000
Z 0.000000 0.000000 1.000000

PART 1
OFFSET -8.171268 3.072889 -0.776477
SCALE 1.000000 1.000000 1.000000
X 0.999996 0.000006 -0.002780
Y 0.000189 0.997546 0.070016
Z 0.002774 -0.070017 0.997542

FRAME 5
PART 0
OFFSET 0.000000 0.000000 0.000000
SCALE 1.000000 1.000000 1.000000
X 1.000000 0.000000 0.000000
Y 0.000000 1.000000 0.000000
Z 0.000000 0.000000 1.000000

PART 1
OFFSET -7.693971 2.767602 -0.875812
SCALE 1.000000 1.000000 1.000000
X 0.999997 0.000007 -0.002577
Y 0.000236 0.995567 0.094057
Z 0.002566 -0.094057 0.995564

FRAME 6
PART 0
OFFSET 0.000000 0.000000 0.000000
SCALE 1.000000 1.000000 1.000000
X 1.000000 0.000000 0.000000
Y 0.000000 1.000000 0.000000
Z 0.000000 0.000000 1.000000

PART 1
OFFSET -7.216674 2.462315 -0.975148
SCALE 1.000000 1.000000 1.000000
X 0.999997 0.000003 -0.002373
Y 0.000277 0.993009 0.118042
Z 0.002357 -0.118042 0.993006

FRAME 7
PART 0
OFFSET 0.000000 0.000000 0.000000
SCALE 1.000000 1.000000 1.000000
X 1.000000 0.000000 0.000000
Y 0.000000 1.000000 0.000000
Z 0.000000 0.000000 1.000000

PART 1
OFFSET -6.788967 2.162033 -1.058858
SCALE 1.000000 1.000000 1.000000
X 0.999998 0.000004 -0.002116
Y 0.000279 0.991014 0.133757
Z 0.002098 -0.133758 0.991012

FRAME 8
PART 0
OFFSET 0.000000 0.000000 0.000000
SCALE 1.000000 1.000000 1.000000
X 1.000000 0.000000 0.000000
Y 0.000000 1.000000 0.000000
Z 0.000000 0.000000 1.000000

PART 1
OFFSET -6.454239 1.921807 -1.122477
SCALE 1.000000 1.000000 1.000000
X 0.999998 -0.000008 -0.001856
Y 0.000267 0.990181 0.139790
Z 0.001837 -0.139790 0.990179

FRAME 9
PART 0
OFFSET 0.000000 0.000000 0.000000
SCALE 1.000000 1.000000 1.000000
X 1.000000 0.000000 0.000000
Y 0.000000 1.000000 0.000000
Z 0.000000 0.000000 1.000000

PART 1
OFFSET -6.187697 1.676576 -1.166006
SCALE 1.000000 1.000000 1.000000
X 0.999999 0.000001 -0.001595
Y 0.000215 0.990735 0.135809
Z 0.001580 -0.135809 0.990734

FRAME 10
PART 0
OFFSET 0.000000 0.000000 0.000000
SCALE 1.000000 1.000000 1.000000
X 1.000000 0.000000 0.000000
Y 0.000000 1.000000 0.000000
Z 0.000000 0.000000 1.000000

PART 1
OFFSET -5.921155 1.431346 -1.209535
SCALE 1.000000 1.000000 1.000000
X 0.999999 0.000007 -0.001333
Y 0.000160 0.992127 0.125239
Z 0.001323 -0.125239 0.992126

FRAME 11
PART 0
OFFSET 0.000000 0.000000 0.000000
SCALE 1.000000 1.000000 1.000000
X 1.000000 0.000000 0.000000
Y 0.000000 1.000000 0.000000
Z 0.000000 0.000000 1.000000

PART 1
OFFSET -5.654612 1.186115 -1.253064
SCALE 1.000000 1.000000 1.000000
X 0.999999 0.000005 -0.001079
Y 0.000112 0.994151 0.107996
Z 0.001073 -0.107997 0.994151

FRAME 12
PART 0
OFFSET 0.000000 0.000000 0.000000
SCALE 1.000000 1.000000 1.000000
X 1.000000 0.000000 0.000000
Y 0.000000 1.000000 0.000000
Z 0.000000 0.000000 1.000000

PART 1
OFFSET -5.422163 0.938382 -1.283200
SCALE 1.000000 1.000000 1.000000
X 1.000000 0.000007 -0.000825
Y 0.000068 0.995876 0.090722
Z 0.000823 -0.090722 0.995876

FRAME 13
PART 0
OFFSET 0.000000 0.000000 0.000000
SCALE 1.000000 1.000000 1.000000
X 1.000000 0.000000 0.000000
Y 0.000000 1.000000 0.000000
Z 0.000000 0.000000 1.000000

PART 1
OFFSET -5.189713 0.690649 -1.313335
SCALE 1.000000 1.000000 1.000000
X 1.000000 0.000002 -0.000632
Y 0.000043 0.997505 0.070596
Z 0.000630 -0.070596 0.997505

FRAME 14
PART 0
OFFSET 0.000000 0.000000 0.000000
SCALE 1.000000 1.000000 1.000000
X 1.000000 0.000000 0.000000
Y 0.000000 1.000000 0.000000
Z 0.000000 0.000000 1.000000

PART 1
OFFSET -5.003753 0.465438 -1.336774
SCALE 1.000000 1.000000 1.000000
X 1.000000 0.000001 -0.000438
Y 0.000021 0.998727 0.050442
Z 0.000437 -0.050442 0.998727

FRAME 15
PART 0
OFFSET 0.000000 0.000000 0.000000
SCALE 1.000000 1.000000 1.000000
X 1.000000 0.000000 0.000000
Y 0.000000 1.000000 0.000000
Z 0.000000 0.000000 1.000000

PART 1
OFFSET -4.854985 0.285268 -1.353516
SCALE 1.000000 1.000000 1.000000
X 1.000000 0.000004 -0.000244
Y 0.000004 0.999542 0.030267
Z 0.000244 -0.030267 0.999542

FRAME 16
PART 0
OFFSET 0.000000 0.000000 0.000000
SCALE 1.000000 1.000000 1.000000
X 1.000000 0.000000 0.000000
Y 0.000000 1.000000 0.000000
Z 0.000000 0.000000 1.000000

PART 1
OFFSET -4.724814 0.135127 -1.366909
SCALE 1.000000 1.000000 1.000000
X 1.000000 0.000001 -0.000122
Y 0.000001 0.999894 0.014587
Z 0.000122 -0.014587 0.999894

FRAME 17
PART 0
OFFSET 0.000000 0.000000 0.000000
SCALE 1.000000 1.000000 1.000000
X 1.000000 0.000000 0.000000
Y 0.000000 1.000000 0.000000
Z 0.000000 0.000000 1.000000

PART 1
OFFSET -4.650429 0.030028 -1.373606
SCALE 1.000000 1.000000 1.000000
X 1.000000 0.000000 -0.000031
Y 0.000000 0.999992 0.003937
Z 0.000031 -0.003937 0.999992

FRAME 18
PART 0
OFFSET 0.000000 0.000000 0.000000
SCALE 1.000000 1.000000 1.000000
X 1.000000 0.000000 0.000000
Y 0.000000 1.000000 0.000000
Z 0.000000 0.000000 1.000000

PART 1
OFFSET -4.631834 -0.000000 -1.376955
SCALE 1.000000 1.000000 1.000000
X 1.000000 0.000000 0.000000
Y 0.000000 1.000000 0.000000
Z 0.000000 0.000000 1.000000

NOTETRACKS

PART 0
NUMTRACKS 0

PART 1
NUMTRACKS 0

