// Export time: Sun Jun 12 22:25:22 2022

ANIMATION
VERSION 3

NUMPARTS 77
PART 0 "tag_torso"
PART 1 "j_shoulder_le"
PART 2 "j_shoulder_ri"
PART 3 "tag_weapon"
PART 4 "tag_weapon1"
PART 5 "j_elbow_le"
PART 6 "j_elbow_ri"
PART 7 "j_gun"
PART 8 "j_sleave_reshape_bottom_le_1"
PART 9 "j_sleave_reshape_bottom_le_2"
PART 10 "j_sleave_reshape_top_le_1"
PART 11 "j_sleave_reshape_top_le_2"
PART 12 "j_sleave_reshape_top_le_3"
PART 13 "j_wrist_le"
PART 14 "j_wristtwist_le"
PART 15 "j_sleave_reshape_top_ri_1"
PART 16 "j_sleave_reshape_top_ri_2"
PART 17 "j_sleave_reshape_top_ri_3"
PART 18 "j_wrist_ri"
PART 19 "j_wristtwist_ri"
PART 20 "tag_bolt_animate"
PART 21 "tag_brass"
PART 22 "tag_bullet_animate"
PART 23 "tag_flash"
PART 24 "tag_extended_mag_attach_animate"
PART 25 "j_index_le_0"
PART 26 "j_mid_le_0"
PART 27 "j_pinkypalm_le"
PART 28 "j_ringpalm_le"
PART 29 "j_thumb_le_0"
PART 30 "j_webbing_le"
PART 31 "tag_knife_attach"
PART 32 "j_index_ri_0"
PART 33 "j_mid_ri_0"
PART 34 "j_pinkypalm_ri"
PART 35 "j_ringpalm_ri"
PART 36 "j_thumb_ri_0"
PART 37 "j_webbing_ri"
PART 38 "tag_extended_mag_bullet_attach_animate"
PART 39 "j_index_le_1"
PART 40 "j_mid_le_1"
PART 41 "j_pinky_le_0"
PART 42 "j_ring_le_0"
PART 43 "j_thumb_le_1"
PART 44 "j_index_ri_1"
PART 45 "j_mid_ri_1"
PART 46 "j_pinky_ri_0"
PART 47 "j_ring_ri_0"
PART 48 "j_thumb_ri_1"
PART 49 "j_index_le_2"
PART 50 "j_mid_le_2"
PART 51 "j_pinky_le_1"
PART 52 "j_ring_le_1"
PART 53 "j_thumb_le_2"
PART 54 "j_index_ri_2"
PART 55 "j_mid_ri_2"
PART 56 "j_pinky_ri_1"
PART 57 "j_ring_ri_1"
PART 58 "j_thumb_ri_2"
PART 59 "j_index_le_3"
PART 60 "j_mid_le_3"
PART 61 "j_pinky_le_2"
PART 62 "j_ring_le_2"
PART 63 "j_thumb_le_3"
PART 64 "j_index_ri_3"
PART 65 "j_mid_ri_3"
PART 66 "j_pinky_ri_2"
PART 67 "j_ring_ri_2"
PART 68 "j_thumb_ri_3"
PART 69 "j_pinky_le_3"
PART 70 "j_ring_le_3"
PART 71 "j_pinky_ri_3"
PART 72 "j_ring_ri_3"
PART 73 "tag_cambone"
PART 74 "tag_camera"
PART 75 "tag_gasmask"
PART 76 "tag_gasmask2"

FRAMERATE 30
NUMFRAMES 21
FRAME 0
PART 0
OFFSET 0.000000 0.000000 0.000000
SCALE 1.000000 1.000000 1.000000
X 1.000000 0.000000 0.000000
Y 0.000000 1.000000 0.000000
Z 0.000000 0.000000 1.000000

PART 1
OFFSET -1.120055 6.800090 -0.998210
SCALE 1.000000 1.000000 1.000000
X 0.806770 -0.070165 -0.586684
Y -0.085817 -0.996310 0.001145
Z -0.584600 0.049423 -0.809815

PART 2
OFFSET -8.605256 -9.866200 3.909407
SCALE 1.000000 1.000000 1.000000
X -0.516624 -0.120916 0.847631
Y -0.274402 -0.914379 -0.297683
Z 0.811051 -0.386382 0.439210

PART 3
OFFSET 13.936019 -3.827637 -3.944634
SCALE 1.000000 1.000000 1.000000
X 1.000000 0.000000 0.000000
Y 0.000000 1.000000 0.000000
Z 0.000000 0.000000 1.000000

PART 4
OFFSET 13.908927 18.076323 -17.331985
SCALE 1.000000 1.000000 1.000000
X 0.998737 0.041892 -0.027740
Y 0.021387 0.145113 0.989184
Z 0.045465 -0.988528 0.144033

PART 5
OFFSET 8.525242 5.814654 -7.870099
SCALE 1.000000 1.000000 1.000000
X 0.860599 -0.459061 0.220528
Y -0.376540 -0.281981 0.882442
Z -0.342910 -0.842466 -0.415528

PART 6
OFFSET -2.290922 -8.504006 -6.967606
SCALE 1.000000 1.000000 1.000000
X -0.913804 -0.211966 -0.346457
Y 0.325431 0.128269 -0.936825
Z 0.243015 -0.968823 -0.048233

PART 7
OFFSET 13.936019 -3.827637 -3.944634
SCALE 1.000000 1.000000 1.000000
X 1.000000 0.000000 0.000000
Y 0.000000 1.000000 0.000000
Z 0.000000 0.000000 1.000000

PART 8
OFFSET 17.752297 2.322211 -6.245709
SCALE 1.000000 1.000000 1.000000
X 0.863763 -0.455075 0.216380
Y 0.345860 0.847708 0.402210
Z -0.366463 -0.272576 0.889611

PART 9
OFFSET 16.940100 1.183367 -7.182209
SCALE 1.000000 1.000000 1.000000
X 0.863763 -0.455075 0.216380
Y 0.345860 0.847708 0.402210
Z -0.366463 -0.272576 0.889611

PART 10
OFFSET 17.210012 1.272131 -3.934986
SCALE 1.000000 1.000000 1.000000
X 0.863763 -0.455075 0.216380
Y 0.345860 0.847708 0.402210
Z -0.366463 -0.272576 0.889611

PART 11
OFFSET 16.588769 0.140910 -4.316949
SCALE 1.000000 1.000000 1.000000
X 0.863763 -0.455075 0.216380
Y 0.345860 0.847708 0.402210
Z -0.366463 -0.272576 0.889611

PART 12
OFFSET 16.411600 0.076988 -5.500254
SCALE 1.000000 1.000000 1.000000
X 0.863763 -0.455075 0.216380
Y 0.345860 0.847708 0.402210
Z -0.366463 -0.272576 0.889611

PART 13
OFFSET 18.430353 0.531285 -5.450449
SCALE 1.000000 1.000000 1.000000
X 0.894069 -0.254522 0.368589
Y -0.434718 -0.294676 0.850991
Z -0.107982 -0.921078 -0.374106

PART 14
OFFSET 15.874821 1.981147 -5.914590
SCALE 1.000000 1.000000 1.000000
X 0.874234 -0.448358 0.186252
Y -0.181121 0.054746 0.981936
Z -0.450455 -0.892176 -0.033346

PART 15
OFFSET 6.945852 -7.245863 -2.003467
SCALE 1.000000 1.000000 1.000000
X -0.916390 -0.210094 -0.340720
Y -0.245093 0.967474 0.062634
Z 0.316479 0.140906 -0.938076

PART 16
OFFSET 6.462689 -6.011196 -1.771849
SCALE 1.000000 1.000000 1.000000
X -0.916390 -0.210094 -0.340720
Y -0.245093 0.967474 0.062634
Z 0.316479 0.140906 -0.938076

PART 17
OFFSET 6.276626 -5.382121 -2.774526
SCALE 1.000000 1.000000 1.000000
X -0.916390 -0.210094 -0.340720
Y -0.245093 0.967474 0.062634
Z 0.316479 0.140906 -0.938076

PART 18
OFFSET 8.360636 -6.009084 -2.802399
SCALE 1.000000 1.000000 1.000000
X -0.962655 -0.223004 0.153505
Y -0.085757 -0.286629 -0.954196
Z 0.256789 -0.931726 0.256801

PART 19
OFFSET 5.489506 -6.734933 -4.002985
SCALE 1.000000 1.000000 1.000000
X -0.918677 -0.212298 -0.333108
Y 0.273352 0.267081 -0.924092
Z 0.285150 -0.939998 -0.187329

PART 20
OFFSET 19.145504 -3.827902 -0.666275
SCALE 1.000000 1.000000 1.000000
X 1.000000 0.000000 0.000000
Y 0.000000 1.000000 0.000000
Z 0.000000 0.000000 1.000000

PART 21
OFFSET 20.353162 -3.816267 -0.354007
SCALE 1.000000 1.000000 1.000000
X 0.000000 -0.866099 0.499872
Y 1.000000 0.000000 0.000000
Z -0.000000 0.499872 0.866099

PART 22
OFFSET 20.898669 -3.827637 -1.249467
SCALE 1.000000 1.000000 1.000000
X 1.000000 0.000000 0.000000
Y 0.000000 1.000000 0.000000
Z 0.000000 0.000000 1.000000

PART 23
OFFSET 32.500769 -3.827902 -0.778338
SCALE 1.000000 1.000000 1.000000
X 1.000000 0.000000 0.000000
Y 0.000000 1.000000 0.000000
Z 0.000000 0.000000 1.000000

PART 24
OFFSET 13.936019 -3.827637 -3.944634
SCALE 1.000000 1.000000 1.000000
X 1.000000 0.000000 0.000000
Y 0.000000 1.000000 0.000000
Z 0.000000 0.000000 1.000000

PART 25
OFFSET 21.635918 -0.419745 -3.244148
SCALE 1.000000 1.000000 1.000000
X 0.420710 -0.900640 0.108865
Y -0.768244 -0.417521 -0.485261
Z 0.482498 0.120519 -0.867566

PART 26
OFFSET 22.031790 -0.189366 -4.264420
SCALE 1.000000 1.000000 1.000000
X 0.186187 -0.947777 0.258946
Y -0.859327 -0.284859 -0.424750
Z 0.476331 -0.143437 -0.867488

PART 27
OFFSET 19.691411 0.539408 -6.363169
SCALE 1.000000 1.000000 1.000000
X 0.878170 -0.475484 0.052272
Y -0.478019 -0.868258 0.132759
Z -0.017740 -0.141572 -0.989769

PART 28
OFFSET 19.600996 0.451765 -5.441858
SCALE 1.000000 1.000000 1.000000
X 0.924551 -0.369346 0.093748
Y -0.352422 -0.922361 -0.158270
Z 0.144926 0.113290 -0.982935

PART 29
OFFSET 18.396781 -0.178711 -4.780127
SCALE 1.000000 1.000000 1.000000
X 0.135425 -0.906568 0.399744
Y -0.898256 0.057909 0.435640
Z -0.418086 -0.418069 -0.806488

PART 30
OFFSET 20.438394 -1.214913 -3.163550
SCALE 1.000000 1.000000 1.000000
X 0.895271 -0.438602 0.078223
Y 0.346018 0.795116 0.498057
Z -0.280645 -0.418830 0.863609

PART 31
OFFSET 20.924065 -1.403575 -5.479847
SCALE 1.000000 1.000000 1.000000
X 0.088971 0.365902 -0.926391
Y 0.108019 0.921049 0.374166
Z 0.990160 -0.133357 0.042423

PART 32
OFFSET 12.254734 -5.307710 -2.553762
SCALE 1.000000 1.000000 1.000000
X -0.957065 -0.136462 0.255745
Y 0.254008 -0.819897 0.513078
Z 0.139669 0.556010 0.819357

PART 33
OFFSET 12.088319 -5.378370 -3.686023
SCALE 1.000000 1.000000 1.000000
X -0.032919 -0.988274 -0.149103
Y 0.985659 -0.007396 -0.168590
Z 0.165510 -0.152515 0.974344

PART 34
OFFSET 9.042985 -5.954751 -4.031370
SCALE 1.000000 1.000000 1.000000
X -0.759442 -0.440957 0.478336
Y 0.524802 -0.849763 0.049855
Z 0.384488 0.288894 0.876761

PART 35
OFFSET 9.322918 -5.855226 -3.385287
SCALE 1.000000 1.000000 1.000000
X -0.868135 -0.317296 0.381660
Y 0.421048 -0.877959 0.227830
Z 0.262793 0.358484 0.895784

PART 36
OFFSET 8.798657 -5.245437 -2.128282
SCALE 1.000000 1.000000 1.000000
X -0.648847 -0.718081 -0.251709
Y 0.358506 0.003288 -0.933522
Z 0.671171 -0.695952 0.255303

PART 37
OFFSET 4.564373 -7.194227 -1.219011
SCALE 1.000000 1.000000 1.000000
X -0.817779 -0.413463 0.400357
Y -0.528576 0.814769 -0.238241
Z -0.227694 -0.406447 -0.884848

PART 38
OFFSET 13.936019 -3.827598 -1.344680
SCALE 1.000000 1.000000 1.000000
X 1.000000 0.000000 0.000000
Y 0.000000 1.000000 0.000000
Z 0.000000 0.000000 1.000000

PART 39
OFFSET 22.358982 -2.016427 -3.084558
SCALE 1.000000 1.000000 1.000000
X -0.419642 -0.898922 -0.125852
Y -0.793385 0.430611 -0.430250
Z 0.440955 -0.080702 -0.893894

PART 40
OFFSET 22.433577 -1.993899 -3.759190
SCALE 1.000000 1.000000 1.000000
X -0.178584 -0.983914 -0.004698
Y -0.979403 0.178218 -0.094909
Z 0.094219 -0.012347 -0.995475

PART 41
OFFSET 21.639452 -0.558444 -6.078589
SCALE 1.000000 1.000000 1.000000
X 0.635027 -0.753131 0.171854
Y -0.747382 -0.655248 -0.109862
Z 0.195348 -0.058676 -0.978977

PART 42
OFFSET 22.025502 -0.488179 -5.334282
SCALE 1.000000 1.000000 1.000000
X 0.426882 -0.848356 0.313153
Y -0.873710 -0.476237 -0.099144
Z 0.233244 -0.231282 -0.944514

PART 43
OFFSET 18.616800 -2.219329 -3.909976
SCALE 1.000000 1.000000 1.000000
X 0.713926 -0.677188 0.178119
Y -0.655294 -0.556493 0.510789
Z -0.246778 -0.481386 -0.841052

PART 44
OFFSET 13.910823 -5.189256 -3.006458
SCALE 1.000000 1.000000 1.000000
X -0.773662 -0.600817 0.201163
Y 0.630891 -0.759817 0.157017
Z 0.058508 0.248390 0.966891

PART 45
OFFSET 12.135705 -3.437973 -3.386556
SCALE 1.000000 1.000000 1.000000
X 0.799940 -0.545932 -0.249107
Y 0.475030 0.829751 -0.293018
Z 0.366665 0.116064 0.923085

PART 46
OFFSET 10.845983 -4.962810 -5.032997
SCALE 1.000000 1.000000 1.000000
X -0.298653 -0.953859 0.030963
Y 0.903463 -0.293030 -0.312869
Z 0.307506 -0.065466 0.949291

PART 47
OFFSET 11.542413 -5.071669 -4.505570
SCALE 1.000000 1.000000 1.000000
X -0.245191 -0.964949 -0.093572
Y 0.880104 -0.181072 -0.438896
Z 0.406569 -0.189967 0.893652

PART 48
OFFSET 10.150094 -3.633523 -1.510194
SCALE 1.000000 1.000000 1.000000
X -0.821764 -0.533819 0.199349
Y 0.047603 -0.412930 -0.909518
Z 0.567835 -0.737920 0.364742

PART 49
OFFSET 22.067742 -3.140524 -3.049411
SCALE 1.000000 1.000000 1.000000
X -0.247791 -0.965244 0.083087
Y -0.894004 0.194769 -0.403513
Z 0.373305 -0.174267 -0.911194

PART 50
OFFSET 22.400704 -3.354498 -3.672049
SCALE 1.000000 1.000000 1.000000
X -0.459111 -0.881094 0.113533
Y -0.883866 0.440168 -0.158221
Z 0.089434 -0.172989 -0.980855

PART 51
OFFSET 22.540470 -1.630222 -5.835030
SCALE 1.000000 1.000000 1.000000
X -0.286072 -0.942606 0.172212
Y -0.908491 0.209673 -0.361498
Z 0.304642 -0.259867 -0.916331

PART 52
OFFSET 22.759243 -1.914466 -4.825304
SCALE 1.000000 1.000000 1.000000
X -0.570064 -0.790106 0.225300
Y -0.799667 0.470636 -0.372873
Z 0.188575 -0.392727 -0.900114

PART 53
OFFSET 19.563939 -3.426219 -3.632870
SCALE 1.000000 1.000000 1.000000
X 0.240960 -0.940238 0.240604
Y -0.840480 -0.078190 0.536171
Z -0.485316 -0.331418 -0.809092

PART 54
OFFSET 14.739547 -4.326390 -3.174257
SCALE 1.000000 1.000000 1.000000
X -0.281127 -0.953269 0.110663
Y 0.959642 -0.278357 0.040050
Z -0.007375 0.117456 0.993051

PART 55
OFFSET 10.917737 -2.683854 -3.070414
SCALE 1.000000 1.000000 1.000000
X 0.893271 0.388749 -0.225703
Y -0.414127 0.906970 -0.076844
Z 0.174833 0.162113 0.971161

PART 56
OFFSET 11.269622 -3.587572 -5.071319
SCALE 1.000000 1.000000 1.000000
X 0.576031 -0.691157 -0.436453
Y 0.770345 0.637588 0.007032
Z 0.273417 -0.340270 0.899700

PART 57
OFFSET 11.954784 -3.390208 -4.329918
SCALE 1.000000 1.000000 1.000000
X 0.740340 -0.497019 -0.452625
Y 0.542398 0.839410 -0.034563
Z 0.397116 -0.219915 0.891031

PART 58
OFFSET 11.396598 -2.917429 -2.107533
SCALE 1.000000 1.000000 1.000000
X -0.661853 -0.169245 0.730278
Y -0.505230 -0.618975 -0.601342
Z 0.553799 -0.766959 0.324163

PART 59
OFFSET 21.787908 -4.230770 -2.955546
SCALE 1.000000 1.000000 1.000000
X 0.992788 0.089155 0.080146
Y -0.082932 0.993507 -0.077881
Z -0.086569 0.070673 0.993736

PART 60
OFFSET 21.881982 -4.353940 -3.550297
SCALE 1.000000 1.000000 1.000000
X 0.910189 0.406227 0.080845
Y -0.373223 0.889023 -0.265222
Z -0.179614 0.211228 0.960792

PART 61
OFFSET 22.306011 -2.295827 -5.698237
SCALE 1.000000 1.000000 1.000000
X -0.304931 -0.950141 0.065184
Y -0.875094 0.252523 -0.412848
Z 0.375803 -0.182933 -0.908464

PART 62
OFFSET 22.251507 -3.035153 -4.496636
SCALE 1.000000 1.000000 1.000000
X -0.478116 -0.878240 -0.009981
Y -0.836341 0.458718 -0.300186
Z 0.268214 -0.135176 -0.953829

PART 63
OFFSET 19.787984 -4.459509 -3.400598
SCALE 1.000000 1.000000 1.000000
X 0.316380 -0.497304 0.807832
Y 0.480949 0.818104 0.315268
Z -0.817675 0.288781 0.498010

PART 64
OFFSET 15.057113 -3.249720 -3.299221
SCALE 1.000000 1.000000 1.000000
X -0.776709 0.594549 0.207932
Y 0.553620 0.801856 -0.224791
Z -0.300381 -0.059482 -0.951963

PART 65
OFFSET 9.904516 -3.124680 -2.821692
SCALE 1.000000 1.000000 1.000000
X -0.432313 -0.888146 0.155889
Y -0.876833 0.454389 0.157143
Z -0.210400 -0.068754 -0.975195

PART 66
OFFSET 10.775024 -2.986819 -4.694269
SCALE 1.000000 1.000000 1.000000
X 0.905975 0.123671 -0.404863
Y 0.058884 0.910264 0.409820
Z 0.419215 -0.395127 0.817394

PART 67
OFFSET 10.871692 -2.761445 -3.714150
SCALE 1.000000 1.000000 1.000000
X 0.891130 0.429244 -0.147096
Y -0.373529 0.878017 0.299270
Z 0.257613 -0.211743 0.942762

PART 68
OFFSET 12.095618 -2.688790 -2.901881
SCALE 1.000000 1.000000 1.000000
X -0.948430 0.240136 0.206917
Y 0.112662 0.865508 -0.488060
Z -0.296289 -0.439580 -0.847928

PART 69
OFFSET 22.016319 -3.198486 -5.636309
SCALE 1.000000 1.000000 1.000000
X 0.727684 0.594797 0.341602
Y -0.417057 0.779070 -0.468096
Z -0.544554 0.198159 0.814981

PART 70
OFFSET 21.733041 -3.987586 -4.507456
SCALE 1.000000 1.000000 1.000000
X 0.883674 0.450184 0.128272
Y -0.421487 0.884428 -0.200340
Z -0.203637 0.122970 0.971293

PART 71
OFFSET 9.914311 -3.104306 -4.309647
SCALE 1.000000 1.000000 1.000000
X -0.790887 -0.608321 -0.066660
Y -0.485778 0.557826 0.672941
Z -0.372179 0.564602 -0.736687

PART 72
OFFSET 9.905224 -3.226931 -3.554582
SCALE 1.000000 1.000000 1.000000
X -0.502802 -0.864402 0.000325
Y -0.827185 0.481263 0.290090
Z -0.250911 0.145588 -0.956999

PART 73
OFFSET 0.000000 0.000000 0.000000
SCALE 1.000000 1.000000 1.000000
X 1.000000 0.000000 0.000000
Y 0.000000 1.000000 0.000000
Z 0.000000 0.000000 1.000000

PART 74
OFFSET 0.000000 0.000000 0.000000
SCALE 1.000000 1.000000 1.000000
X 1.000000 0.000000 0.000000
Y 0.000000 1.000000 0.000000
Z 0.000000 0.000000 1.000000

PART 75
OFFSET 1.540551 0.000000 4.135826
SCALE 1.000000 1.000000 1.000000
X 1.000000 0.000000 0.000000
Y 0.000000 1.000000 0.000000
Z 0.000000 0.000000 1.000000

PART 76
OFFSET -4.631835 0.000000 -1.376957
SCALE 1.000000 1.000000 1.000000
X 1.000000 0.000000 0.000000
Y 0.000000 1.000000 0.000000
Z 0.000000 0.000000 1.000000

FRAME 1
PART 0
OFFSET 0.000000 0.000000 0.000000
SCALE 1.000000 1.000000 1.000000
X 1.000000 0.000000 0.000000
Y 0.000000 1.000000 0.000000
Z 0.000000 0.000000 1.000000

PART 1
OFFSET -1.031427 6.689348 -0.984408
SCALE 1.000000 1.000000 1.000000
X 0.791721 -0.044245 -0.609278
Y -0.073100 -0.997069 -0.022582
Z -0.606493 0.062417 -0.792635

PART 2
OFFSET -8.520967 -9.824187 3.881828
SCALE 1.000000 1.000000 1.000000
X -0.504367 -0.117013 0.855525
Y -0.272332 -0.918654 -0.286198
Z 0.819420 -0.377336 0.431472

PART 3
OFFSET 13.704049 -3.770131 -3.781224
SCALE 1.000000 1.000000 1.000000
X 0.999929 -0.011316 -0.003785
Y 0.011265 0.999848 -0.013342
Z 0.003935 0.013298 0.999904

PART 4
OFFSET 13.908927 18.076323 -17.331985
SCALE 1.000000 1.000000 1.000000
X 0.998737 0.041892 -0.027740
Y 0.021387 0.145113 0.989184
Z 0.045465 -0.988528 0.144033

PART 5
OFFSET 8.480779 6.076333 -8.229445
SCALE 1.000000 1.000000 1.000000
X 0.845462 -0.480751 0.232537
Y -0.398112 -0.277155 0.874467
Z -0.355952 -0.831903 -0.425717

PART 6
OFFSET -2.332028 -8.526727 -7.200886
SCALE 1.000000 1.000000 1.000000
X -0.895995 -0.224718 -0.383007
Y 0.359441 0.139457 -0.922688
Z 0.260758 -0.964393 -0.044179

PART 7
OFFSET 13.704049 -3.770131 -3.781224
SCALE 1.000000 1.000000 1.000000
X 0.999929 -0.011316 -0.003785
Y 0.011265 0.999848 -0.013342
Z 0.003935 0.013298 0.999904

PART 8
OFFSET 17.592419 2.354544 -6.468582
SCALE 1.000000 1.000000 1.000000
X 0.848790 -0.476822 0.228464
Y 0.359252 0.837138 0.412478
Z -0.387935 -0.268032 0.881854

PART 9
OFFSET 16.769098 1.240224 -7.424666
SCALE 1.000000 1.000000 1.000000
X 0.848790 -0.476822 0.228464
Y 0.359252 0.837138 0.412478
Z -0.387935 -0.268032 0.881854

PART 10
OFFSET 16.985968 1.306498 -4.172934
SCALE 1.000000 1.000000 1.000000
X 0.848790 -0.476822 0.228464
Y 0.359252 0.837138 0.412478
Z -0.387935 -0.268032 0.881854

PART 11
OFFSET 16.344300 0.192472 -4.571313
SCALE 1.000000 1.000000 1.000000
X 0.848790 -0.476822 0.228464
Y 0.359252 0.837138 0.412478
Z -0.387935 -0.268032 0.881854

PART 12
OFFSET 16.185735 0.138655 -5.757756
SCALE 1.000000 1.000000 1.000000
X 0.848790 -0.476822 0.228464
Y 0.359252 0.837138 0.412478
Z -0.387935 -0.268032 0.881854

PART 13
OFFSET 18.212187 0.534746 -5.658295
SCALE 1.000000 1.000000 1.000000
X 0.900590 -0.256178 0.351155
Y -0.419228 -0.298514 0.857401
Z -0.114823 -0.919382 -0.376236

PART 14
OFFSET 15.703670 2.060592 -6.168312
SCALE 1.000000 1.000000 1.000000
X 0.860374 -0.470042 0.197020
Y -0.187094 0.068297 0.979965
Z -0.474080 -0.879998 -0.029181

PART 15
OFFSET 6.682555 -7.148725 -1.873410
SCALE 1.000000 1.000000 1.000000
X -0.898833 -0.222924 -0.377365
Y -0.263372 0.962920 0.058481
Z 0.350336 0.151952 -0.924216

PART 16
OFFSET 6.170319 -5.923611 -1.653852
SCALE 1.000000 1.000000 1.000000
X -0.898833 -0.222924 -0.377365
Y -0.263372 0.962920 0.058481
Z 0.350336 0.151952 -0.924216

PART 17
OFFSET 6.012970 -5.291386 -2.659461
SCALE 1.000000 1.000000 1.000000
X -0.898833 -0.222924 -0.377365
Y -0.263372 0.962920 0.058481
Z 0.350336 0.151952 -0.924216

PART 18
OFFSET 8.112415 -5.870455 -2.593026
SCALE 1.000000 1.000000 1.000000
X -0.964471 -0.210155 0.160094
Y -0.092539 -0.298854 -0.949801
Z 0.247450 -0.930871 0.268789

PART 19
OFFSET 5.296565 -6.648036 -3.925720
SCALE 1.000000 1.000000 1.000000
X -0.901223 -0.225158 -0.370270
Y 0.306400 0.273155 -0.911869
Z 0.306456 -0.935249 -0.177186

PART 20
OFFSET 18.926062 -3.785752 -0.522894
SCALE 1.000000 1.000000 1.000000
X 0.999929 -0.011316 -0.003785
Y 0.011265 0.999848 -0.013342
Z 0.003935 0.013298 0.999904

PART 21
OFFSET 20.134994 -3.783633 -0.215383
SCALE 1.000000 1.000000 1.000000
X -0.007789 -0.859320 0.511379
Y 0.999929 -0.011316 -0.003785
Z 0.009039 0.511313 0.859347

PART 22
OFFSET 20.676810 -3.813082 -1.112669
SCALE 1.000000 1.000000 1.000000
X 0.999929 -0.011316 -0.003785
Y 0.011265 0.999848 -0.013342
Z 0.003935 0.013298 0.999904

PART 23
OFFSET 32.279935 -3.938375 -0.685496
SCALE 1.000000 1.000000 1.000000
X 0.999929 -0.011316 -0.003785
Y 0.011265 0.999848 -0.013342
Z 0.003935 0.013298 0.999904

PART 24
OFFSET 13.704049 -3.770131 -3.781224
SCALE 1.000000 1.000000 1.000000
X 0.999929 -0.011316 -0.003785
Y 0.011265 0.999848 -0.013342
Z 0.003935 0.013298 0.999904

PART 25
OFFSET 21.460126 -0.400971 -3.514159
SCALE 1.000000 1.000000 1.000000
X 0.590380 -0.802091 0.090011
Y -0.677934 -0.553309 -0.483998
Z 0.438014 0.224721 -0.870428

PART 26
OFFSET 21.823321 -0.179534 -4.541743
SCALE 1.000000 1.000000 1.000000
X 0.348412 -0.903625 0.249141
Y -0.811423 -0.423823 -0.402451
Z 0.469256 -0.061940 -0.880887

PART 27
OFFSET 19.473558 0.546347 -6.565905
SCALE 1.000000 1.000000 1.000000
X 0.862586 -0.505396 0.022796
Y -0.505381 -0.858747 0.084523
Z -0.023141 -0.084429 -0.996161

PART 28
OFFSET 19.375034 0.441280 -5.670572
SCALE 1.000000 1.000000 1.000000
X 0.926181 -0.368314 0.080829
Y -0.346980 -0.916362 -0.199713
Z 0.147626 0.156924 -0.976515

PART 29
OFFSET 18.182519 -0.197329 -4.958632
SCALE 1.000000 1.000000 1.000000
X 0.166367 -0.876022 0.452667
Y -0.870652 0.085008 0.484498
Z -0.462912 -0.474720 -0.748568

PART 30
OFFSET 20.261257 -1.221740 -3.416105
SCALE 1.000000 1.000000 1.000000
X 0.896509 -0.438946 0.059987
Y 0.355059 0.792864 0.495278
Z -0.264962 -0.422722 0.866661

PART 31
OFFSET 20.704806 -1.399950 -5.741661
SCALE 1.000000 1.000000 1.000000
X 0.072176 0.370077 -0.926193
Y 0.114861 0.919353 0.376294
Z 0.990756 -0.133543 0.023848

PART 32
OFFSET 12.014941 -5.208977 -2.368342
SCALE 1.000000 1.000000 1.000000
X -0.957537 -0.122269 0.261102
Y 0.246876 -0.815478 0.523495
Z 0.148916 0.565726 0.811035

PART 33
OFFSET 11.843460 -5.293468 -3.498898
SCALE 1.000000 1.000000 1.000000
X -0.044403 -0.989818 -0.135233
Y 0.984870 -0.020674 -0.172059
Z 0.167511 -0.140827 0.975760

PART 34
OFFSET 8.790654 -5.840735 -3.825110
SCALE 1.000000 1.000000 1.000000
X -0.762447 -0.425828 0.487180
Y 0.515565 -0.854765 0.059749
Z 0.390982 0.296729 0.871255

PART 35
OFFSET 9.074120 -5.735381 -3.181496
SCALE 1.000000 1.000000 1.000000
X -0.870134 -0.302320 0.389192
Y 0.412182 -0.879338 0.238475
Z 0.270135 0.367923 0.889753

PART 36
OFFSET 8.561403 -5.102450 -1.931187
SCALE 1.000000 1.000000 1.000000
X -0.657693 -0.714252 -0.239341
Y 0.354975 -0.013629 -0.934776
Z 0.664404 -0.699756 0.262505

PART 37
OFFSET 4.309324 -6.991325 -0.979508
SCALE 1.000000 1.000000 1.000000
X -0.820773 -0.398772 0.409039
Y -0.520441 0.817208 -0.247615
Z -0.235528 -0.416116 -0.878279

PART 38
OFFSET 13.714281 -3.735518 -1.181520
SCALE 1.000000 1.000000 1.000000
X 0.999929 -0.011316 -0.003785
Y 0.011265 0.999848 -0.013342
Z 0.003935 0.013298 0.999904

PART 39
OFFSET 22.499114 -1.812573 -3.381272
SCALE 1.000000 1.000000 1.000000
X -0.187833 -0.974902 -0.119523
Y -0.878782 0.221159 -0.422885
Z 0.438704 0.025603 -0.898267

PART 40
OFFSET 22.534006 -1.890115 -4.056519
SCALE 1.000000 1.000000 1.000000
X 0.004905 -0.999984 -0.002706
Y -0.997773 -0.004714 -0.066538
Z 0.066524 0.003027 -0.997780

PART 41
OFFSET 21.378124 -0.638088 -6.350633
SCALE 1.000000 1.000000 1.000000
X 0.662461 -0.733685 0.151164
Y -0.732813 -0.676575 -0.072327
Z 0.155339 -0.062861 -0.985859

PART 42
OFFSET 21.806158 -0.485340 -5.596900
SCALE 1.000000 1.000000 1.000000
X 0.515215 -0.804598 0.295255
Y -0.831082 -0.553192 -0.057277
Z 0.209418 -0.215871 -0.953700

PART 43
OFFSET 18.455144 -2.151775 -3.968337
SCALE 1.000000 1.000000 1.000000
X 0.667837 -0.705309 0.237767
Y -0.681688 -0.451352 0.575833
Z -0.298824 -0.546645 -0.782230

PART 44
OFFSET 13.670507 -5.115205 -2.828670
SCALE 1.000000 1.000000 1.000000
X -0.779486 -0.589343 0.212311
Y 0.623046 -0.764527 0.165263
Z 0.064921 0.261100 0.963126

PART 45
OFFSET 11.913420 -3.349753 -3.226602
SCALE 1.000000 1.000000 1.000000
X 0.792907 -0.558179 -0.244405
Y 0.483055 0.820286 -0.306249
Z 0.371424 0.124766 0.920042

PART 46
OFFSET 10.600690 -4.882846 -4.846984
SCALE 1.000000 1.000000 1.000000
X -0.309056 -0.949964 0.045304
Y 0.898976 -0.307349 -0.312054
Z 0.310364 -0.055715 0.948984

PART 47
OFFSET 11.297870 -4.992112 -4.320634
SCALE 1.000000 1.000000 1.000000
X -0.256192 -0.963371 -0.079259
Y 0.876378 -0.196896 -0.439539
Z 0.407833 -0.182067 0.894720

PART 48
OFFSET 9.932905 -3.497229 -1.340485
SCALE 1.000000 1.000000 1.000000
X -0.826850 -0.521850 0.209740
Y 0.039585 -0.425997 -0.903858
Z 0.561027 -0.739053 0.372893

PART 49
OFFSET 22.489819 -2.975698 -3.347410
SCALE 1.000000 1.000000 1.000000
X -0.007641 -0.997408 0.071546
Y -0.915524 -0.021799 -0.401673
Z 0.402191 -0.068572 -0.912984

PART 50
OFFSET 22.754187 -3.236201 -3.979877
SCALE 1.000000 1.000000 1.000000
X -0.289432 -0.949785 0.118902
Y -0.954172 0.276412 -0.114681
Z 0.076057 -0.146646 -0.986261

PART 51
OFFSET 22.312898 -1.670344 -6.139222
SCALE 1.000000 1.000000 1.000000
X -0.176465 -0.962893 0.204199
Y -0.943873 0.106686 -0.312604
Z 0.279219 -0.247901 -0.927675

PART 52
OFFSET 22.678370 -1.809885 -5.125969
SCALE 1.000000 1.000000 1.000000
X -0.387328 -0.884457 0.260216
Y -0.901770 0.304731 -0.306513
Z 0.191802 -0.353376 -0.915607

PART 53
OFFSET 19.317562 -3.396808 -3.595081
SCALE 1.000000 1.000000 1.000000
X 0.172217 -0.938381 0.299638
Y -0.828134 0.026797 0.559890
Z -0.533419 -0.344563 -0.772490

PART 54
OFFSET 14.508075 -4.264002 -3.011463
SCALE 1.000000 1.000000 1.000000
X -0.291223 -0.948463 0.124924
Y 0.956652 -0.288414 0.040420
Z -0.002307 0.131280 0.991343

PART 55
OFFSET 10.705068 -2.577851 -2.916540
SCALE 1.000000 1.000000 1.000000
X 0.896649 0.375643 -0.234334
Y -0.404368 0.910359 -0.087934
Z 0.180296 0.173603 0.968171

PART 56
OFFSET 11.039351 -3.513059 -4.905959
SCALE 1.000000 1.000000 1.000000
X 0.566698 -0.703490 -0.428900
Y 0.777365 0.629033 -0.004634
Z 0.273053 -0.330786 0.903340

PART 57
OFFSET 11.729461 -3.313060 -4.169871
SCALE 1.000000 1.000000 1.000000
X 0.733079 -0.511432 -0.448367
Y 0.551506 0.832777 -0.048201
Z 0.398041 -0.211942 0.892549

PART 58
OFFSET 11.184970 -2.803362 -1.952255
SCALE 1.000000 1.000000 1.000000
X -0.660907 -0.151752 0.734965
Y -0.514317 -0.621602 -0.590838
Z 0.546516 -0.768494 0.332773

PART 59
OFFSET 22.481234 -4.102263 -3.266580
SCALE 1.000000 1.000000 1.000000
X 0.942213 0.324892 0.081736
Y -0.320131 0.945058 -0.066188
Z -0.098749 0.036197 0.994454

PART 60
OFFSET 22.427596 -4.313138 -3.852113
SCALE 1.000000 1.000000 1.000000
X 0.825909 0.561644 0.049299
Y -0.536801 0.810078 -0.235836
Z -0.172392 0.168315 0.970542

PART 61
OFFSET 22.162000 -2.363428 -5.978112
SCALE 1.000000 1.000000 1.000000
X -0.262029 -0.959800 0.100622
Y -0.906297 0.208905 -0.367401
Z 0.331611 -0.187463 -0.924603

PART 62
OFFSET 22.409487 -3.013631 -4.768540
SCALE 1.000000 1.000000 1.000000
X -0.348959 -0.936845 0.023420
Y -0.912687 0.334077 -0.235360
Z 0.212671 -0.103506 -0.971626

PART 63
OFFSET 19.465275 -4.426903 -3.296889
SCALE 1.000000 1.000000 1.000000
X 0.299078 -0.465851 0.832788
Y 0.553493 0.795609 0.246278
Z -0.777302 0.387285 0.495794

PART 64
OFFSET 14.837045 -3.192760 -3.152536
SCALE 1.000000 1.000000 1.000000
X -0.769295 0.605961 0.202475
Y 0.561591 0.792467 -0.237930
Z -0.304631 -0.069329 -0.949944

PART 65
OFFSET 9.687989 -3.003912 -2.658030
SCALE 1.000000 1.000000 1.000000
X -0.441507 -0.881047 0.169790
Y -0.871156 0.466229 0.154003
Z -0.214845 -0.079920 -0.973373

PART 66
OFFSET 10.552856 -2.901685 -4.535495
SCALE 1.000000 1.000000 1.000000
X 0.905744 0.107983 -0.409839
Y 0.070495 0.915145 0.396913
Z 0.417922 -0.388393 0.821274

PART 67
OFFSET 10.655726 -2.663839 -3.558962
SCALE 1.000000 1.000000 1.000000
X 0.895254 0.417246 -0.156290
Y -0.362666 0.886173 0.288394
Z 0.258831 -0.201505 0.944670

PART 68
OFFSET 11.883454 -2.593527 -2.752243
SCALE 1.000000 1.000000 1.000000
X -0.944927 0.253494 0.207011
Y 0.120366 0.857358 -0.500449
Z -0.304344 -0.447971 -0.840653

PART 69
OFFSET 21.913066 -3.275262 -5.882517
SCALE 1.000000 1.000000 1.000000
X 0.720896 0.630219 0.288328
Y -0.473793 0.751786 -0.458626
Z -0.505796 0.194014 0.840553

PART 70
OFFSET 22.031088 -4.029615 -4.743139
SCALE 1.000000 1.000000 1.000000
X 0.818485 0.571071 0.062934
Y -0.555695 0.814707 -0.165697
Z -0.145898 0.100648 0.984166

PART 71
OFFSET 9.692364 -3.004269 -4.146145
SCALE 1.000000 1.000000 1.000000
X -0.797808 -0.600368 -0.055319
Y -0.477027 0.572456 0.666888
Z -0.368711 0.558438 -0.743101

PART 72
OFFSET 9.684785 -3.116311 -3.389424
SCALE 1.000000 1.000000 1.000000
X -0.512318 -0.858679 0.014170
Y -0.820710 0.494390 0.286381
Z -0.252914 0.135089 -0.958011

PART 73
OFFSET 0.000000 0.000000 0.000000
SCALE 1.000000 1.000000 1.000000
X 1.000000 0.000000 0.000000
Y 0.000000 1.000000 0.000000
Z 0.000000 0.000000 1.000000

PART 74
OFFSET 0.000000 0.000000 0.000000
SCALE 1.000000 1.000000 1.000000
X 1.000000 0.000000 0.000000
Y 0.000000 1.000000 0.000000
Z 0.000000 0.000000 1.000000

PART 75
OFFSET 1.540551 0.000000 4.135826
SCALE 1.000000 1.000000 1.000000
X 1.000000 0.000000 0.000000
Y 0.000000 1.000000 0.000000
Z 0.000000 0.000000 1.000000

PART 76
OFFSET -4.631835 0.000000 -1.376957
SCALE 1.000000 1.000000 1.000000
X 1.000000 0.000000 0.000000
Y 0.000000 1.000000 0.000000
Z 0.000000 0.000000 1.000000

FRAME 2
PART 0
OFFSET 0.000000 0.000000 0.000000
SCALE 1.000000 1.000000 1.000000
X 1.000000 0.000000 0.000000
Y 0.000000 1.000000 0.000000
Z 0.000000 0.000000 1.000000

PART 1
OFFSET -0.796664 6.403962 -0.990268
SCALE 1.000000 1.000000 1.000000
X 0.753007 0.022519 -0.657627
Y -0.037612 -0.996307 -0.077184
Z -0.656937 0.082855 -0.749379

PART 2
OFFSET -8.325947 -9.731589 3.806142
SCALE 1.000000 1.000000 1.000000
X -0.477943 -0.109148 0.871583
Y -0.268889 -0.926437 -0.263465
Z 0.836223 -0.360280 0.413435

PART 3
OFFSET 13.179537 -3.709181 -3.471711
SCALE 1.000000 1.000000 1.000000
X 0.999108 -0.040048 -0.013370
Y 0.039380 0.998119 -0.046983
Z 0.015226 0.046415 0.998806

PART 4
OFFSET 13.908927 18.076323 -17.331985
SCALE 1.000000 1.000000 1.000000
X 0.998737 0.041892 -0.027740
Y 0.021387 0.145113 0.989184
Z 0.045465 -0.988528 0.144033

PART 5
OFFSET 8.357266 6.742649 -9.042838
SCALE 1.000000 1.000000 1.000000
X 0.812930 -0.522827 0.256508
Y -0.441120 -0.265254 0.857353
Z -0.380207 -0.810119 -0.446262

PART 6
OFFSET -2.396504 -8.563621 -7.706636
SCALE 1.000000 1.000000 1.000000
X -0.852220 -0.247955 -0.460694
Y 0.430385 0.168412 -0.886795
Z 0.297472 -0.954021 -0.036808

PART 7
OFFSET 13.179537 -3.709181 -3.471711
SCALE 1.000000 1.000000 1.000000
X 0.999108 -0.040048 -0.013370
Y 0.039380 0.998119 -0.046983
Z 0.015226 0.046415 0.998806

PART 8
OFFSET 17.213947 2.572111 -7.008108
SCALE 1.000000 1.000000 1.000000
X 0.816583 -0.519027 0.252593
Y 0.384213 0.815303 0.433199
Z -0.430782 -0.256694 0.865179

PART 9
OFFSET 16.372188 1.506965 -8.003381
SCALE 1.000000 1.000000 1.000000
X 0.816583 -0.519027 0.252593
Y 0.384213 0.815303 0.433199
Z -0.430782 -0.256694 0.865179

PART 10
OFFSET 16.478529 1.534607 -4.745604
SCALE 1.000000 1.000000 1.000000
X 0.816583 -0.519027 0.252593
Y 0.384213 0.815303 0.433199
Z -0.430782 -0.256694 0.865179

PART 11
OFFSET 15.798684 0.456199 -5.177280
SCALE 1.000000 1.000000 1.000000
X 0.816583 -0.519027 0.252593
Y 0.384213 0.815303 0.433199
Z -0.430782 -0.256694 0.865179

PART 12
OFFSET 15.679172 0.420330 -6.368966
SCALE 1.000000 1.000000 1.000000
X 0.816583 -0.519027 0.252593
Y 0.384213 0.815303 0.433199
Z -0.430782 -0.256694 0.865179

PART 13
OFFSET 17.714890 0.699048 -6.168967
SCALE 1.000000 1.000000 1.000000
X 0.911498 -0.261675 0.317328
Y -0.390795 -0.310399 0.866563
Z -0.128260 -0.913881 -0.385190

PART 14
OFFSET 15.307166 2.372392 -6.771479
SCALE 1.000000 1.000000 1.000000
X 0.830396 -0.512325 0.219009
Y -0.200529 0.091924 0.975366
Z -0.519837 -0.853858 -0.026403

PART 15
OFFSET 6.085274 -6.978118 -1.616543
SCALE 1.000000 1.000000 1.000000
X -0.855582 -0.246362 -0.455285
Y -0.301222 0.952199 0.050814
Z 0.421004 0.180618 -0.888894

PART 16
OFFSET 5.513445 -5.775308 -1.422233
SCALE 1.000000 1.000000 1.000000
X -0.855582 -0.246362 -0.455285
Y -0.301222 0.952199 0.050814
Z 0.421004 0.180618 -0.888894

PART 17
OFFSET 5.418717 -5.130515 -2.427710
SCALE 1.000000 1.000000 1.000000
X -0.855582 -0.246362 -0.455285
Y -0.301222 0.952199 0.050814
Z 0.421004 0.180618 -0.888894

PART 18
OFFSET 7.537165 -5.606469 -2.154832
SCALE 1.000000 1.000000 1.000000
X -0.968160 -0.177149 0.176876
Y -0.111586 -0.327094 -0.938381
Z 0.224089 -0.928239 0.296911

PART 19
OFFSET 4.858806 -6.484154 -3.771895
SCALE 1.000000 1.000000 1.000000
X -0.857934 -0.248656 -0.449577
Y 0.377607 0.288180 -0.879980
Z 0.348372 -0.924728 -0.153345

PART 20
OFFSET 18.434283 -3.765911 -0.266902
SCALE 1.000000 1.000000 1.000000
X 0.999108 -0.040048 -0.013370
Y 0.039380 0.998119 -0.046983
Z 0.015226 0.046415 0.998806

PART 21
OFFSET 19.646077 -3.788169 0.028300
SCALE 1.000000 1.000000 1.000000
X -0.026496 -0.841269 0.539967
Y 0.999108 -0.040048 -0.013370
Z 0.032872 0.539131 0.841580

PART 22
OFFSET 20.177016 -3.862926 -0.872850
SCALE 1.000000 1.000000 1.000000
X 0.999108 -0.040048 -0.013370
Y 0.039380 0.998119 -0.046983
Z 0.015226 0.046415 0.998806

PART 23
OFFSET 31.775933 -4.305965 -0.557387
SCALE 1.000000 1.000000 1.000000
X 0.999108 -0.040048 -0.013370
Y 0.039380 0.998119 -0.046983
Z 0.015226 0.046415 0.998806

PART 24
OFFSET 13.179537 -3.709181 -3.471711
SCALE 1.000000 1.000000 1.000000
X 0.999108 -0.040048 -0.013370
Y 0.039380 0.998119 -0.046983
Z 0.015226 0.046415 0.998806

PART 25
OFFSET 21.019258 -0.213177 -4.139179
SCALE 1.000000 1.000000 1.000000
X 0.877285 -0.473378 0.079275
Y -0.366826 -0.767787 -0.525302
Z 0.309532 0.431759 -0.847215

PART 26
OFFSET 21.328227 -0.014358 -5.182896
SCALE 1.000000 1.000000 1.000000
X 0.666930 -0.710677 0.223926
Y -0.608611 -0.692945 -0.386549
Z 0.429880 0.121517 -0.894671

PART 27
OFFSET 18.982186 0.713301 -7.057250
SCALE 1.000000 1.000000 1.000000
X 0.822608 -0.567403 -0.037003
Y -0.568453 -0.822163 -0.030157
Z -0.013312 0.045842 -0.998860

PART 28
OFFSET 18.858326 0.572136 -6.222490
SCALE 1.000000 1.000000 1.000000
X 0.929172 -0.365028 0.058255
Y -0.332643 -0.894437 -0.298884
Z 0.161207 0.258337 -0.952510

PART 29
OFFSET 17.698628 -0.077555 -5.403791
SCALE 1.000000 1.000000 1.000000
X 0.255928 -0.799350 0.543637
Y -0.799846 0.140733 0.583473
Z -0.542907 -0.584152 -0.603339

PART 30
OFFSET 19.835529 -1.090309 -4.021309
SCALE 1.000000 1.000000 1.000000
X 0.897537 -0.440291 0.023898
Y 0.372188 0.785542 0.494368
Z -0.236439 -0.434819 0.868924

PART 31
OFFSET 20.201282 -1.235766 -6.362627
SCALE 1.000000 1.000000 1.000000
X 0.041723 0.383140 -0.922748
Y 0.128300 0.913851 0.385247
Z 0.990857 -0.134462 -0.011028

PART 32
OFFSET 11.459075 -5.049735 -1.992325
SCALE 1.000000 1.000000 1.000000
X -0.957615 -0.086228 0.274843
Y 0.229628 -0.804582 0.547649
Z 0.173911 0.587548 0.790280

PART 33
OFFSET 11.272604 -5.166344 -3.117639
SCALE 1.000000 1.000000 1.000000
X -0.073826 -0.992050 -0.101914
Y 0.981902 -0.054436 -0.181399
Z 0.174409 -0.113461 0.978114

PART 34
OFFSET 8.202105 -5.636583 -3.394135
SCALE 1.000000 1.000000 1.000000
X -0.768643 -0.387657 0.508831
Y 0.491882 -0.866724 0.082720
Z 0.408949 0.313867 0.856883

PART 35
OFFSET 8.495634 -5.518307 -2.757313
SCALE 1.000000 1.000000 1.000000
X -0.873895 -0.264405 0.407919
Y 0.389859 -0.882456 0.263215
Z 0.290375 0.389053 0.874254

PART 36
OFFSET 8.015041 -4.830302 -1.523444
SCALE 1.000000 1.000000 1.000000
X -0.680227 -0.702640 -0.208778
Y 0.343938 -0.054430 -0.937414
Z 0.647300 -0.709461 0.278689

PART 37
OFFSET 3.722309 -6.564686 -0.466051
SCALE 1.000000 1.000000 1.000000
X -0.827056 -0.361524 0.430441
Y -0.499923 0.823177 -0.269179
Z -0.257015 -0.437813 -0.861547

PART 38
OFFSET 13.219126 -3.588466 -0.874862
SCALE 1.000000 1.000000 1.000000
X 0.999108 -0.040048 -0.013370
Y 0.039380 0.998119 -0.046983
Z 0.015226 0.046415 0.998806

PART 39
OFFSET 22.575979 -1.001242 -4.009797
SCALE 1.000000 1.000000 1.000000
X 0.359442 -0.925378 -0.120319
Y -0.846330 -0.268957 -0.459769
Z 0.393100 0.267090 -0.879850

PART 40
OFFSET 22.637560 -1.336564 -4.746841
SCALE 1.000000 1.000000 1.000000
X 0.410030 -0.911913 -0.017043
Y -0.911648 -0.409198 -0.038156
Z 0.027821 0.031182 -0.999126

PART 41
OFFSET 20.774955 -0.653575 -6.981258
SCALE 1.000000 1.000000 1.000000
X 0.722706 -0.685143 0.090969
Y -0.688012 -0.725699 0.000244
Z 0.065849 -0.062765 -0.995854

PART 42
OFFSET 21.302118 -0.320937 -6.206962
SCALE 1.000000 1.000000 1.000000
X 0.697378 -0.676760 0.235922
Y -0.698904 -0.715063 0.014728
Z 0.158732 -0.175158 -0.971660

PART 43
OFFSET 18.138053 -1.822434 -4.215508
SCALE 1.000000 1.000000 1.000000
X 0.583256 -0.713255 0.388690
Y -0.712748 -0.219865 0.666071
Z -0.389619 -0.665528 -0.636608

PART 44
OFFSET 13.111358 -5.018457 -2.472511
SCALE 1.000000 1.000000 1.000000
X -0.793373 -0.559548 0.239720
Y 0.603042 -0.776181 0.184075
Z 0.083067 0.290602 0.953232

PART 45
OFFSET 11.400427 -3.217533 -2.910599
SCALE 1.000000 1.000000 1.000000
X 0.774052 -0.588322 -0.233925
Y 0.502540 0.795661 -0.338198
Z 0.385095 0.144226 0.911538

PART 46
OFFSET 10.026865 -4.764842 -4.465733
SCALE 1.000000 1.000000 1.000000
X -0.335207 -0.938749 0.079916
Y 0.886389 -0.342980 -0.310933
Z 0.319298 -0.033390 0.947066

PART 47
OFFSET 10.726548 -4.876649 -3.943251
SCALE 1.000000 1.000000 1.000000
X -0.284143 -0.957741 -0.044671
Y 0.865487 -0.236168 -0.441766
Z 0.412548 -0.164187 0.896017

PART 48
OFFSET 9.437828 -3.246400 -1.000365
SCALE 1.000000 1.000000 1.000000
X -0.838839 -0.490852 0.235401
Y 0.017406 -0.456383 -0.889613
Z 0.544102 -0.742145 0.391375

PART 49
OFFSET 23.176993 -2.002954 -3.984833
SCALE 1.000000 1.000000 1.000000
X 0.507263 -0.860902 0.039142
Y -0.758717 -0.467671 -0.453467
Z 0.408697 0.200329 -0.890413

PART 50
OFFSET 23.388773 -2.484315 -4.712314
SCALE 1.000000 1.000000 1.000000
X 0.113368 -0.988278 0.102250
Y -0.991987 -0.118364 -0.044181
Z 0.055765 -0.096422 -0.993777

PART 51
OFFSET 21.776584 -1.593133 -6.860144
SCALE 1.000000 1.000000 1.000000
X 0.088660 -0.968778 0.231534
Y -0.972642 -0.134314 -0.189546
Z 0.214726 -0.208395 -0.954183

PART 52
OFFSET 22.427859 -1.381770 -5.844826
SCALE 1.000000 1.000000 1.000000
X 0.076897 -0.961558 0.263616
Y -0.981238 -0.119870 -0.151006
Z 0.176801 -0.247058 -0.952735

PART 53
OFFSET 18.844675 -3.072725 -3.603705
SCALE 1.000000 1.000000 1.000000
X 0.047295 -0.900447 0.432387
Y -0.794902 0.228206 0.562186
Z -0.604892 -0.370293 -0.704974

PART 54
OFFSET 13.970505 -4.197989 -2.692001
SCALE 1.000000 1.000000 1.000000
X -0.316449 -0.935146 0.159257
Y 0.948527 -0.314147 0.040108
Z 0.012523 0.163752 0.986422

PART 55
OFFSET 10.217889 -2.401667 -2.613863
SCALE 1.000000 1.000000 1.000000
X 0.904205 0.341982 -0.255854
Y -0.379483 0.918164 -0.113873
Z 0.195973 0.200057 0.959985

PART 56
OFFSET 10.503309 -3.410818 -4.574549
SCALE 1.000000 1.000000 1.000000
X 0.541775 -0.733087 -0.411173
Y 0.794702 0.606077 -0.033459
Z 0.273731 -0.308633 0.910943

PART 57
OFFSET 11.207003 -3.206570 -3.852625
SCALE 1.000000 1.000000 1.000000
X 0.713280 -0.546603 -0.438699
Y 0.574206 0.814652 -0.081424
Z 0.401894 -0.193825 0.894938

PART 58
OFFSET 10.702027 -2.609033 -1.647623
SCALE 1.000000 1.000000 1.000000
X -0.656637 -0.108611 0.746345
Y -0.538247 -0.625708 -0.564606
Z 0.528316 -0.772459 0.352404

PART 59
OFFSET 23.749980 -2.975313 -3.940601
SCALE 1.000000 1.000000 1.000000
X 0.634974 0.758728 0.145392
Y -0.760632 0.646928 -0.054065
Z -0.135079 -0.076261 0.987896

PART 60
OFFSET 23.518265 -3.604214 -4.603513
SCALE 1.000000 1.000000 1.000000
X 0.542640 0.839782 0.017566
Y -0.825767 0.537180 -0.171889
Z -0.153785 0.078769 0.984960

PART 61
OFFSET 21.834400 -2.317794 -6.677109
SCALE 1.000000 1.000000 1.000000
X -0.155298 -0.974451 0.162259
Y -0.958963 0.109264 -0.261632
Z 0.237218 -0.196231 -0.951431

PART 62
OFFSET 22.737801 -2.606925 -5.510993
SCALE 1.000000 1.000000 1.000000
X -0.026037 -0.998257 0.052964
Y -0.995488 0.021056 -0.092521
Z 0.091244 -0.055134 -0.994301

PART 63
OFFSET 18.854589 -4.059548 -3.158827
SCALE 1.000000 1.000000 1.000000
X 0.259622 -0.379809 0.887886
Y 0.669982 0.732996 0.117646
Z -0.695500 0.564325 0.444767

PART 64
OFFSET 14.327967 -3.141790 -2.871851
SCALE 1.000000 1.000000 1.000000
X -0.749570 0.634011 0.190197
Y 0.581023 0.767864 -0.269808
Z -0.317107 -0.091732 -0.943943

PART 65
OFFSET 9.192158 -2.789785 -2.330940
SCALE 1.000000 1.000000 1.000000
X -0.464256 -0.862028 0.203407
Y -0.855873 0.495729 0.147427
Z -0.227921 -0.105646 -0.967931

PART 66
OFFSET 10.038446 -2.773969 -4.219551
SCALE 1.000000 1.000000 1.000000
X 0.903774 0.068557 -0.422484
Y 0.100736 0.925288 0.365643
Z 0.415987 -0.373018 0.829345

PART 67
OFFSET 10.158935 -2.507243 -3.252542
SCALE 1.000000 1.000000 1.000000
X 0.904860 0.386146 -0.179220
Y -0.334262 0.905158 0.262600
Z 0.263624 -0.177710 0.948115

PART 68
OFFSET 11.397132 -2.445601 -2.461264
SCALE 1.000000 1.000000 1.000000
X -0.935017 0.287042 0.208209
Y 0.138884 0.836686 -0.529781
Z -0.326275 -0.466437 -0.822181

PART 69
OFFSET 21.686864 -3.243547 -6.522958
SCALE 1.000000 1.000000 1.000000
X 0.686076 0.705238 0.178715
Y -0.594134 0.684886 -0.421824
