// Export time: Sun Jun 19 04:34:28 2022

ANIMATION
VERSION 3

NUMPARTS 79
PART 0 "tag_cambone"
PART 1 "tag_camera"
PART 2 "tag_gasmask"
PART 3 "tag_torso"
PART 4 "j_shoulder_le"
PART 5 "j_shoulder_ri"
PART 6 "tag_weapon"
PART 7 "j_elbow_le"
PART 8 "j_elbow_ri"
PART 9 "j_gun"
PART 10 "j_sleave_reshape_bottom_le_1"
PART 11 "j_sleave_reshape_bottom_le_2"
PART 12 "j_sleave_reshape_top_le_1"
PART 13 "j_sleave_reshape_top_le_2"
PART 14 "j_sleave_reshape_top_le_3"
PART 15 "j_wrist_le"
PART 16 "j_wristtwist_le"
PART 17 "j_sleave_reshape_top_ri_1"
PART 18 "j_sleave_reshape_top_ri_2"
PART 19 "j_sleave_reshape_top_ri_3"
PART 20 "j_wrist_ri"
PART 21 "j_wristtwist_ri"
PART 22 "j_arrow"
PART 23 "j_clip_release"
PART 24 "j_gear"
PART 25 "tag_battery_1"
PART 26 "tag_battery_2"
PART 27 "tag_brass"
PART 28 "tag_flash"
PART 29 "tag_fx"
PART 30 "tag_knob"
PART 31 "tag_switch"
PART 32 "j_index_le_0"
PART 33 "j_mid_le_0"
PART 34 "j_pinkypalm_le"
PART 35 "j_ringpalm_le"
PART 36 "j_thumb_le_0"
PART 37 "j_webbing_le"
PART 38 "tag_knife_attach"
PART 39 "j_index_ri_0"
PART 40 "j_mid_ri_0"
PART 41 "j_pinkypalm_ri"
PART 42 "j_ringpalm_ri"
PART 43 "j_thumb_ri_0"
PART 44 "j_webbing_ri"
PART 45 "j_index_le_1"
PART 46 "j_mid_le_1"
PART 47 "j_pinky_le_0"
PART 48 "j_ring_le_0"
PART 49 "j_thumb_le_1"
PART 50 "j_index_ri_1"
PART 51 "j_mid_ri_1"
PART 52 "j_pinky_ri_0"
PART 53 "j_ring_ri_0"
PART 54 "j_thumb_ri_1"
PART 55 "j_index_le_2"
PART 56 "j_mid_le_2"
PART 57 "j_pinky_le_1"
PART 58 "j_ring_le_1"
PART 59 "j_thumb_le_2"
PART 60 "j_index_ri_2"
PART 61 "j_mid_ri_2"
PART 62 "j_pinky_ri_1"
PART 63 "j_ring_ri_1"
PART 64 "j_thumb_ri_2"
PART 65 "j_index_le_3"
PART 66 "j_mid_le_3"
PART 67 "j_pinky_le_2"
PART 68 "j_ring_le_2"
PART 69 "j_thumb_le_3"
PART 70 "j_index_ri_3"
PART 71 "j_mid_ri_3"
PART 72 "j_pinky_ri_2"
PART 73 "j_ring_ri_2"
PART 74 "j_thumb_ri_3"
PART 75 "j_pinky_le_3"
PART 76 "j_ring_le_3"
PART 77 "j_pinky_ri_3"
PART 78 "j_ring_ri_3"

FRAMERATE 30
NUMFRAMES 31
FRAME 0
PART 0
OFFSET 0.000000 0.000000 0.000000
SCALE 1.000000 1.000000 1.000000
X 1.000000 0.000000 0.000000
Y 0.000000 1.000000 0.000000
Z 0.000000 0.000000 1.000000

PART 1
OFFSET 0.000000 0.000000 0.000000
SCALE 1.000000 1.000000 1.000000
X 1.000000 0.000000 0.000000
Y 0.000000 1.000000 0.000000
Z 0.000000 0.000000 1.000000

PART 2
OFFSET 1.540459 0.000006 4.135779
SCALE 1.000000 1.000000 1.000000
X 1.000000 0.000000 0.000000
Y 0.000000 1.000000 0.000000
Z 0.000000 0.000000 1.000000

PART 3
OFFSET -4.631834 0.000000 -1.376955
SCALE 1.000000 1.000000 1.000000
X 1.000000 0.000000 0.000000
Y 0.000000 1.000000 0.000000
Z 0.000000 0.000000 1.000000

PART 4
OFFSET -11.991834 12.184100 -4.570855
SCALE 1.000000 1.000000 1.000000
X 0.446928 0.432312 -0.783174
Y -0.195816 -0.806967 -0.557190
Z -0.872875 0.402382 -0.276002

PART 5
OFFSET -10.515733 -9.236000 -7.430755
SCALE 1.000000 1.000000 1.000000
X 0.286546 0.067758 0.955668
Y -0.417124 -0.889169 0.188113
Z 0.862496 -0.452535 -0.226524

PART 6
OFFSET 2.710942 -8.489217 -15.449699
SCALE 1.000000 1.000000 1.000000
X 0.926326 -0.093302 -0.364986
Y 0.092394 0.995522 -0.019994
Z 0.365217 -0.015202 0.930798

PART 7
OFFSET -6.586904 17.412467 -14.042304
SCALE 1.000000 1.000000 1.000000
X 0.440911 -0.863463 0.245010
Y -0.655244 -0.123101 0.745320
Z -0.613395 -0.489161 -0.620055

PART 8
OFFSET -13.981090 -10.055408 -18.988466
SCALE 1.000000 1.000000 1.000000
X -0.926069 -0.092258 -0.365902
Y 0.368595 -0.013452 -0.929493
Z 0.080831 -0.995644 0.046464

PART 9
OFFSET 2.710942 -8.489217 -15.449699
SCALE 1.000000 1.000000 1.000000
X 0.926326 -0.093302 -0.364986
Y 0.092394 0.995522 -0.019994
Z 0.365217 -0.015202 0.930798

PART 10
OFFSET -0.796733 9.691608 -11.254471
SCALE 1.000000 1.000000 1.000000
X 0.446377 -0.861447 0.242190
Y 0.621534 0.493181 0.608661
Z -0.643773 -0.121163 0.755564

PART 11
OFFSET -2.142289 8.804840 -13.522358
SCALE 1.000000 1.000000 1.000000
X 0.446377 -0.861447 0.242190
Y 0.621534 0.493181 0.608661
Z -0.643773 -0.121163 0.755564

PART 12
OFFSET -2.030347 8.859666 -9.836802
SCALE 1.000000 1.000000 1.000000
X 0.446377 -0.861447 0.242190
Y 0.621534 0.493181 0.608661
Z -0.643773 -0.121163 0.755564

PART 13
OFFSET -3.259914 8.052726 -10.870926
SCALE 1.000000 1.000000 1.000000
X 0.446377 -0.861447 0.242190
Y 0.621534 0.493181 0.608661
Z -0.643773 -0.121163 0.755564

PART 14
OFFSET -4.078109 7.796809 -11.853006
SCALE 1.000000 1.000000 1.000000
X 0.446377 -0.861447 0.242190
Y 0.621534 0.493181 0.608661
Z -0.643773 -0.121163 0.755564

PART 15
OFFSET -1.484963 7.421147 -11.207263
SCALE 1.000000 1.000000 1.000000
X 0.112454 -0.993607 0.009987
Y -0.981628 -0.112646 -0.154004
Z 0.154144 0.007514 -0.988020

PART 16
OFFSET -2.836688 10.068276 -11.958374
SCALE 1.000000 1.000000 1.000000
X 0.440857 -0.863484 0.245031
Y -0.863042 -0.482790 -0.148565
Z 0.246582 -0.145976 -0.958065

PART 17
OFFSET -4.789990 -9.752036 -13.834731
SCALE 1.000000 1.000000 1.000000
X -0.928493 -0.089213 -0.360475
Y -0.083547 0.996012 -0.031304
Z 0.361830 0.001050 -0.932244

PART 18
OFFSET -5.073000 -8.589351 -13.680056
SCALE 1.000000 1.000000 1.000000
X -0.928493 -0.089213 -0.360475
Y -0.083547 0.996012 -0.031304
Z 0.361830 0.001050 -0.932244

PART 19
OFFSET -5.129033 -7.998378 -14.735718
SCALE 1.000000 1.000000 1.000000
X -0.928493 -0.089213 -0.360475
Y -0.083547 0.996012 -0.031304
Z 0.361830 0.001050 -0.932244

PART 20
OFFSET -3.265702 -8.987825 -14.754670
SCALE 1.000000 1.000000 1.000000
X -0.977460 0.106993 0.182003
Y -0.178024 0.045713 -0.982964
Z -0.113490 -0.993208 -0.025635

PART 21
OFFSET -6.104668 -9.270676 -15.876365
SCALE 1.000000 1.000000 1.000000
X -0.926069 -0.092258 -0.365902
Y 0.371695 -0.055727 -0.926681
Z 0.065103 -0.994174 0.085899

PART 22
OFFSET 0.566108 -8.068559 -11.786299
SCALE 1.000000 1.000000 1.000000
X 0.933600 -0.093593 -0.345878
Y 0.092394 0.995522 -0.019994
Z 0.346201 -0.013291 0.938066

PART 23
OFFSET 7.073406 -9.278190 -15.489390
SCALE 1.000000 1.000000 1.000000
X 0.926326 -0.093302 -0.364986
Y 0.092394 0.995522 -0.019994
Z 0.365217 -0.015202 0.930798

PART 24
OFFSET 0.193146 -8.152672 -11.274475
SCALE 1.000000 1.000000 1.000000
X 0.933600 -0.093595 -0.345878
Y 0.092437 0.995520 -0.019880
Z 0.346189 -0.013412 0.938069

PART 25
OFFSET 6.550163 -8.766704 -14.117258
SCALE 1.000000 1.000000 1.000000
X 0.926326 -0.093302 -0.364986
Y 0.092394 0.995522 -0.019994
Z 0.365217 -0.015202 0.930798

PART 26
OFFSET 4.532388 -8.168938 -13.333478
SCALE 1.000000 1.000000 1.000000
X 0.926326 -0.093302 -0.364986
Y 0.092394 0.995522 -0.019994
Z 0.365217 -0.015202 0.930798

PART 27
OFFSET 5.433996 -9.025566 -12.480414
SCALE 1.000000 1.000000 1.000000
X 0.165316 -0.766300 0.620851
Y 0.926096 -0.095857 -0.364908
Z 0.339142 0.635292 0.693820

PART 28
OFFSET 14.223968 -9.592270 -17.169343
SCALE 1.000000 1.000000 1.000000
X 0.926326 -0.093302 -0.364986
Y 0.092394 0.995522 -0.019994
Z 0.365217 -0.015202 0.930798

PART 29
OFFSET -1.142901 -8.083627 -11.088215
SCALE 1.000000 1.000000 1.000000
X -0.929892 0.093448 0.355765
Y -0.092394 -0.995522 0.019994
Z 0.356040 -0.014278 0.934362

PART 30
OFFSET 3.874447 -6.875660 -12.532468
SCALE 1.000000 1.000000 1.000000
X 0.052490 0.015182 0.998506
Y 0.092394 0.995522 -0.019994
Z -0.994338 0.093305 0.050853

PART 31
OFFSET 2.908330 -7.676406 -12.227841
SCALE 1.000000 1.000000 1.000000
X 0.926326 -0.093302 -0.364986
Y 0.092394 0.995522 -0.019994
Z 0.365217 -0.015202 0.930798

PART 32
OFFSET -1.844413 3.461744 -10.917329
SCALE 1.000000 1.000000 1.000000
X 0.202634 -0.202519 -0.958084
Y -0.100781 0.968873 -0.226114
Z 0.974055 0.142375 0.175917

PART 33
OFFSET -0.763845 3.691236 -10.928513
SCALE 1.000000 1.000000 1.000000
X 0.151266 -0.131030 -0.979770
Y -0.230398 0.959203 -0.163850
Z 0.961268 0.250522 0.114906

PART 34
OFFSET -0.307561 6.702466 -11.233591
SCALE 1.000000 1.000000 1.000000
X 0.659245 -0.750014 0.053616
Y 0.169949 0.079163 -0.982268
Z 0.732471 0.656667 0.179652

PART 35
OFFSET -0.956711 6.408053 -11.195770
SCALE 1.000000 1.000000 1.000000
X 0.409456 -0.910911 0.050859
Y 0.194758 0.032811 -0.980302
Z 0.891300 0.411296 0.190841

PART 36
OFFSET -2.318398 6.868568 -11.757077
SCALE 1.000000 1.000000 1.000000
X -0.317879 -0.779816 -0.539296
Y -0.934763 0.162582 0.315889
Z -0.158656 0.604528 -0.780624

PART 37
OFFSET -2.614286 4.183321 -11.950556
SCALE 1.000000 1.000000 1.000000
X 0.338616 -0.910982 -0.235480
Y -0.153102 -0.300273 0.941486
Z -0.928385 -0.282750 -0.241150

PART 38
OFFSET -0.416199 4.799468 -12.602825
SCALE 1.000000 1.000000 1.000000
X 0.877620 0.458303 0.140505
Y -0.154295 -0.007433 0.987997
Z 0.453847 -0.888765 0.064191

PART 39
OFFSET 0.635132 -9.808328 -14.732020
SCALE 1.000000 1.000000 1.000000
X -0.884857 -0.448438 0.126222
Y 0.446524 -0.893656 -0.044677
Z 0.132834 0.016829 0.990995

PART 40
OFFSET 0.358117 -9.569154 -15.774412
SCALE 1.000000 1.000000 1.000000
X -0.616241 -0.787086 -0.027256
Y 0.764957 -0.589966 -0.258420
Z 0.187319 -0.180098 0.965648

PART 41
OFFSET -2.606279 -8.828671 -15.956033
SCALE 1.000000 1.000000 1.000000
X -0.704775 0.019015 0.709177
Y -0.041091 -0.999057 -0.014049
Z 0.708240 -0.039043 0.704891

PART 42
OFFSET -2.288819 -9.021320 -15.346389
SCALE 1.000000 1.000000 1.000000
X -0.876224 0.081888 0.474895
Y -0.085595 -0.996234 0.013853
Z 0.474241 -0.028510 0.879933

PART 43
OFFSET -2.607605 -8.672292 -13.877462
SCALE 1.000000 1.000000 1.000000
X -0.575114 -0.784405 -0.232277
Y 0.636432 -0.250609 -0.729486
Z 0.514002 -0.567366 0.643349

PART 44
OFFSET -7.244132 -9.113530 -13.179759
SCALE 1.000000 1.000000 1.000000
X -0.916790 -0.184348 0.354277
Y -0.182470 0.982437 0.039020
Z -0.355248 -0.028871 -0.934326

PART 45
OFFSET -1.487622 3.105197 -12.604150
SCALE 1.000000 1.000000 1.000000
X 0.086981 0.818052 -0.568529
Y -0.209109 0.572971 0.792451
Z 0.974016 0.049957 0.220899

PART 46
OFFSET -0.468327 3.435279 -12.842580
SCALE 1.000000 1.000000 1.000000
X -0.237603 0.947885 -0.212269
Y -0.207054 0.164082 0.964472
Z 0.949038 0.273112 0.157277

PART 47
OFFSET 1.087828 4.931395 -11.259736
SCALE 1.000000 1.000000 1.000000
X -0.066704 0.016569 -0.997635
Y -0.550085 0.833573 0.050624
Z 0.832441 0.552161 -0.046489

PART 48
OFFSET 0.234049 4.104259 -11.013796
SCALE 1.000000 1.000000 1.000000
X 0.068961 -0.049868 -0.996372
Y -0.494945 0.865455 -0.077572
Z 0.866183 0.498499 0.035001

PART 49
OFFSET -3.106464 5.235656 -12.932705
SCALE 1.000000 1.000000 1.000000
X 0.713746 -0.678976 -0.171924
Y -0.678710 -0.609859 -0.409176
Z 0.172972 0.408734 -0.896112

PART 50
OFFSET 2.193073 -9.018811 -14.954268
SCALE 1.000000 1.000000 1.000000
X -0.125877 -0.988719 0.081172
Y 0.985642 -0.133927 -0.102825
Z 0.112537 0.067063 0.991382

PART 51
OFFSET 1.561972 -8.031556 -15.721152
SCALE 1.000000 1.000000 1.000000
X 0.556418 -0.788981 -0.260591
Y 0.799993 0.593436 -0.088566
Z 0.224521 -0.159192 0.961378

PART 52
OFFSET -0.914557 -8.754545 -17.445029
SCALE 1.000000 1.000000 1.000000
X -0.795577 -0.605821 -0.006098
Y 0.500886 -0.652045 -0.569167
Z 0.340837 -0.455871 0.822199

PART 53
OFFSET -0.087033 -9.251589 -16.709321
SCALE 1.000000 1.000000 1.000000
X -0.515233 -0.848904 -0.117886
Y 0.803595 -0.430688 -0.410784
Z 0.297944 -0.306382 0.904079

PART 54
OFFSET -1.458649 -6.923008 -13.339191
SCALE 1.000000 1.000000 1.000000
X -0.954384 -0.259410 0.147841
Y 0.114425 -0.775109 -0.621380
Z 0.275785 -0.576118 0.769435

PART 55
OFFSET -1.441026 4.096640 -13.308723
SCALE 1.000000 1.000000 1.000000
X -0.229925 0.730299 0.643272
Y -0.020113 -0.664405 0.747102
Z 0.973000 0.158840 0.167452

PART 56
OFFSET -0.815388 4.819796 -13.152617
SCALE 1.000000 1.000000 1.000000
X -0.232816 0.078051 0.969384
Y 0.231102 -0.963782 0.133103
Z 0.944663 0.255015 0.206346

PART 57
OFFSET 0.993410 4.954874 -12.672191
SCALE 1.000000 1.000000 1.000000
X -0.536415 0.843481 -0.028270
Y 0.067527 0.076285 0.994797
Z 0.841248 0.531715 -0.097878

PART 58
OFFSET 0.351466 4.019358 -12.710145
SCALE 1.000000 1.000000 1.000000
X -0.489581 0.871894 -0.010600
Y -0.011897 0.005476 0.999914
Z 0.871877 0.489665 0.007692

PART 59
OFFSET -1.894358 4.221666 -13.286169
SCALE 1.000000 1.000000 1.000000
X 0.930123 -0.262185 -0.257159
Y -0.354089 -0.826003 -0.438566
Z -0.097429 0.498978 -0.861121

PART 60
OFFSET 2.352942 -7.812760 -14.992763
SCALE 1.000000 1.000000 1.000000
X 0.944516 -0.306188 -0.118904
Y 0.304410 0.951959 -0.033286
Z 0.123383 -0.004756 0.992348

PART 61
OFFSET 0.749290 -6.879141 -15.340586
SCALE 1.000000 1.000000 1.000000
X 0.967101 0.068236 -0.245071
Y -0.039455 0.991930 0.120488
Z 0.251315 -0.106855 0.961989

PART 62
OFFSET 0.211800 -7.896850 -17.436378
SCALE 1.000000 1.000000 1.000000
X 0.379966 -0.743850 -0.549830
Y 0.878988 0.475495 -0.035849
Z 0.288108 -0.469672 0.834507

PART 63
OFFSET 0.790140 -7.806315 -16.508620
SCALE 1.000000 1.000000 1.000000
X 0.625467 -0.653163 -0.426814
Y 0.729302 0.683830 0.022262
Z 0.277328 -0.325200 0.904065

PART 64
OFFSET 0.057996 -6.485947 -13.701092
SCALE 1.000000 1.000000 1.000000
X -0.740763 0.242358 0.626525
Y -0.537170 -0.773744 -0.335810
Z 0.403384 -0.585306 0.703348

PART 65
OFFSET -1.700744 4.921536 -12.582131
SCALE 1.000000 1.000000 1.000000
X 0.366423 0.406763 -0.836826
Y 0.080873 -0.909899 -0.406870
Z -0.926927 0.081409 -0.366304

PART 66
OFFSET -1.072566 4.910696 -12.053359
SCALE 1.000000 1.000000 1.000000
X -0.030603 0.539076 -0.841701
Y 0.395812 -0.766720 -0.505444
Z -0.917822 -0.348624 -0.189908

PART 67
OFFSET 0.517795 5.702729 -12.697265
SCALE 1.000000 1.000000 1.000000
X -0.034701 0.114063 0.992867
Y 0.527793 -0.841535 0.115123
Z 0.848664 0.528024 -0.031000

PART 68
OFFSET -0.327041 5.227728 -12.724801
SCALE 1.000000 1.000000 1.000000
X 0.026511 -0.066116 0.997460
Y 0.483591 -0.872435 -0.070682
Z 0.874892 0.484237 0.008844

PART 69
OFFSET -0.899016 3.946916 -13.611151
SCALE 1.000000 1.000000 1.000000
X 0.676138 -0.684367 0.272907
Y -0.357165 0.019518 0.933837
Z -0.644414 -0.728876 -0.231235

PART 70
OFFSET 1.286088 -7.466901 -14.858443
SCALE 1.000000 1.000000 1.000000
X -0.547581 -0.760988 0.347926
Y -0.817826 0.574672 -0.030200
Z -0.176962 -0.301080 -0.937036

PART 71
OFFSET -0.347853 -6.954997 -15.069730
SCALE 1.000000 1.000000 1.000000
X -0.731953 -0.679406 0.051493
Y -0.631880 0.705135 0.321733
Z -0.254897 0.202956 -0.945429

PART 72
OFFSET -0.125114 -7.237353 -16.948878
SCALE 1.000000 1.000000 1.000000
X 0.939339 0.142039 -0.312197
Y 0.015658 0.891515 0.452721
Z 0.342632 -0.430147 0.835211

PART 73
OFFSET -0.076710 -6.901080 -15.917103
SCALE 1.000000 1.000000 1.000000
X 0.902754 0.411221 -0.126220
Y -0.332284 0.852997 0.402472
Z 0.273170 -0.321392 0.906689

PART 74
OFFSET 0.849741 -6.708103 -14.405070
SCALE 1.000000 1.000000 1.000000
X -0.916617 0.395459 -0.058528
Y 0.282147 0.536241 -0.795512
Z -0.283207 -0.745693 -0.603105

PART 75
OFFSET 0.484837 5.811080 -11.754015
SCALE 1.000000 1.000000 1.000000
X -0.426860 0.365110 -0.827336
Y 0.528265 -0.641874 -0.555819
Z -0.733981 -0.674309 0.081115

PART 76
OFFSET -0.298315 5.156019 -11.643031
SCALE 1.000000 1.000000 1.000000
X -0.254761 0.576487 -0.776376
Y 0.342761 -0.696905 -0.629950
Z -0.904219 -0.426598 -0.020053

PART 77
OFFSET -1.017534 -7.372284 -16.652280
SCALE 1.000000 1.000000 1.000000
X -0.777805 -0.606080 -0.166393
Y -0.549469 0.527201 0.648184
Z -0.305129 0.595589 -0.743082

PART 78
OFFSET -1.055786 -7.347074 -15.780202
SCALE 1.000000 1.000000 1.000000
X -0.536885 -0.839520 -0.083434
Y -0.801146 0.476337 0.362309
Z -0.264423 0.261361 -0.928316

FRAME 1
PART 0
OFFSET 0.000000 0.000000 0.000000
SCALE 1.000000 1.000000 1.000000
X 1.000000 0.000000 0.000000
Y 0.000000 1.000000 0.000000
Z 0.000000 0.000000 1.000000

PART 1
OFFSET 0.000000 0.000000 0.000000
SCALE 1.000000 1.000000 1.000000
X 1.000000 -0.000207 -0.000391
Y 0.000208 1.000000 0.000531
Z 0.000391 -0.000531 1.000000

PART 2
OFFSET 1.542075 -0.002510 4.135176
SCALE 1.000000 1.000000 1.000000
X 1.000000 -0.000207 -0.000391
Y 0.000208 1.000000 0.000531
Z 0.000391 -0.000531 1.000000

PART 3
OFFSET -4.631834 0.000000 -1.376955
SCALE 1.000000 1.000000 1.000000
X 1.000000 0.000000 0.000000
Y 0.000000 1.000000 0.000000
Z 0.000000 0.000000 1.000000

PART 4
OFFSET -11.992452 12.183146 -4.577022
SCALE 1.000000 1.000000 1.000000
X 0.448856 0.431817 -0.782344
Y -0.195107 -0.807013 -0.557372
Z -0.872045 0.402820 -0.277982

PART 5
OFFSET -10.515733 -9.236000 -7.430755
SCALE 1.000000 1.000000 1.000000
X 0.333134 0.059871 0.940977
Y -0.435450 -0.875409 0.209861
Z 0.836304 -0.479661 -0.265557

PART 6
OFFSET 2.365066 -8.762722 -15.760454
SCALE 1.000000 1.000000 1.000000
X 0.926684 -0.099343 -0.362474
Y 0.098711 0.994909 -0.020312
Z 0.362646 -0.016957 0.931773

PART 7
OFFSET -6.564213 17.405530 -14.038436
SCALE 1.000000 1.000000 1.000000
X 0.442481 -0.863159 0.243244
Y -0.655153 -0.125925 0.744928
Z -0.612361 -0.488978 -0.621220

PART 8
OFFSET -14.544517 -9.960033 -18.810803
SCALE 1.000000 1.000000 1.000000
X -0.944434 -0.063575 -0.322493
Y 0.324607 -0.026041 -0.945491
Z 0.051711 -0.997637 0.045231

PART 9
OFFSET 2.365066 -8.762722 -15.760454
SCALE 1.000000 1.000000 1.000000
X 0.926684 -0.099343 -0.362474
Y 0.098711 0.994909 -0.020312
Z 0.362646 -0.016957 0.931773

PART 10
OFFSET -0.760119 9.689569 -11.266035
SCALE 1.000000 1.000000 1.000000
X 0.447947 -0.861124 0.240433
Y 0.620494 0.493044 0.609832
Z -0.643685 -0.123985 0.755180

PART 11
OFFSET -2.103104 8.805816 -13.534490
SCALE 1.000000 1.000000 1.000000
X 0.447947 -0.861124 0.240433
Y 0.620494 0.493044 0.609832
Z -0.643685 -0.123985 0.755180

PART 12
OFFSET -1.992441 8.852284 -9.850390
SCALE 1.000000 1.000000 1.000000
X 0.447947 -0.861124 0.240433
Y 0.620494 0.493044 0.609832
Z -0.643685 -0.123985 0.755180

PART 13
OFFSET -3.220300 8.045260 -10.886477
SCALE 1.000000 1.000000 1.000000
X 0.447947 -0.861124 0.240433
Y 0.620494 0.493044 0.609832
Z -0.643685 -0.123985 0.755180

PART 14
OFFSET -4.035095 7.791391 -11.868979
SCALE 1.000000 1.000000 1.000000
X 0.447947 -0.861124 0.240433
Y 0.620494 0.493044 0.609832
Z -0.643685 -0.123985 0.755180

PART 15
OFFSET -1.444106 7.417728 -11.223824
SCALE 1.000000 1.000000 1.000000
X 0.113497 -0.993484 0.010389
Y -0.981606 -0.113744 -0.153338
Z 0.153521 0.007205 -0.988119

PART 16
OFFSET -2.800644 10.063925 -11.969523
SCALE 1.000000 1.000000 1.000000
X 0.442436 -0.863175 0.243270
Y -0.862627 -0.483789 -0.147727
Z 0.245205 -0.144491 -0.958643

PART 17
OFFSET -5.119602 -9.939373 -14.088748
SCALE 1.000000 1.000000 1.000000
X -0.946508 -0.060447 -0.316969
Y -0.053708 0.998107 -0.029963
Z 0.318180 -0.011336 -0.947962

PART 18
OFFSET -5.358865 -8.767181 -13.923706
SCALE 1.000000 1.000000 1.000000
X -0.946508 -0.060447 -0.316969
Y -0.053708 0.998107 -0.029963
Z 0.318180 -0.011336 -0.947962

PART 19
OFFSET -5.444906 -8.174485 -14.978091
SCALE 1.000000 1.000000 1.000000
X -0.946508 -0.060447 -0.316969
Y -0.053708 0.998107 -0.029963
Z 0.318180 -0.011336 -0.947962

PART 20
OFFSET -3.616626 -9.224342 -15.079279
SCALE 1.000000 1.000000 1.000000
X -0.977270 0.113278 0.179199
Y -0.174977 0.046256 -0.983485
Z -0.119697 -0.992486 -0.025383

PART 21
OFFSET -6.511892 -9.419260 -16.067901
SCALE 1.000000 1.000000 1.000000
X -0.944434 -0.063575 -0.322493
Y 0.325791 -0.050815 -0.944075
Z 0.043632 -0.996683 0.068703

PART 22
OFFSET 0.213221 -8.326438 -12.102999
SCALE 1.000000 1.000000 1.000000
X 0.933905 -0.099669 -0.343348
Y 0.098711 0.994909 -0.020312
Z 0.343625 -0.014923 0.938989

PART 23
OFFSET 6.722567 -9.579157 -15.788121
SCALE 1.000000 1.000000 1.000000
X 0.926684 -0.099343 -0.362474
Y 0.098711 0.994909 -0.020312
Z 0.362646 -0.016957 0.931773

PART 24
OFFSET -0.161619 -8.407904 -11.592118
SCALE 1.000000 1.000000 1.000000
X 0.933905 -0.099670 -0.343348
Y 0.098754 0.994907 -0.020198
Z 0.343613 -0.015044 0.938991

PART 25
OFFSET 6.198920 -9.063588 -14.417672
SCALE 1.000000 1.000000 1.000000
X 0.926684 -0.099343 -0.362474
Y 0.098711 0.994909 -0.020312
Z 0.362646 -0.016957 0.931773

PART 26
OFFSET 4.182878 -8.452679 -13.639589
SCALE 1.000000 1.000000 1.000000
X 0.926684 -0.099343 -0.362474
Y 0.098711 0.994909 -0.020312
Z 0.362646 -0.016957 0.931773

PART 27
OFFSET 5.076811 -9.314467 -12.783649
SCALE 1.000000 1.000000 1.000000
X 0.158846 -0.766964 0.621718
Y 0.926437 -0.101892 -0.362397
Z 0.341294 0.633548 0.694359

PART 28
OFFSET 13.875438 -9.939212 -17.448912
SCALE 1.000000 1.000000 1.000000
X 0.926684 -0.099343 -0.362474
Y 0.098711 0.994909 -0.020312
Z 0.362646 -0.016957 0.931773

PART 29
OFFSET -1.497693 -8.330344 -11.409444
SCALE 1.000000 1.000000 1.000000
X -0.930224 0.099505 0.353245
Y -0.098712 -0.994909 0.020310
Z 0.353467 -0.015976 0.935311

PART 30
OFFSET 3.530970 -7.154819 -12.841059
SCALE 1.000000 1.000000 1.000000
X 0.049939 0.015436 0.998633
Y 0.098708 0.994909 -0.020314
Z -0.993863 0.099587 0.048161

PART 31
OFFSET 2.559027 -7.949292 -12.538544
SCALE 1.000000 1.000000 1.000000
X 0.926684 -0.099343 -0.362474
Y 0.098711 0.994909 -0.020312
Z 0.362646 -0.016957 0.931773

PART 32
OFFSET -1.799240 3.458090 -10.931785
SCALE 1.000000 1.000000 1.000000
X 0.202255 -0.205094 -0.957616
Y -0.100798 0.968272 -0.228666
Z 0.974132 0.142775 0.175165

PART 33
OFFSET -0.718919 3.688705 -10.943752
SCALE 1.000000 1.000000 1.000000
X 0.151357 -0.133051 -0.979484
Y -0.230711 0.958777 -0.165889
Z 0.961178 0.251086 0.114422

PART 34
OFFSET -0.265971 6.700264 -11.250545
SCALE 1.000000 1.000000 1.000000
X 0.660060 -0.749301 0.053562
Y 0.169255 0.078871 -0.982411
Z 0.731897 0.657516 0.178883

PART 35
OFFSET -0.914789 6.405192 -11.212179
SCALE 1.000000 1.000000 1.000000
X 0.410437 -0.910460 0.051034
Y 0.194112 0.032549 -0.980439
Z 0.890989 0.412315 0.190090

PART 36
OFFSET -2.277305 6.864018 -11.772855
SCALE 1.000000 1.000000 1.000000
X -0.318988 -0.780965 -0.536972
Y -0.934158 0.163440 0.317231
Z -0.159984 0.602810 -0.781681

PART 37
OFFSET -2.570510 4.178371 -11.964874
SCALE 1.000000 1.000000 1.000000
X 0.339416 -0.910741 -0.235261
Y -0.152199 -0.299986 0.941724
Z -0.928242 -0.283830 -0.240433

PART 38
OFFSET -0.373474 4.796502 -12.618807
SCALE 1.000000 1.000000 1.000000
X 0.877233 0.459277 0.139737
Y -0.153667 -0.007123 0.988097
Z 0.454805 -0.888265 0.064328

PART 39
OFFSET 0.278863 -10.069476 -15.045218
SCALE 1.000000 1.000000 1.000000
X -0.888024 -0.442759 0.124004
Y 0.440986 -0.896487 -0.042914
Z 0.130168 0.016576 0.991353

PART 40
OFFSET 0.006287 -9.829172 -16.088519
SCALE 1.000000 1.000000 1.000000
X -0.621126 -0.783191 -0.028532
Y 0.761931 -0.594941 -0.255942
Z 0.183476 -0.180712 0.966271

PART 41
OFFSET -2.952847 -9.070070 -16.278879
SCALE 1.000000 1.000000 1.000000
X -0.706621 0.023887 0.707189
Y -0.047368 -0.998785 -0.013594
Z 0.706005 -0.043104 0.706894

PART 42
OFFSET -2.638320 -9.264363 -15.668237
SCALE 1.000000 1.000000 1.000000
X -0.877014 0.087702 0.472392
Y -0.091926 -0.995665 0.014186
Z 0.471588 -0.030984 0.881274

PART 43
OFFSET -2.959007 -8.912458 -14.200410
SCALE 1.000000 1.000000 1.000000
X -0.579411 -0.780890 -0.233439
Y 0.636873 -0.255058 -0.727556
Z 0.508601 -0.570225 0.645111

PART 44
OFFSET -7.600167 -9.323963 -13.515462
SCALE 1.000000 1.000000 1.000000
X -0.918927 -0.178339 0.351807
Y -0.176362 0.983594 0.037945
Z -0.352802 -0.027177 -0.935303

PART 45
OFFSET -1.443116 3.097009 -12.617782
SCALE 1.000000 1.000000 1.000000
X 0.087346 0.815080 -0.572726
Y -0.208670 0.577139 0.789536
Z 0.974078 0.050548 0.220493

PART 46
OFFSET -0.423222 3.428800 -12.857259
SCALE 1.000000 1.000000 1.000000
X -0.237809 0.947272 -0.214763
Y -0.207276 0.166522 0.964006
Z 0.948938 0.273765 0.156746

PART 47
OFFSET 1.131248 4.930636 -11.276717
SCALE 1.000000 1.000000 1.000000
X -0.066200 0.016101 -0.997676
Y -0.550652 0.833237 0.049985
Z 0.832106 0.552682 -0.046294

PART 48
OFFSET 0.278487 4.102727 -11.029858
SCALE 1.000000 1.000000 1.000000
X 0.069274 -0.050714 -0.996308
Y -0.495496 0.865057 -0.078485
Z 0.865843 0.499104 0.034798

PART 49
OFFSET -3.067779 5.228616 -12.943395
SCALE 1.000000 1.000000 1.000000
X 0.713335 -0.679464 -0.171704
Y -0.679540 -0.610669 -0.406583
Z 0.171404 0.406709 -0.897334

PART 50
OFFSET 1.842381 -9.289958 -15.263560
SCALE 1.000000 1.000000 1.000000
X -0.132349 -0.987856 0.081389
Y 0.985059 -0.140213 -0.099992
Z 0.110189 0.066939 0.991654

PART 51
OFFSET 1.219686 -8.299184 -16.032766
SCALE 1.000000 1.000000 1.000000
X 0.552148 -0.792634 -0.258582
Y 0.803972 0.588318 -0.086662
Z 0.220820 -0.160043 0.962094

PART 52
OFFSET -1.256532 -9.007517 -17.763174
SCALE 1.000000 1.000000 1.000000
X -0.799373 -0.600782 -0.007979
Y 0.498341 -0.655535 -0.567389
Z 0.335647 -0.457532 0.823411

PART 53
OFFSET -0.434230 -9.509342 -17.024864
SCALE 1.000000 1.000000 1.000000
X -0.520259 -0.845700 -0.118841
Y 0.802001 -0.436003 -0.408283
Z 0.293470 -0.307724 0.905086

PART 54
OFFSET -1.800520 -7.170157 -13.659923
SCALE 1.000000 1.000000 1.000000
X -0.956415 -0.253285 0.145316
Y 0.111260 -0.776183 -0.620613
Z 0.269984 -0.577396 0.770534

PART 55
OFFSET -1.396079 4.084803 -13.327432
SCALE 1.000000 1.000000 1.000000
X -0.229342 0.736266 0.636643
Y -0.021253 -0.657709 0.752972
Z 0.973114 0.159157 0.166489

PART 56
OFFSET -0.770585 4.812420 -13.170940
SCALE 1.000000 1.000000 1.000000
X -0.233032 0.080551 0.969127
Y 0.231312 -0.963370 0.135693
Z 0.944558 0.255792 0.205864

PART 57
OFFSET 1.037544 4.953453 -12.689230
SCALE 1.000000 1.000000 1.000000
X -0.536862 0.843218 -0.027608
Y 0.067665 0.075653 0.994836
Z 0.840952 0.532221 -0.097672

PART 58
OFFSET 0.396437 4.016386 -12.726097
SCALE 1.000000 1.000000 1.000000
X -0.490150 0.871556 -0.011968
Y -0.012405 0.006754 0.999900
Z 0.871550 0.490249 0.007501

PART 59
OFFSET -1.856464 4.213660 -13.296795
SCALE 1.000000 1.000000 1.000000
X 0.928208 -0.266158 -0.259980
Y -0.358671 -0.825882 -0.435057
Z -0.098919 0.497071 -0.862053

PART 60
OFFSET 2.009977 -8.084964 -15.302302
SCALE 1.000000 1.000000 1.000000
X 0.942890 -0.312223 -0.116087
Y 0.310515 0.949996 -0.032982
Z 0.120580 -0.004948 0.992691

PART 61
OFFSET 0.413242 -7.141433 -15.655134
SCALE 1.000000 1.000000 1.000000
X 0.968195 0.061983 -0.242399
Y -0.033525 0.992230 0.119813
Z 0.247942 -0.107876 0.962750

PART 62
OFFSET -0.124801 -8.156957 -17.751861
SCALE 1.000000 1.000000 1.000000
X 0.376787 -0.746563 -0.548339
Y 0.882075 0.469904 -0.033664
Z 0.282799 -0.470992 0.835578

PART 63
OFFSET 0.451499 -8.069523 -16.822538
SCALE 1.000000 1.000000 1.000000
X 0.622518 -0.657354 -0.424684
Y 0.733544 0.679221 0.023913
Z 0.272735 -0.326411 0.905026

PART 64
OFFSET -0.280136 -6.742905 -14.017824
SCALE 1.000000 1.000000 1.000000
X -0.740966 0.247404 0.624308
Y -0.541109 -0.770532 -0.336870
Z 0.397706 -0.587427 0.704811

PART 65
OFFSET -1.655139 4.916440 -12.608327
SCALE 1.000000 1.000000 1.000000
X 0.367305 0.398862 -0.840236
Y 0.079978 -0.913580 -0.398717
Z -0.926656 0.079251 -0.367462

PART 66
OFFSET -1.028009 4.906158 -12.071978
SCALE 1.000000 1.000000 1.000000
X -0.030534 0.536857 -0.843121
Y 0.396113 -0.767949 -0.503337
Z -0.917694 -0.349340 -0.189207

PART 67
OFFSET 0.561533 5.701075 -12.713718
SCALE 1.000000 1.000000 1.000000
X -0.035431 0.114729 0.992765
Y 0.528200 -0.841151 0.116059
Z 0.848380 0.528491 -0.030797

PART 68
OFFSET -0.282859 5.224288 -12.742650
SCALE 1.000000 1.000000 1.000000
X 0.026505 -0.065630 0.997492
Y 0.484176 -0.872146 -0.070248
Z 0.874569 0.484823 0.008660

PART 69
OFFSET -0.863339 3.934527 -13.624811
SCALE 1.000000 1.000000 1.000000
X 0.674736 -0.686051 0.272149
Y -0.353556 0.023230 0.935125
Z -0.647865 -0.727183 -0.226883

PART 70
OFFSET 0.944960 -7.732289 -15.171164
SCALE 1.000000 1.000000 1.000000
X -0.553351 -0.757309 0.346823
Y -0.814092 0.579808 -0.032824
Z -0.176233 -0.300509 -0.937356

PART 71
OFFSET -0.685112 -7.210200 -15.387310
SCALE 1.000000 1.000000 1.000000
X -0.736393 -0.674722 0.049746
Y -0.628320 0.709307 0.319527
Z -0.250877 0.204041 -0.946271

PART 72
OFFSET -0.458896 -7.495054 -17.265683
SCALE 1.000000 1.000000 1.000000
X 0.941088 0.135909 -0.309647
Y 0.020033 0.891665 0.452252
Z 0.337567 -0.431812 0.836413

PART 73
OFFSET -0.411263 -7.158478 -16.233973
SCALE 1.000000 1.000000 1.000000
X 0.905685 0.405434 -0.123927
Y -0.328011 0.855318 0.401048
Z 0.268595 -0.322573 0.907636

PART 74
OFFSET 0.512156 -6.970476 -14.719454
SCALE 1.000000 1.000000 1.000000
X -0.913933 0.401205 -0.061322
Y 0.287752 0.533975 -0.795028
Z -0.286225 -0.744248 -0.603465

PART 75
OFFSET 0.527881 5.810059 -11.770565
SCALE 1.000000 1.000000 1.000000
X -0.426525 0.364282 -0.827874
Y 0.529003 -0.641957 -0.555020
Z -0.733643 -0.674677 0.081104

PART 76
OFFSET -0.254140 5.153106 -11.660845
SCALE 1.000000 1.000000 1.000000
X -0.255136 0.575933 -0.776664
Y 0.343252 -0.696979 -0.629602
Z -0.903927 -0.427225 -0.019866

PART 77
OFFSET -1.352978 -7.624161 -16.971506
SCALE 1.000000 1.000000 1.000000
X -0.781156 -0.601248 -0.168212
Y -0.547926 0.531050 0.646345
Z -0.299285 0.597064 -0.744273

PART 78
OFFSET -1.393518 -7.598196 -16.099560
SCALE 1.000000 1.000000 1.000000
X -0.541909 -0.836193 -0.084359
Y -0.799129 0.481589 0.359812
Z -0.260246 0.262399 -0.929203

FRAME 2
PART 0
OFFSET 0.000000 0.000000 0.000000
SCALE 1.000000 1.000000 1.000000
X 1.000000 0.000000 0.000000
Y 0.000000 1.000000 0.000000
Z 0.000000 0.000000 1.000000

PART 1
OFFSET 0.000000 0.000000 0.000000
SCALE 1.000000 1.000000 1.000000
X 1.000000 -0.000415 -0.000781
Y 0.000415 0.999999 0.001062
Z 0.000781 -0.001062 0.999999

PART 2
OFFSET 1.543689 -0.005026 4.134572
SCALE 1.000000 1.000000 1.000000
X 1.000000 -0.000415 -0.000781
Y 0.000415 0.999999 0.001062
Z 0.000781 -0.001062 0.999999

PART 3
OFFSET -4.631834 0.000000 -1.376955
SCALE 1.000000 1.000000 1.000000
X 1.000000 0.000000 0.000000
Y 0.000000 1.000000 0.000000
Z 0.000000 0.000000 1.000000

PART 4
OFFSET -11.993070 12.182191 -4.583189
SCALE 1.000000 1.000000 1.000000
X 0.450781 0.431321 -0.781510
Y -0.194396 -0.807060 -0.557552
Z -0.871210 0.403256 -0.279960

PART 5
OFFSET -10.515733 -9.236000 -7.430755
SCALE 1.000000 1.000000 1.000000
X 0.334931 0.058320 0.940436
Y -0.441425 -0.872066 0.211292
Z 0.832445 -0.485900 -0.266339

PART 6
OFFSET 2.367134 -8.823300 -15.566420
SCALE 1.000000 1.000000 1.000000
X 0.937711 -0.100773 -0.332479
Y 0.100009 0.994796 -0.019454
Z 0.332709 -0.015009 0.942910

PART 7
OFFSET -6.541548 17.398583 -14.034517
SCALE 1.000000 1.000000 1.000000
X 0.444054 -0.862845 0.241484
Y -0.655056 -0.128747 0.744530
Z -0.611324 -0.488797 -0.622383

PART 8
OFFSET -14.566261 -9.941276 -18.804261
SCALE 1.000000 1.000000 1.000000
X -0.945093 -0.057073 -0.321779
Y 0.323744 -0.029140 -0.945696
Z 0.044597 -0.997945 0.046017

PART 9
OFFSET 2.367134 -8.823300 -15.566420
SCALE 1.000000 1.000000 1.000000
X 0.937711 -0.100773 -0.332479
Y 0.100009 0.994796 -0.019454
Z 0.332709 -0.015009 0.942910

PART 10
OFFSET -0.723504 9.687618 -11.277499
SCALE 1.000000 1.000000 1.000000
X 0.449521 -0.860791 0.238682
Y 0.619451 0.492908 0.611001
Z -0.643593 -0.126806 0.754790

PART 11
OFFSET -2.063917 8.806866 -13.546511
SCALE 1.000000 1.000000 1.000000
X 0.449521 -0.860791 0.238682
Y 0.619451 0.492908 0.611001
Z -0.643593 -0.126806 0.754790

PART 12
OFFSET -1.954520 8.844995 -9.863885
SCALE 1.000000 1.000000 1.000000
X 0.449521 -0.860791 0.238682
Y 0.619451 0.492908 0.611001
Z -0.643593 -0.126806 0.754790

PART 13
OFFSET -3.180664 8.037886 -10.901933
SCALE 1.000000 1.000000 1.000000
X 0.449521 -0.860791 0.238682
Y 0.619451 0.492908 0.611001
Z -0.643593 -0.126806 0.754790

PART 14
OFFSET -3.992065 7.786068 -11.884849
SCALE 1.000000 1.000000 1.000000
X 0.449521 -0.860791 0.238682
Y 0.619451 0.492908 0.611001
Z -0.643593 -0.126806 0.754790

PART 15
OFFSET -1.403232 7.414411 -11.240277
SCALE 1.000000 1.000000 1.000000
X 0.114547 -0.993359 0.010796
Y -0.981581 -0.114848 -0.152675
Z 0.152901 0.006891 -0.988218

PART 16
OFFSET -2.764594 10.059647 -11.980579
SCALE 1.000000 1.000000 1.000000
X 0.444018 -0.862856 0.241513
Y -0.862205 -0.484796 -0.146887
Z 0.243827 -0.143013 -0.959216

PART 17
OFFSET -5.137820 -9.984284 -14.089624
SCALE 1.000000 1.000000 1.000000
X -0.947140 -0.053924 -0.316258
Y -0.046578 0.998441 -0.030748
Z 0.317423 -0.014392 -0.948175

PART 18
OFFSET -5.368774 -8.809238 -13.924944
SCALE 1.000000 1.000000 1.000000
X -0.947140 -0.053924 -0.316258
Y -0.046578 0.998441 -0.030748
Z 0.317423 -0.014392 -0.948175

PART 19
OFFSET -5.451055 -8.215377 -14.980687
SCALE 1.000000 1.000000 1.000000
X -0.947140 -0.053924 -0.316258
Y -0.046578 0.998441 -0.030748
Z 0.317423 -0.014392 -0.948175

PART 20
OFFSET -3.630747 -9.280818 -15.081002
SCALE 1.000000 1.000000 1.000000
X -0.982315 0.114444 0.148190
Y -0.144006 0.044050 -0.988596
Z -0.119667 -0.992453 -0.026790

PART 21
OFFSET -6.528033 -9.455804 -16.067434
SCALE 1.000000 1.000000 1.000000
X -0.945093 -0.057073 -0.321779
Y 0.324562 -0.048869 -0.944601
Z 0.038186 -0.997173 0.064710

PART 22
OFFSET 0.099955 -8.377118 -11.980533
SCALE 1.000000 1.000000 1.000000
X 0.944317 -0.101058 -0.313134
Y 0.100009 0.994796 -0.019454
Z 0.313471 -0.012945 0.949510

PART 23
OFFSET 6.722721 -9.642541 -15.453094
SCALE 1.000000 1.000000 1.000000
X 0.937711 -0.100773 -0.332479
Y 0.100009 0.994796 -0.019454
Z 0.332709 -0.015009 0.942910

PART 24
OFFSET -0.291057 -8.457154 -11.481690
SCALE 1.000000 1.000000 1.000000
X 0.944317 -0.101060 -0.313134
Y 0.100049 0.994795 -0.019339
Z 0.313458 -0.013067 0.949512

PART 25
OFFSET 6.155963 -9.123442 -14.101256
SCALE 1.000000 1.000000 1.000000
X 0.937711 -0.100773 -0.332479
Y 0.100009 0.994796 -0.019454
Z 0.332709 -0.015009 0.942910

PART 26
OFFSET 4.116543 -8.509448 -13.389335
SCALE 1.000000 1.000000 1.000000
X 0.937711 -0.100773 -0.332479
Y 0.100009 0.994796 -0.019454
Z 0.332709 -0.015009 0.942910

PART 27
OFFSET 4.982095 -9.369796 -12.503306
SCALE 1.000000 1.000000 1.000000
X 0.138385 -0.765611 0.628243
Y 0.937460 -0.103319 -0.332407
Z 0.319404 0.634953 0.703432

PART 28
OFFSET 13.924701 -10.010977 -16.883888
SCALE 1.000000 1.000000 1.000000
X 0.937711 -0.100773 -0.332479
Y 0.100009 0.994796 -0.019454
Z 0.332709 -0.015009 0.942910

PART 29
OFFSET -1.632227 -8.378326 -11.341936
SCALE 1.000000 1.000000 1.000000
X -0.940954 0.100916 0.323143
Y -0.100011 -0.994796 0.019450
Z 0.323425 -0.014016 0.946150

PART 30
OFFSET 3.440394 -7.209316 -12.615028
SCALE 1.000000 1.000000 1.000000
X 0.018050 0.017740 0.999680
Y 0.100003 0.994797 -0.019459
Z -0.994823 0.100322 0.016182

PART 31
OFFSET 2.458732 -8.002467 -12.341852
SCALE 1.000000 1.000000 1.000000
X 0.937711 -0.100773 -0.332479
Y 0.100009 0.994796 -0.019454
Z 0.332709 -0.015009 0.942910

PART 32
OFFSET -1.754027 3.454544 -10.946116
SCALE 1.000000 1.000000 1.000000
X 0.201884 -0.207673 -0.957139
Y -0.100823 0.967663 -0.231222
Z 0.974206 0.143181 0.174418

PART 33
OFFSET -0.673957 3.686287 -10.958863
SCALE 1.000000 1.000000 1.000000
X 0.151456 -0.135075 -0.979191
Y -0.231029 0.958344 -0.167933
Z 0.961086 0.251656 0.113941

PART 34
OFFSET -0.224361 6.698172 -11.267384
SCALE 1.000000 1.000000 1.000000
X 0.660878 -0.748583 0.053514
Y 0.168564 0.078575 -0.982554
Z 0.731318 0.658369 0.178113

PART 35
OFFSET -0.872845 6.402437 -11.228475
SCALE 1.000000 1.000000 1.000000
X 0.411424 -0.910004 0.051216
Y 0.193470 0.032282 -0.980575
Z 0.890674 0.413341 0.189340

PART 36
OFFSET -2.236190 6.859563 -11.788526
SCALE 1.000000 1.000000 1.000000
X -0.320085 -0.782116 -0.534641
Y -0.933554 0.164298 0.318563
Z -0.161313 0.601083 -0.782737

PART 37
OFFSET -2.526693 4.173518 -11.979072
SCALE 1.000000 1.000000 1.000000
X 0.340222 -0.910498 -0.235036
Y -0.151298 -0.299693 0.941962
Z -0.928094 -0.284916 -0.239718

PART 38
OFFSET -0.330713 4.793640 -12.634664
SCALE 1.000000 1.000000 1.000000
X 0.876842 0.460255 0.138969
Y -0.153044 -0.006807 0.988196
Z 0.455768 -0.887760 0.064470

PART 39
OFFSET 0.261053 -10.128819 -14.922779
SCALE 1.000000 1.000000 1.000000
X -0.891845 -0.441789 0.097137
Y 0.441368 -0.896921 -0.026952
Z 0.099031 0.018836 0.994906

PART 40
OFFSET 0.021534 -9.890790 -15.974680
SCALE 1.000000 1.000000 1.000000
X -0.620576 -0.782787 -0.046157
Y 0.769088 -0.596123 -0.230523
Z 0.152935 -0.178556 0.971972

PART 41
OFFSET -2.929542 -9.129902 -16.259551
SCALE 1.000000 1.000000 1.000000
X -0.728431 0.026102 0.684622
Y -0.047748 -0.998778 -0.012725
Z 0.683453 -0.041958 0.728788

PART 42
OFFSET -2.634484 -9.322980 -15.638887
SCALE 1.000000 1.000000 1.000000
X -0.891324 0.089485 0.444447
Y -0.093149 -0.995559 0.013639
Z 0.443693 -0.029243 0.895701

PART 43
OFFSET -3.000758 -8.967343 -14.182674
SCALE 1.000000 1.000000 1.000000
X -0.572455 -0.781003 -0.249659
Y 0.659165 -0.257269 -0.706622
Z 0.487644 -0.569076 0.662085

PART 44
OFFSET -7.661459 -9.373703 -13.642675
SCALE 1.000000 1.000000 1.000000
X -0.929658 -0.176806 0.323226
Y -0.176648 0.983814 0.030079
Z -0.323313 -0.029134 -0.945844

PART 45
OFFSET -1.398556 3.088923 -12.631272
SCALE 1.000000 1.000000 1.000000
X 0.087706 0.812084 -0.576912
Y -0.208240 0.581295 0.786596
Z 0.974137 0.051147 0.220092

PART 46
OFFSET -0.378067 3.422428 -12.871800
SCALE 1.000000 1.000000 1.000000
X -0.238021 0.946648 -0.217263
Y -0.207505 0.168963 0.963532
Z 0.948835 0.274423 0.156218

PART 47
OFFSET 1.174696 4.929997 -11.293570
SCALE 1.000000 1.000000 1.000000
X -0.065692 0.015628 -0.997718
Y -0.551224 0.832897 0.049340
Z 0.831767 0.553207 -0.046100

PART 48
OFFSET 0.322958 4.101312 -11.045791
SCALE 1.000000 1.000000 1.000000
X 0.069592 -0.051564 -0.996242
Y -0.496052 0.864655 -0.079405
Z 0.865500 0.499714 0.034595

PART 49
OFFSET -3.029044 5.221669 -12.953959
SCALE 1.000000 1.000000 1.000000
X 0.712929 -0.679948 -0.171473
Y -0.680358 -0.611480 -0.403986
Z 0.169837 0.404676 -0.898550

PART 50
OFFSET 1.831297 -9.351008 -15.093817
SCALE 1.000000 1.000000 1.000000
X -0.135654 -0.987559 0.079526
Y 0.987594 -0.141193 -0.068722
Z 0.079096 0.069217 0.994461

PART 51
OFFSET 1.233857 -8.361591 -15.884496
SCALE 1.000000 1.000000 1.000000
X 0.559329 -0.793661 -0.239276
Y 0.806781 0.587505 -0.062786
Z 0.190406 -0.157925 0.968920

PART 52
OFFSET -1.187461 -9.072159 -17.690057
SCALE 1.000000 1.000000 1.000000
X -0.799230 -0.600193 -0.031631
Y 0.515343 -0.657260 -0.549938
Z 0.309279 -0.455827 0.834607

PART 53
OFFSET -0.389137 -9.572844 -16.925141
SCALE 1.000000 1.000000 1.000000
X -0.516978 -0.845586 -0.133108
Y 0.814049 -0.437580 -0.381901
Z 0.264685 -0.305791 0.914568

PART 54
OFFSET -1.858343 -7.224641 -13.610216
SCALE 1.000000 1.000000 1.000000
X -0.960712 -0.252215 0.115844
Y 0.130023 -0.777741 -0.614991
Z 0.245206 -0.575767 0.779979

PART 55
OFFSET -1.351085 4.073039 -13.345986
SCALE 1.000000 1.000000 1.000000
X -0.228763 0.742174 0.629956
Y -0.022387 -0.650956 0.758786
Z 0.973225 0.159479 0.165530

PART 56
OFFSET -0.725739 4.805138 -13.189130
SCALE 1.000000 1.000000 1.000000
X -0.233257 0.083054 0.968862
Y 0.231528 -0.962949 0.138288
Z 0.944450 0.256575 0.205385

PART 57
OFFSET 1.081712 4.952144 -12.706140
SCALE 1.000000 1.000000 1.000000
X -0.537314 0.842952 -0.026953
Y 0.067799 0.075027 0.994874
Z 0.840653 0.532732 -0.097464

PART 58
OFFSET 0.441449 4.013524 -12.741918
SCALE 1.000000 1.000000 1.000000
X -0.490724 0.871213 -0.013342
Y -0.012919 0.008036 0.999884
Z 0.871219 0.490840 0.007312

PART 59
OFFSET -1.818511 4.205751 -13.307278
SCALE 1.000000 1.000000 1.000000
X 0.926273 -0.270133 -0.262767
Y -0.363231 -0.825742 -0.431525
Z -0.100408 0.495155 -0.862983

PART 60
OFFSET 2.001023 -8.146237 -15.130123
SCALE 1.000000 1.000000 1.000000
X 0.945806 -0.313211 -0.085728
Y 0.312186 0.949680 -0.025465
Z 0.089390 -0.002678 0.995993

PART 61
OFFSET 0.416925 -7.202340 -15.535063
SCALE 1.000000 1.000000 1.000000
X 0.975371 0.060681 -0.212059
Y -0.036448 0.992537 0.116373
Z 0.217538 -0.105777 0.970303

PART 62
OFFSET -0.055934 -8.222433 -17.645258
SCALE 1.000000 1.000000 1.000000
X 0.393172 -0.748151 -0.534496
Y 0.883089 0.469152 -0.007092
Z 0.256066 -0.469219 0.845141

PART 63
OFFSET 0.491008 -8.133218 -16.698526
SCALE 1.000000 1.000000 1.000000
X 0.634986 -0.658832 -0.403402
Y 0.732996 0.678722 0.045309
Z 0.243946 -0.324463 0.913901

PART 64
OFFSET -0.327127 -6.799393 -13.921263
SCALE 1.000000 1.000000 1.000000
X -0.759976 0.249448 0.600177
Y -0.530916 -0.770923 -0.351861
Z 0.374919 -0.586049 0.718319

PART 65
