// Export time: Sun Jun 19 04:29:04 2022

ANIMATION
VERSION 3

NUMPARTS 79
PART 0 "tag_torso"
PART 1 "j_shoulder_le"
PART 2 "j_shoulder_ri"
PART 3 "tag_weapon"
PART 4 "j_elbow_le"
PART 5 "j_elbow_ri"
PART 6 "j_gun"
PART 7 "j_sleave_reshape_bottom_le_1"
PART 8 "j_sleave_reshape_bottom_le_2"
PART 9 "j_sleave_reshape_top_le_1"
PART 10 "j_sleave_reshape_top_le_2"
PART 11 "j_sleave_reshape_top_le_3"
PART 12 "j_wrist_le"
PART 13 "j_wristtwist_le"
PART 14 "j_sleave_reshape_top_ri_1"
PART 15 "j_sleave_reshape_top_ri_2"
PART 16 "j_sleave_reshape_top_ri_3"
PART 17 "j_wrist_ri"
PART 18 "j_wristtwist_ri"
PART 19 "j_arrow"
PART 20 "j_clip_release"
PART 21 "j_gear"
PART 22 "tag_battery_1"
PART 23 "tag_battery_2"
PART 24 "tag_brass"
PART 25 "tag_flash"
PART 26 "tag_fx"
PART 27 "tag_knob"
PART 28 "tag_switch"
PART 29 "j_index_le_0"
PART 30 "j_mid_le_0"
PART 31 "j_pinkypalm_le"
PART 32 "j_ringpalm_le"
PART 33 "j_thumb_le_0"
PART 34 "j_webbing_le"
PART 35 "tag_knife_attach"
PART 36 "j_index_ri_0"
PART 37 "j_mid_ri_0"
PART 38 "j_pinkypalm_ri"
PART 39 "j_ringpalm_ri"
PART 40 "j_thumb_ri_0"
PART 41 "j_webbing_ri"
PART 42 "j_index_le_1"
PART 43 "j_mid_le_1"
PART 44 "j_pinky_le_0"
PART 45 "j_ring_le_0"
PART 46 "j_thumb_le_1"
PART 47 "j_index_ri_1"
PART 48 "j_mid_ri_1"
PART 49 "j_pinky_ri_0"
PART 50 "j_ring_ri_0"
PART 51 "j_thumb_ri_1"
PART 52 "j_index_le_2"
PART 53 "j_mid_le_2"
PART 54 "j_pinky_le_1"
PART 55 "j_ring_le_1"
PART 56 "j_thumb_le_2"
PART 57 "j_index_ri_2"
PART 58 "j_mid_ri_2"
PART 59 "j_pinky_ri_1"
PART 60 "j_ring_ri_1"
PART 61 "j_thumb_ri_2"
PART 62 "j_index_le_3"
PART 63 "j_mid_le_3"
PART 64 "j_pinky_le_2"
PART 65 "j_ring_le_2"
PART 66 "j_thumb_le_3"
PART 67 "j_index_ri_3"
PART 68 "j_mid_ri_3"
PART 69 "j_pinky_ri_2"
PART 70 "j_ring_ri_2"
PART 71 "j_thumb_ri_3"
PART 72 "j_pinky_le_3"
PART 73 "j_ring_le_3"
PART 74 "j_pinky_ri_3"
PART 75 "j_ring_ri_3"
PART 76 "tag_cambone"
PART 77 "tag_camera"
PART 78 "tag_gasmask"

FRAMERATE 30
NUMFRAMES 301
FRAME 0
PART 0
OFFSET -4.631834 0.000000 -1.376955
SCALE 1.000000 1.000000 1.000000
X 1.000000 0.000000 0.000000
Y 0.000000 1.000000 0.000000
Z 0.000000 0.000000 1.000000

PART 1
OFFSET -12.508834 11.385400 -9.652055
SCALE 1.000000 1.000000 1.000000
X 0.695369 -0.157757 -0.701124
Y 0.149962 -0.922279 0.356249
Z -0.702833 -0.352866 -0.617667

PART 2
OFFSET -16.150134 -9.236000 -8.044055
SCALE 1.000000 1.000000 1.000000
X -0.952210 0.034905 0.303444
Y 0.007473 -0.990490 0.137384
Z 0.305353 0.133086 0.942893

PART 3
OFFSET 10.725766 -3.475400 -6.067155
SCALE 1.000000 1.000000 1.000000
X 0.998159 0.034449 0.049920
Y -0.034491 0.999405 -0.000007
Z -0.049890 -0.001715 0.998753

PART 4
OFFSET -4.098918 9.478158 -18.131329
SCALE 1.000000 1.000000 1.000000
X 0.911842 -0.217622 0.348117
Y -0.340645 0.072219 0.937414
Z -0.229142 -0.973358 -0.008280

PART 5
OFFSET -4.634069 -9.658098 -11.713837
SCALE 1.000000 1.000000 1.000000
X -0.841365 -0.426926 -0.331420
Y 0.515585 -0.450095 -0.729099
Z 0.162100 -0.784314 0.598811

PART 6
OFFSET 10.725766 -3.475400 -6.067155
SCALE 1.000000 1.000000 1.000000
X 0.998159 0.034449 0.049920
Y -0.034491 0.999405 -0.000007
Z -0.049890 -0.001715 0.998753

PART 7
OFFSET 5.532249 8.470430 -15.544021
SCALE 1.000000 1.000000 1.000000
X 0.914461 -0.215486 0.342530
Y 0.231575 0.972797 -0.006254
Z -0.331865 0.085040 0.939486

PART 8
OFFSET 4.835645 6.511537 -16.043565
SCALE 1.000000 1.000000 1.000000
X 0.914461 -0.215486 0.342530
Y 0.231575 0.972797 -0.006254
Z -0.331865 0.085040 0.939486

PART 9
OFFSET 5.157512 8.314672 -13.154457
SCALE 1.000000 1.000000 1.000000
X 0.914461 -0.215486 0.342530
Y 0.231575 0.972797 -0.006254
Z -0.331865 0.085040 0.939486

PART 10
OFFSET 4.697878 6.905243 -13.118512
SCALE 1.000000 1.000000 1.000000
X 0.914461 -0.215486 0.342530
Y 0.231575 0.972797 -0.006254
Z -0.331865 0.085040 0.939486

PART 11
OFFSET 4.404771 6.139346 -13.934898
SCALE 1.000000 1.000000 1.000000
X 0.914461 -0.215486 0.342530
Y 0.231575 0.972797 -0.006254
Z -0.331865 0.085040 0.939486

PART 12
OFFSET 6.451923 6.959685 -14.103446
SCALE 1.000000 1.000000 1.000000
X 0.782263 0.574479 0.240910
Y -0.299218 0.007313 0.954157
Z 0.546381 -0.818486 0.177615

PART 13
OFFSET 3.656613 7.626904 -15.170582
SCALE 1.000000 1.000000 1.000000
X 0.911830 -0.217681 0.348111
Y -0.382574 -0.142763 0.912829
Z -0.149008 -0.965523 -0.213454

PART 14
OFFSET 3.607555 -5.368776 -6.707334
SCALE 1.000000 1.000000 1.000000
X -0.844911 -0.421891 -0.328836
Y -0.167285 0.792325 -0.586717
Z 0.508075 -0.440715 -0.740020

PART 15
OFFSET 3.191222 -4.148252 -7.518263
SCALE 1.000000 1.000000 1.000000
X -0.844911 -0.421891 -0.328836
Y -0.167285 0.792325 -0.586717
Z 0.508075 -0.440715 -0.740020

PART 16
OFFSET 3.203135 -4.113790 -8.748527
SCALE 1.000000 1.000000 1.000000
X -0.844911 -0.421891 -0.328836
Y -0.167285 0.792325 -0.586717
Z 0.508075 -0.440715 -0.740020

PART 17
OFFSET 5.101633 -4.718205 -7.879093
SCALE 1.000000 1.000000 1.000000
X -0.971010 -0.021492 -0.238070
Y 0.236537 0.057307 -0.969931
Z 0.034489 -0.998125 -0.050562

PART 18
OFFSET 2.522234 -6.027031 -8.895005
SCALE 1.000000 1.000000 1.000000
X -0.841393 -0.426912 -0.331367
Y 0.358730 0.017394 -0.933279
Z 0.404192 -0.904126 0.138510

PART 19
OFFSET 7.233001 -3.448477 -3.618150
SCALE 1.000000 1.000000 1.000000
X 0.996934 0.034406 0.070270
Y -0.034491 0.999405 -0.000007
Z -0.070228 -0.002417 0.997528

PART 20
OFFSET 14.782245 -3.717201 -4.294685
SCALE 1.000000 1.000000 1.000000
X 0.998159 0.034449 0.049920
Y -0.034491 0.999405 -0.000007
Z -0.049890 -0.001715 0.998753

PART 21
OFFSET 6.696913 -3.595482 -3.303284
SCALE 1.000000 1.000000 1.000000
X 0.996935 0.034405 0.070270
Y -0.034499 0.999405 0.000115
Z -0.070224 -0.002539 0.997528

PART 22
OFFSET 13.682177 -3.321484 -3.269306
SCALE 1.000000 1.000000 1.000000
X 0.998159 0.034449 0.049920
Y -0.034491 0.999405 -0.000007
Z -0.049890 -0.001715 0.998753

PART 23
OFFSET 11.462555 -3.004866 -3.396130
SCALE 1.000000 1.000000 1.000000
X 0.998159 0.034449 0.049920
Y -0.034491 0.999405 -0.000007
Z -0.049890 -0.001715 0.998753

PART 24
OFFSET 12.035631 -3.772093 -2.231067
SCALE 1.000000 1.000000 1.000000
X -0.008036 -0.760769 0.648973
Y 0.998244 0.031990 0.049862
Z -0.058694 0.648234 0.759175

PART 25
OFFSET 21.969409 -3.087340 -2.880686
SCALE 1.000000 1.000000 1.000000
X 0.998159 0.034449 0.049920
Y -0.034491 0.999405 -0.000007
Z -0.049890 -0.001715 0.998753

PART 26
OFFSET 5.405052 -3.698535 -3.684013
SCALE 1.000000 1.000000 1.000000
X -0.997621 -0.034430 -0.059732
Y 0.034495 -0.999405 -0.000054
Z -0.059695 -0.002114 0.998214

PART 27
OFFSET 10.375961 -1.830961 -2.962159
SCALE 1.000000 1.000000 1.000000
X 0.998159 0.034449 0.049920
Y -0.034491 0.999405 -0.000007
Z -0.049890 -0.001715 0.998753

PART 28
OFFSET 9.479896 -2.754931 -3.065701
SCALE 1.000000 1.000000 1.000000
X 0.998159 0.034449 0.049920
Y -0.034491 0.999405 -0.000007
Z -0.049890 -0.001715 0.998753

PART 29
OFFSET 9.071419 9.507807 -12.511408
SCALE 1.000000 1.000000 1.000000
X 0.920101 0.051581 0.388271
Y 0.040785 -0.998519 0.036001
Z 0.389553 -0.017289 -0.920842

PART 30
OFFSET 9.410524 9.291818 -13.540280
SCALE 1.000000 1.000000 1.000000
X 0.958432 -0.069697 0.276678
Y -0.101224 -0.989689 0.101337
Z 0.266762 -0.125131 -0.955605

PART 31
OFFSET 7.544658 7.272584 -14.885350
SCALE 1.000000 1.000000 1.000000
X 0.835682 0.431679 -0.339542
Y 0.498008 -0.856271 0.137073
Z -0.231568 -0.283644 -0.930549

PART 32
OFFSET 7.441623 7.518038 -14.223090
SCALE 1.000000 1.000000 1.000000
X 0.839651 0.539495 -0.062697
Y 0.542813 -0.829641 0.130574
Z 0.018428 -0.143669 -0.989454

PART 33
OFFSET 6.739503 6.889039 -13.001403
SCALE 1.000000 1.000000 1.000000
X 0.607955 0.051341 0.792310
Y -0.787012 0.170802 0.592823
Z -0.104892 -0.983967 0.144246

PART 34
OFFSET 8.681234 8.303549 -11.750772
SCALE 1.000000 1.000000 1.000000
X 0.945838 0.311474 0.091512
Y -0.306710 0.949746 -0.062546
Z -0.106395 0.031091 0.993838

PART 35
OFFSET 9.566624 7.265855 -13.693974
SCALE 1.000000 1.000000 1.000000
X 0.001925 -0.210882 -0.977510
Y -0.546402 0.818466 -0.177647
Z 0.837521 0.534455 -0.113651

PART 36
OFFSET 8.719671 -5.048619 -6.238874
SCALE 1.000000 1.000000 1.000000
X -0.793857 -0.558843 -0.239761
Y 0.535362 -0.829273 0.160297
Z -0.288409 -0.001106 0.957507

PART 37
OFFSET 8.866444 -4.809623 -7.307412
SCALE 1.000000 1.000000 1.000000
X -0.445110 -0.856065 -0.262734
Y 0.871993 -0.481113 0.090326
Z -0.203730 -0.188897 0.960631

PART 38
OFFSET 6.169565 -4.436917 -8.706054
SCALE 1.000000 1.000000 1.000000
X -0.929696 -0.093226 0.356335
Y 0.095909 -0.995338 -0.010174
Z 0.355622 0.024717 0.934303

PART 39
OFFSET 6.230822 -4.609686 -8.016100
SCALE 1.000000 1.000000 1.000000
X -0.996494 -0.044095 0.071100
Y 0.043996 -0.999027 -0.002950
Z 0.071161 0.000188 0.997465

PART 40
OFFSET 5.296101 -4.354005 -6.815281
SCALE 1.000000 1.000000 1.000000
X -0.324291 -0.841160 -0.432765
Y 0.905809 -0.144258 -0.398371
Z 0.272664 -0.521190 0.808712

PART 41
OFFSET 0.878919 -5.391141 -8.076680
SCALE 1.000000 1.000000 1.000000
X -0.949770 -0.308849 -0.050499
Y -0.305885 0.950256 -0.058713
Z 0.066120 -0.040317 -0.996997

PART 42
OFFSET 10.691399 9.598673 -11.827750
SCALE 1.000000 1.000000 1.000000
X 0.881289 -0.367891 0.296624
Y -0.329229 -0.928247 -0.173107
Z 0.339024 0.054900 -0.939174

PART 43
OFFSET 11.282910 9.155680 -12.999782
SCALE 1.000000 1.000000 1.000000
X 0.766992 -0.584280 0.265216
Y -0.601694 -0.798500 -0.019051
Z 0.222906 -0.144966 -0.964001

PART 44
OFFSET 9.517137 8.178836 -15.495951
SCALE 1.000000 1.000000 1.000000
X 0.920175 -0.237949 0.310899
Y -0.345453 -0.867149 0.358768
Z 0.184227 -0.437531 -0.880129

PART 45
OFFSET 9.611426 8.915209 -14.535644
SCALE 1.000000 1.000000 1.000000
X 0.985234 -0.113029 0.128604
Y -0.154985 -0.907963 0.389337
Z 0.072761 -0.403520 -0.912073

PART 46
OFFSET 7.966993 6.962196 -11.224439
SCALE 1.000000 1.000000 1.000000
X 0.951492 0.293051 0.093726
Y -0.100352 0.007625 0.994923
Z 0.290848 -0.956066 0.036664

PART 47
OFFSET 10.117405 -4.064582 -5.816696
SCALE 1.000000 1.000000 1.000000
X -0.021001 -0.998907 0.041750
Y 0.949432 -0.006841 0.313897
Z -0.313268 0.046230 0.948539

PART 48
OFFSET 9.735978 -3.137251 -6.794019
SCALE 1.000000 1.000000 1.000000
X 0.709946 -0.704226 0.006587
Y 0.683155 0.690916 0.236504
Z -0.171103 -0.163405 0.971608

PART 49
OFFSET 8.298486 -4.101877 -9.369287
SCALE 1.000000 1.000000 1.000000
X -0.638916 -0.699255 -0.320669
Y 0.768738 -0.564754 -0.300159
Z 0.028789 -0.438287 0.898374

PART 50
OFFSET 8.807329 -4.517416 -8.348855
SCALE 1.000000 1.000000 1.000000
X -0.308908 -0.901690 -0.302541
Y 0.949029 -0.313167 -0.035639
Z -0.062611 -0.298130 0.952470

PART 51
OFFSET 5.890247 -2.495294 -5.886652
SCALE 1.000000 1.000000 1.000000
X -0.889529 -0.380814 -0.252427
Y 0.456826 -0.732909 -0.504137
Z 0.006977 -0.563760 0.825909

PART 52
OFFSET 11.742188 9.148079 -11.410101
SCALE 1.000000 1.000000 1.000000
X 0.548434 -0.790646 0.272211
Y -0.714065 -0.612219 -0.339557
Z 0.435122 -0.008152 -0.900334

PART 53
OFFSET 12.403187 8.302246 -12.612375
SCALE 1.000000 1.000000 1.000000
X 0.279172 -0.936995 0.210007
Y -0.944175 -0.307695 -0.117716
Z 0.174917 -0.165420 -0.970587

PART 54
OFFSET 10.819870 7.841926 -15.055769
SCALE 1.000000 1.000000 1.000000
X 0.630307 -0.614707 0.474182
Y -0.738719 -0.662731 0.122809
Z 0.238763 -0.427695 -0.871819

PART 55
OFFSET 11.288780 8.722766 -14.316742
SCALE 1.000000 1.000000 1.000000
X 0.630340 -0.683468 0.368161
Y -0.769682 -0.612086 0.181498
Z 0.101298 -0.397773 -0.911875

PART 56
OFFSET 9.541593 7.327741 -11.128382
SCALE 1.000000 1.000000 1.000000
X 0.985402 0.039199 0.165672
Y -0.169273 0.121675 0.978030
Z 0.018180 -0.991796 0.126534

PART 57
OFFSET 10.123925 -2.847365 -5.809774
SCALE 1.000000 1.000000 1.000000
X 0.940823 -0.182301 0.285690
Y 0.167375 0.982957 0.076041
Z -0.294683 -0.023723 0.955300

PART 58
OFFSET 8.699033 -2.108561 -6.803600
SCALE 1.000000 1.000000 1.000000
X 0.965181 0.196379 0.172805
Y -0.211571 0.974540 0.074221
Z -0.153830 -0.108197 0.982156

PART 59
OFFSET 9.203012 -3.111872 -8.915299
SCALE 1.000000 1.000000 1.000000
X 0.663222 -0.671498 -0.330495
Y 0.748097 0.581778 0.319194
Z -0.022063 -0.458939 0.888194

PART 60
OFFSET 9.333279 -2.982204 -7.833836
SCALE 1.000000 1.000000 1.000000
X 0.823101 -0.555273 -0.119068
Y 0.562398 0.767912 0.306628
Z -0.078828 -0.319349 0.944353

PART 61
OFFSET 7.352696 -1.861120 -5.601683
SCALE 1.000000 1.000000 1.000000
X -0.956778 0.126659 0.261788
Y -0.248861 -0.822359 -0.511658
Z 0.150478 -0.554692 0.818336

PART 62
OFFSET 12.361657 8.255021 -11.102618
SCALE 1.000000 1.000000 1.000000
X 0.588377 0.807827 -0.035048
Y -0.789942 0.565015 -0.238221
Z -0.172639 0.167849 0.970578

PART 63
OFFSET 12.721257 7.240056 -12.381308
SCALE 1.000000 1.000000 1.000000
X 0.377646 0.925664 -0.023021
Y -0.886723 0.354376 -0.296883
Z -0.266656 0.132530 0.954636

PART 64
OFFSET 11.378738 7.296926 -14.635343
SCALE 1.000000 1.000000 1.000000
X 0.168321 -0.852939 0.494128
Y -0.968549 -0.236297 -0.077955
Z 0.183252 -0.465466 -0.865887

PART 65
OFFSET 12.162396 7.775518 -13.806517
SCALE 1.000000 1.000000 1.000000
X 0.035444 -0.916301 0.398918
Y -0.994696 -0.070915 -0.074509
Z 0.096562 -0.394161 -0.913954

PART 66
OFFSET 10.605148 7.326800 -10.926780
SCALE 1.000000 1.000000 1.000000
X 0.680890 0.691044 0.242582
Y -0.532107 0.694361 -0.484485
Z -0.503240 0.200802 0.840493

PART 67
OFFSET 9.061296 -2.641556 -6.132556
SCALE 1.000000 1.000000 1.000000
X -0.540154 -0.834753 0.106873
Y -0.799438 0.469283 -0.375063
Z 0.262931 -0.288030 -0.920818

PART 68
OFFSET 7.606803 -2.329625 -7.006199
SCALE 1.000000 1.000000 1.000000
X -0.595123 -0.765962 -0.243168
Y -0.792393 0.609724 0.018696
Z 0.133945 0.203811 -0.969804

PART 69
OFFSET 8.615019 -2.516548 -8.622338
SCALE 1.000000 1.000000 1.000000
X 0.958317 0.268117 0.098702
Y -0.284876 0.870349 0.401669
Z 0.021789 -0.413044 0.910451

PART 70
OFFSET 8.192465 -2.212608 -7.668835
SCALE 1.000000 1.000000 1.000000
X 0.814665 0.524266 0.247922
Y -0.573795 0.790703 0.213420
Z -0.084144 -0.316122 0.944980

PART 71
OFFSET 8.384757 -1.958662 -5.913539
SCALE 1.000000 1.000000 1.000000
X -0.854240 0.280270 -0.437862
Y 0.512627 0.594293 -0.619702
Z 0.086535 -0.753834 -0.651342

PART 72
OFFSET 11.538645 6.486636 -14.165930
SCALE 1.000000 1.000000 1.000000
X 0.452976 0.867907 -0.203840
Y -0.816260 0.311803 -0.486311
Z -0.358515 0.386674 0.849677

PART 73
OFFSET 12.200826 6.781762 -13.373875
SCALE 1.000000 1.000000 1.000000
X 0.543994 0.771619 -0.329657
Y -0.838411 0.484064 -0.250496
Z -0.033712 0.412656 0.910263

PART 74
OFFSET 7.704570 -2.771281 -8.716184
SCALE 1.000000 1.000000 1.000000
X -0.557303 -0.691779 -0.459189
Y -0.828980 0.432296 0.354842
Z -0.046967 0.578413 -0.814391

PART 75
OFFSET 7.308891 -2.781208 -7.937637
SCALE 1.000000 1.000000 1.000000
X -0.343772 -0.897237 -0.277103
Y -0.932971 0.359868 -0.007787
Z 0.106708 0.255852 -0.960809

PART 76
OFFSET 0.000000 0.000000 0.000000
SCALE 1.000000 1.000000 1.000000
X 1.000000 0.000000 0.000000
Y 0.000000 1.000000 0.000000
Z 0.000000 0.000000 1.000000

PART 77
OFFSET 0.000000 0.000000 0.000000
SCALE 1.000000 1.000000 1.000000
X 1.000000 0.000000 0.000000
Y 0.000000 1.000000 0.000000
Z 0.000000 0.000000 1.000000

PART 78
OFFSET 1.540400 0.000000 4.135700
SCALE 1.000000 1.000000 1.000000
X 1.000000 0.000000 0.000000
Y 0.000000 1.000000 0.000000
Z 0.000000 0.000000 1.000000

FRAME 1
PART 0
OFFSET -4.631834 0.000000 -1.376955
SCALE 1.000000 1.000000 1.000000
X 1.000000 0.000000 0.000000
Y 0.000000 1.000000 0.000000
Z 0.000000 0.000000 1.000000

PART 1
OFFSET -12.508834 11.385400 -9.652055
SCALE 1.000000 1.000000 1.000000
X 0.695369 -0.157757 -0.701124
Y 0.149962 -0.922279 0.356249
Z -0.702833 -0.352866 -0.617667

PART 2
OFFSET -16.150134 -9.236000 -8.044055
SCALE 1.000000 1.000000 1.000000
X -0.952210 0.034905 0.303444
Y 0.007473 -0.990490 0.137384
Z 0.305353 0.133086 0.942893

PART 3
OFFSET 10.725766 -3.475400 -6.067155
SCALE 1.000000 1.000000 1.000000
X 0.998159 0.034449 0.049920
Y -0.034491 0.999405 -0.000007
Z -0.049890 -0.001715 0.998753

PART 4
OFFSET -4.098918 9.478158 -18.131329
SCALE 1.000000 1.000000 1.000000
X 0.911842 -0.217622 0.348117
Y -0.340645 0.072219 0.937414
Z -0.229142 -0.973358 -0.008280

PART 5
OFFSET -4.634069 -9.658098 -11.713837
SCALE 1.000000 1.000000 1.000000
X -0.841365 -0.426926 -0.331420
Y 0.515585 -0.450095 -0.729099
Z 0.162100 -0.784314 0.598811

PART 6
OFFSET 10.725766 -3.475400 -6.067155
SCALE 1.000000 1.000000 1.000000
X 0.998159 0.034449 0.049920
Y -0.034491 0.999405 -0.000007
Z -0.049890 -0.001715 0.998753

PART 7
OFFSET 5.532249 8.470430 -15.544021
SCALE 1.000000 1.000000 1.000000
X 0.914461 -0.215486 0.342530
Y 0.231575 0.972797 -0.006254
Z -0.331865 0.085040 0.939486

PART 8
OFFSET 4.835645 6.511537 -16.043565
SCALE 1.000000 1.000000 1.000000
X 0.914461 -0.215486 0.342530
Y 0.231575 0.972797 -0.006254
Z -0.331865 0.085040 0.939486

PART 9
OFFSET 5.157512 8.314672 -13.154457
SCALE 1.000000 1.000000 1.000000
X 0.914461 -0.215486 0.342530
Y 0.231575 0.972797 -0.006254
Z -0.331865 0.085040 0.939486

PART 10
OFFSET 4.697878 6.905243 -13.118512
SCALE 1.000000 1.000000 1.000000
X 0.914461 -0.215486 0.342530
Y 0.231575 0.972797 -0.006254
Z -0.331865 0.085040 0.939486

PART 11
OFFSET 4.404771 6.139346 -13.934898
SCALE 1.000000 1.000000 1.000000
X 0.914461 -0.215486 0.342530
Y 0.231575 0.972797 -0.006254
Z -0.331865 0.085040 0.939486

PART 12
OFFSET 6.451923 6.959685 -14.103446
SCALE 1.000000 1.000000 1.000000
X 0.782263 0.574479 0.240910
Y -0.299218 0.007313 0.954157
Z 0.546381 -0.818486 0.177615

PART 13
OFFSET 3.656613 7.626904 -15.170582
SCALE 1.000000 1.000000 1.000000
X 0.911830 -0.217681 0.348111
Y -0.382574 -0.142763 0.912829
Z -0.149008 -0.965523 -0.213454

PART 14
OFFSET 3.607555 -5.368776 -6.707334
SCALE 1.000000 1.000000 1.000000
X -0.844911 -0.421891 -0.328836
Y -0.167285 0.792325 -0.586717
Z 0.508075 -0.440715 -0.740020

PART 15
OFFSET 3.191222 -4.148252 -7.518263
SCALE 1.000000 1.000000 1.000000
X -0.844911 -0.421891 -0.328836
Y -0.167285 0.792325 -0.586717
Z 0.508075 -0.440715 -0.740020

PART 16
OFFSET 3.203135 -4.113790 -8.748527
SCALE 1.000000 1.000000 1.000000
X -0.844911 -0.421891 -0.328836
Y -0.167285 0.792325 -0.586717
Z 0.508075 -0.440715 -0.740020

PART 17
OFFSET 5.101633 -4.718205 -7.879093
SCALE 1.000000 1.000000 1.000000
X -0.971010 -0.021492 -0.238070
Y 0.236537 0.057307 -0.969931
Z 0.034489 -0.998125 -0.050562

PART 18
OFFSET 2.522234 -6.027031 -8.895005
SCALE 1.000000 1.000000 1.000000
X -0.841393 -0.426912 -0.331367
Y 0.358730 0.017394 -0.933279
Z 0.404192 -0.904126 0.138510

PART 19
OFFSET 7.233001 -3.448477 -3.618150
SCALE 1.000000 1.000000 1.000000
X 0.999401 0.034491 -0.002801
Y -0.034491 0.999405 -0.000007
Z 0.002799 0.000103 0.999996

PART 20
OFFSET 14.782245 -3.717201 -4.294685
SCALE 1.000000 1.000000 1.000000
X 0.998159 0.034449 0.049920
Y -0.034491 0.999405 -0.000007
Z -0.049890 -0.001715 0.998753

PART 21
OFFSET 6.696913 -3.595482 -3.303284
SCALE 1.000000 1.000000 1.000000
X 0.996935 0.034405 0.070270
Y -0.034499 0.999405 0.000115
Z -0.070224 -0.002539 0.997528

PART 22
OFFSET 13.682177 -3.321484 -3.269306
SCALE 1.000000 1.000000 1.000000
X 0.998159 0.034449 0.049920
Y -0.034491 0.999405 -0.000007
Z -0.049890 -0.001715 0.998753

PART 23
OFFSET 11.462555 -3.004866 -3.396130
SCALE 1.000000 1.000000 1.000000
X 0.998159 0.034449 0.049920
Y -0.034491 0.999405 -0.000007
Z -0.049890 -0.001715 0.998753

PART 24
OFFSET 12.035631 -3.772093 -2.231067
SCALE 1.000000 1.000000 1.000000
X -0.008036 -0.760769 0.648973
Y 0.998244 0.031990 0.049862
Z -0.058694 0.648234 0.759175

PART 25
OFFSET 21.969409 -3.087340 -2.880686
SCALE 1.000000 1.000000 1.000000
X 0.998159 0.034449 0.049920
Y -0.034491 0.999405 -0.000007
Z -0.049890 -0.001715 0.998753

PART 26
OFFSET 5.405052 -3.698535 -3.684013
SCALE 1.000000 1.000000 1.000000
X -0.997621 -0.034430 -0.059732
Y 0.034495 -0.999405 -0.000054
Z -0.059695 -0.002114 0.998214

PART 27
OFFSET 10.375961 -1.830961 -2.962159
SCALE 1.000000 1.000000 1.000000
X 0.998159 0.034449 0.049920
Y -0.034491 0.999405 -0.000007
Z -0.049890 -0.001715 0.998753

PART 28
OFFSET 9.479896 -2.754931 -3.065701
SCALE 1.000000 1.000000 1.000000
X 0.998159 0.034449 0.049920
Y -0.034491 0.999405 -0.000007
Z -0.049890 -0.001715 0.998753

PART 29
OFFSET 9.071419 9.507807 -12.511408
SCALE 1.000000 1.000000 1.000000
X 0.920060 0.052203 0.388284
Y 0.041217 -0.998481 0.036575
Z 0.389603 -0.017648 -0.920814

PART 30
OFFSET 9.410524 9.291818 -13.540280
SCALE 1.000000 1.000000 1.000000
X 0.958504 -0.068878 0.276634
Y -0.100554 -0.989690 0.101990
Z 0.266757 -0.125574 -0.955548

PART 31
OFFSET 7.544658 7.272584 -14.885350
SCALE 1.000000 1.000000 1.000000
X 0.835682 0.431679 -0.339542
Y 0.498008 -0.856271 0.137073
Z -0.231568 -0.283644 -0.930549

PART 32
OFFSET 7.441623 7.518038 -14.223090
SCALE 1.000000 1.000000 1.000000
X 0.839651 0.539495 -0.062697
Y 0.542813 -0.829641 0.130574
Z 0.018428 -0.143669 -0.989454

PART 33
OFFSET 6.739503 6.889039 -13.001403
SCALE 1.000000 1.000000 1.000000
X 0.607383 0.051759 0.792721
Y -0.787525 0.170318 0.592281
Z -0.104358 -0.984029 0.144210

PART 34
OFFSET 8.681234 8.303549 -11.750772
SCALE 1.000000 1.000000 1.000000
X 0.945838 0.311474 0.091512
Y -0.306710 0.949746 -0.062546
Z -0.106395 0.031091 0.993838

PART 35
OFFSET 9.566624 7.265855 -13.693974
SCALE 1.000000 1.000000 1.000000
X 0.001925 -0.210882 -0.977510
Y -0.546402 0.818466 -0.177647
Z 0.837521 0.534455 -0.113651

PART 36
OFFSET 8.719671 -5.048619 -6.238874
SCALE 1.000000 1.000000 1.000000
X -0.793857 -0.558843 -0.239761
Y 0.535362 -0.829273 0.160297
Z -0.288409 -0.001106 0.957507

PART 37
OFFSET 8.866444 -4.809623 -7.307412
SCALE 1.000000 1.000000 1.000000
X -0.445110 -0.856065 -0.262734
Y 0.871993 -0.481113 0.090326
Z -0.203730 -0.188897 0.960631

PART 38
OFFSET 6.169565 -4.436917 -8.706054
SCALE 1.000000 1.000000 1.000000
X -0.929696 -0.093226 0.356335
Y 0.095909 -0.995338 -0.010174
Z 0.355622 0.024717 0.934303

PART 39
OFFSET 6.230822 -4.609686 -8.016100
SCALE 1.000000 1.000000 1.000000
X -0.996494 -0.044095 0.071100
Y 0.043996 -0.999027 -0.002950
Z 0.071161 0.000188 0.997465

PART 40
OFFSET 5.296101 -4.354005 -6.815281
SCALE 1.000000 1.000000 1.000000
X -0.324291 -0.841160 -0.432765
Y 0.905809 -0.144258 -0.398371
Z 0.272664 -0.521190 0.808712

PART 41
OFFSET 0.878919 -5.391141 -8.076680
SCALE 1.000000 1.000000 1.000000
X -0.949770 -0.308849 -0.050499
Y -0.305885 0.950256 -0.058713
Z 0.066120 -0.040317 -0.996997

PART 42
OFFSET 10.691327 9.599770 -11.827728
SCALE 1.000000 1.000000 1.000000
X 0.881622 -0.366810 0.296973
Y -0.328326 -0.928699 -0.172394
Z 0.339035 0.054483 -0.939195

PART 43
OFFSET 11.283050 9.157281 -12.999868
SCALE 1.000000 1.000000 1.000000
X 0.767870 -0.582977 0.265543
Y -0.600569 -0.799364 -0.018271
Z 0.222917 -0.145447 -0.963926

PART 44
OFFSET 9.517137 8.178836 -15.495951
SCALE 1.000000 1.000000 1.000000
X 0.920614 -0.236813 0.310466
Y -0.344333 -0.867293 0.359496
Z 0.184132 -0.437861 -0.879985

PART 45
OFFSET 9.611426 8.915209 -14.535644
SCALE 1.000000 1.000000 1.000000
X 0.985329 -0.112245 0.128560
Y -0.154262 -0.907992 0.389556
Z 0.073005 -0.403673 -0.911986

PART 46
OFFSET 7.965737 6.963047 -11.223607
SCALE 1.000000 1.000000 1.000000
X 0.951232 0.293669 0.094423
Y -0.101094 0.007586 0.994848
Z 0.291440 -0.955877 0.036904

PART 47
OFFSET 10.117405 -4.064582 -5.816696
SCALE 1.000000 1.000000 1.000000
X -0.021001 -0.998907 0.041750
Y 0.949432 -0.006841 0.313897
Z -0.313268 0.046230 0.948539

PART 48
OFFSET 9.735978 -3.137251 -6.794019
SCALE 1.000000 1.000000 1.000000
X 0.709946 -0.704226 0.006587
Y 0.683155 0.690916 0.236504
Z -0.171103 -0.163405 0.971608

PART 49
OFFSET 8.298486 -4.101877 -9.369287
SCALE 1.000000 1.000000 1.000000
X -0.638916 -0.699255 -0.320669
Y 0.768738 -0.564754 -0.300159
Z 0.028789 -0.438287 0.898374

PART 50
OFFSET 8.807329 -4.517416 -8.348855
SCALE 1.000000 1.000000 1.000000
X -0.308908 -0.901690 -0.302541
Y 0.949029 -0.313167 -0.035639
Z -0.062611 -0.298130 0.952470

PART 51
OFFSET 5.890247 -2.495294 -5.886652
SCALE 1.000000 1.000000 1.000000
X -0.889529 -0.380814 -0.252427
Y 0.456826 -0.732909 -0.504137
Z 0.006977 -0.563760 0.825909

PART 52
OFFSET 11.742521 9.150515 -11.409652
SCALE 1.000000 1.000000 1.000000
X 0.549432 -0.789682 0.272995
Y -0.713255 -0.613458 -0.339022
Z 0.435191 -0.008446 -0.900299

PART 53
OFFSET 12.404610 8.305750 -12.611983
SCALE 1.000000 1.000000 1.000000
X 0.281236 -0.936197 0.210811
Y -0.943555 -0.309818 -0.117116
Z 0.174956 -0.165975 -0.970486

PART 54
OFFSET 10.820491 7.843534 -15.056381
SCALE 1.000000 1.000000 1.000000
X 0.631769 -0.613296 0.474063
Y -0.737501 -0.663864 0.124004
Z 0.238663 -0.427964 -0.871715

PART 55
OFFSET 11.288942 8.724101 -14.316817
SCALE 1.000000 1.000000 1.000000
X 0.631701 -0.682254 0.368080
Y -0.768534 -0.613353 0.182081
Z 0.101537 -0.397903 -0.911791

PART 56
OFFSET 9.540029 7.329614 -11.126394
SCALE 1.000000 1.000000 1.000000
X 0.985299 0.039803 0.166137
Y -0.169810 0.121613 0.977944
Z 0.018720 -0.991779 0.126584

PART 57
OFFSET 10.123925 -2.847365 -5.809774
SCALE 1.000000 1.000000 1.000000
X 0.940823 -0.182301 0.285690
Y 0.167375 0.982957 0.076041
Z -0.294683 -0.023723 0.955300

PART 58
OFFSET 8.699033 -2.108561 -6.803600
SCALE 1.000000 1.000000 1.000000
X 0.965181 0.196379 0.172805
Y -0.211571 0.974540 0.074221
Z -0.153830 -0.108197 0.982156

PART 59
OFFSET 9.203012 -3.111872 -8.915299
SCALE 1.000000 1.000000 1.000000
X 0.663222 -0.671498 -0.330495
Y 0.748097 0.581778 0.319194
Z -0.022063 -0.458939 0.888194

PART 60
OFFSET 9.333279 -2.982204 -7.833836
SCALE 1.000000 1.000000 1.000000
X 0.823101 -0.555273 -0.119068
Y 0.562398 0.767912 0.306628
Z -0.078828 -0.319349 0.944353

PART 61
OFFSET 7.352696 -1.861120 -5.601683
SCALE 1.000000 1.000000 1.000000
X -0.956778 0.126659 0.261788
Y -0.248861 -0.822359 -0.511658
Z 0.150478 -0.554692 0.818336

PART 62
OFFSET 12.363117 8.258547 -11.101283
SCALE 1.000000 1.000000 1.000000
X 0.587340 0.808549 -0.035777
Y -0.790653 0.563773 -0.238806
Z -0.172917 0.168547 0.970408

PART 63
OFFSET 12.725017 7.244462 -12.380005
SCALE 1.000000 1.000000 1.000000
X 0.375665 0.926444 -0.024027
Y -0.887572 0.352202 -0.296933
Z -0.266630 0.132873 0.954596

PART 64
OFFSET 11.380656 7.299785 -14.636061
SCALE 1.000000 1.000000 1.000000
X 0.171161 -0.852043 0.494698
Y -0.968057 -0.238813 -0.076381
Z 0.183220 -0.465822 -0.865702

PART 65
OFFSET 12.164444 7.778535 -13.806705
SCALE 1.000000 1.000000 1.000000
X 0.038101 -0.916040 0.399272
Y -0.994575 -0.073466 -0.073644
Z 0.096794 -0.394300 -0.913870

PART 66
OFFSET 10.603489 7.329325 -10.924288
SCALE 1.000000 1.000000 1.000000
X 0.680357 0.691466 0.242876
Y -0.532298 0.694018 -0.484765
Z -0.503759 0.200531 0.840247

PART 67
OFFSET 9.061296 -2.641556 -6.132556
SCALE 1.000000 1.000000 1.000000
X -0.540154 -0.834753 0.106873
Y -0.799438 0.469283 -0.375063
Z 0.262931 -0.288030 -0.920818

PART 68
OFFSET 7.606803 -2.329625 -7.006199
SCALE 1.000000 1.000000 1.000000
X -0.595123 -0.765962 -0.243168
Y -0.792393 0.609724 0.018696
Z 0.133945 0.203811 -0.969804

PART 69
OFFSET 8.615019 -2.516548 -8.622338
SCALE 1.000000 1.000000 1.000000
X 0.958317 0.268117 0.098702
Y -0.284876 0.870349 0.401669
Z 0.021789 -0.413044 0.910451

PART 70
OFFSET 8.192465 -2.212608 -7.668835
SCALE 1.000000 1.000000 1.000000
X 0.814665 0.524266 0.247922
Y -0.573795 0.790703 0.213420
Z -0.084144 -0.316122 0.944980

PART 71
OFFSET 8.384757 -1.958662 -5.913539
SCALE 1.000000 1.000000 1.000000
X -0.854240 0.280270 -0.437862
Y 0.512627 0.594293 -0.619702
Z 0.086535 -0.753834 -0.651342

PART 72
OFFSET 11.543261 6.490346 -14.166107
SCALE 1.000000 1.000000 1.000000
X 0.450500 0.868853 -0.205291
Y -0.817720 0.309283 -0.485466
Z -0.358306 0.386573 0.849811

PART 73
OFFSET 12.205755 6.785061 -13.373679
SCALE 1.000000 1.000000 1.000000
X 0.541760 0.772856 -0.330437
Y -0.839845 0.481833 -0.249994
Z -0.033994 0.412953 0.910118

PART 74
OFFSET 7.704570 -2.771281 -8.716184
SCALE 1.000000 1.000000 1.000000
X -0.557303 -0.691779 -0.459189
Y -0.828980 0.432296 0.354842
Z -0.046967 0.578413 -0.814391

PART 75
OFFSET 7.308891 -2.781208 -7.937637
SCALE 1.000000 1.000000 1.000000
X -0.343772 -0.897237 -0.277103
Y -0.932971 0.359868 -0.007787
Z 0.106708 0.255852 -0.960809

PART 76
OFFSET 0.000000 0.000000 0.000000
SCALE 1.000000 1.000000 1.000000
X 1.000000 0.000000 0.000000
Y 0.000000 1.000000 0.000000
Z 0.000000 0.000000 1.000000

PART 77
OFFSET 0.000000 0.000000 0.000000
SCALE 1.000000 1.000000 1.000000
X 1.000000 0.000000 0.000000
Y 0.000000 1.000000 0.000000
Z 0.000000 0.000000 1.000000

PART 78
OFFSET 1.540400 0.000000 4.135700
SCALE 1.000000 1.000000 1.000000
X 1.000000 0.000000 0.000000
Y 0.000000 1.000000 0.000000
Z 0.000000 0.000000 1.000000

FRAME 2
PART 0
OFFSET -4.631834 0.000000 -1.376955
SCALE 1.000000 1.000000 1.000000
X 1.000000 0.000000 0.000000
Y 0.000000 1.000000 0.000000
Z 0.000000 0.000000 1.000000

PART 1
OFFSET -12.508834 11.385400 -9.652055
SCALE 1.000000 1.000000 1.000000
X 0.695369 -0.157757 -0.701124
Y 0.149962 -0.922279 0.356249
Z -0.702833 -0.352866 -0.617667

PART 2
OFFSET -16.150134 -9.236000 -8.044055
SCALE 1.000000 1.000000 1.000000
X -0.952210 0.034905 0.303444
Y 0.007473 -0.990490 0.137384
Z 0.305353 0.133086 0.942893

PART 3
OFFSET 10.725766 -3.475400 -6.067155
SCALE 1.000000 1.000000 1.000000
X 0.998159 0.034449 0.049920
Y -0.034491 0.999405 -0.000007
Z -0.049890 -0.001715 0.998753

PART 4
OFFSET -4.098918 9.478158 -18.131329
SCALE 1.000000 1.000000 1.000000
X 0.911842 -0.217622 0.348117
Y -0.340645 0.072219 0.937414
Z -0.229142 -0.973358 -0.008280

PART 5
OFFSET -4.634069 -9.658098 -11.713837
SCALE 1.000000 1.000000 1.000000
X -0.841365 -0.426926 -0.331420
Y 0.515585 -0.450095 -0.729099
Z 0.162100 -0.784314 0.598811

PART 6
OFFSET 10.725766 -3.475400 -6.067155
SCALE 1.000000 1.000000 1.000000
X 0.998159 0.034449 0.049920
Y -0.034491 0.999405 -0.000007
Z -0.049890 -0.001715 0.998753

PART 7
OFFSET 5.532249 8.470430 -15.544021
SCALE 1.000000 1.000000 1.000000
X 0.914461 -0.215486 0.342530
Y 0.231575 0.972797 -0.006254
Z -0.331865 0.085040 0.939486

PART 8
OFFSET 4.835645 6.511537 -16.043565
SCALE 1.000000 1.000000 1.000000
X 0.914461 -0.215486 0.342530
Y 0.231575 0.972797 -0.006254
Z -0.331865 0.085040 0.939486

PART 9
OFFSET 5.157512 8.314672 -13.154457
SCALE 1.000000 1.000000 1.000000
X 0.914461 -0.215486 0.342530
Y 0.231575 0.972797 -0.006254
Z -0.331865 0.085040 0.939486

PART 10
OFFSET 4.697878 6.905243 -13.118512
SCALE 1.000000 1.000000 1.000000
X 0.914461 -0.215486 0.342530
Y 0.231575 0.972797 -0.006254
Z -0.331865 0.085040 0.939486

PART 11
OFFSET 4.404771 6.139346 -13.934898
SCALE 1.000000 1.000000 1.000000
X 0.914461 -0.215486 0.342530
Y 0.231575 0.972797 -0.006254
Z -0.331865 0.085040 0.939486

PART 12
OFFSET 6.451923 6.959685 -14.103446
SCALE 1.000000 1.000000 1.000000
X 0.782263 0.574479 0.240910
Y -0.299218 0.007313 0.954157
Z 0.546381 -0.818486 0.177615

PART 13
OFFSET 3.656613 7.626904 -15.170582
SCALE 1.000000 1.000000 1.000000
X 0.911830 -0.217681 0.348111
Y -0.382574 -0.142763 0.912829
Z -0.149008 -0.965523 -0.213454

PART 14
OFFSET 3.607555 -5.368776 -6.707334
SCALE 1.000000 1.000000 1.000000
X -0.844911 -0.421891 -0.328836
Y -0.167285 0.792325 -0.586717
Z 0.508075 -0.440715 -0.740020

PART 15
OFFSET 3.191222 -4.148252 -7.518263
SCALE 1.000000 1.000000 1.000000
X -0.844911 -0.421891 -0.328836
Y -0.167285 0.792325 -0.586717
Z 0.508075 -0.440715 -0.740020

PART 16
OFFSET 3.203135 -4.113790 -8.748527
SCALE 1.000000 1.000000 1.000000
X -0.844911 -0.421891 -0.328836
Y -0.167285 0.792325 -0.586717
Z 0.508075 -0.440715 -0.740020

PART 17
OFFSET 5.101633 -4.718205 -7.879093
SCALE 1.000000 1.000000 1.000000
X -0.971010 -0.021492 -0.238070
Y 0.236537 0.057307 -0.969931
Z 0.034489 -0.998125 -0.050562

PART 18
OFFSET 2.522234 -6.027031 -8.895005
SCALE 1.000000 1.000000 1.000000
X -0.841393 -0.426912 -0.331367
Y 0.358730 0.017394 -0.933279
Z 0.404192 -0.904126 0.138510

PART 19
OFFSET 7.233001 -3.448477 -3.618150
SCALE 1.000000 1.000000 1.000000
X 0.991679 0.034225 0.124103
Y -0.034491 0.999405 -0.000007
Z -0.124029 -0.004274 0.992269

PART 20
OFFSET 14.782245 -3.717201 -4.294685
SCALE 1.000000 1.000000 1.000000
X 0.998159 0.034449 0.049920
Y -0.034491 0.999405 -0.000007
Z -0.049890 -0.001715 0.998753

PART 21
OFFSET 6.696913 -3.595482 -3.303284
SCALE 1.000000 1.000000 1.000000
X 0.996935 0.034405 0.070270
Y -0.034499 0.999405 0.000115
Z -0.070224 -0.002539 0.997528

PART 22
OFFSET 13.682177 -3.321484 -3.269306
SCALE 1.000000 1.000000 1.000000
X 0.998159 0.034449 0.049920
Y -0.034491 0.999405 -0.000007
Z -0.049890 -0.001715 0.998753

PART 23
OFFSET 11.462555 -3.004866 -3.396130
SCALE 1.000000 1.000000 1.000000
X 0.998159 0.034449 0.049920
Y -0.034491 0.999405 -0.000007
Z -0.049890 -0.001715 0.998753

PART 24
OFFSET 12.035631 -3.772093 -2.231067
SCALE 1.000000 1.000000 1.000000
X -0.008036 -0.760769 0.648973
Y 0.998244 0.031990 0.049862
Z -0.058694 0.648234 0.759175

PART 25
OFFSET 21.969409 -3.087340 -2.880686
SCALE 1.000000 1.000000 1.000000
X 0.998159 0.034449 0.049920
Y -0.034491 0.999405 -0.000007
Z -0.049890 -0.001715 0.998753

PART 26
OFFSET 5.405052 -3.698535 -3.684013
SCALE 1.000000 1.000000 1.000000
X -0.997621 -0.034430 -0.059732
Y 0.034495 -0.999405 -0.000054
Z -0.059695 -0.002114 0.998214

PART 27
OFFSET 10.375961 -1.830961 -2.962159
SCALE 1.000000 1.000000 1.000000
X 0.998159 0.034449 0.049920
Y -0.034491 0.999405 -0.000007
Z -0.049890 -0.001715 0.998753

PART 28
OFFSET 9.479896 -2.754931 -3.065701
SCALE 1.000000 1.000000 1.000000
X 0.998159 0.034449 0.049920
Y -0.034491 0.999405 -0.000007
Z -0.049890 -0.001715 0.998753

PART 29
OFFSET 9.071419 9.507807 -12.511408
SCALE 1.000000 1.000000 1.000000
X 0.920019 0.052826 0.388296
Y 0.041650 -0.998441 0.037149
Z 0.389653 -0.018006 -0.920786

PART 30
OFFSET 9.410524 9.291818 -13.540280
SCALE 1.000000 1.000000 1.000000
X 0.958575 -0.068058 0.276589
Y -0.099884 -0.989691 0.102642
Z 0.266752 -0.126017 -0.955491

PART 31
OFFSET 7.544658 7.272584 -14.885350
SCALE 1.000000 1.000000 1.000000
X 0.835682 0.431679 -0.339542
Y 0.498008 -0.856271 0.137073
Z -0.231568 -0.283644 -0.930549

PART 32
OFFSET 7.441623 7.518038 -14.223090
SCALE 1.000000 1.000000 1.000000
X 0.839651 0.539495 -0.062697
Y 0.542813 -0.829641 0.130574
Z 0.018428 -0.143669 -0.989454

PART 33
OFFSET 6.739503 6.889039 -13.001403
SCALE 1.000000 1.000000 1.000000
X 0.606811 0.052178 0.793132
Y -0.788036 0.169833 0.591739
Z -0.103824 -0.984091 0.144174

PART 34
OFFSET 8.681234 8.303549 -11.750772
SCALE 1.000000 1.000000 1.000000
X 0.945838 0.311474 0.091512
Y -0.306710 0.949746 -0.062546
Z -0.106395 0.031091 0.993838

PART 35
OFFSET 9.566624 7.265855 -13.693974
SCALE 1.000000 1.000000 1.000000
X 0.001925 -0.210882 -0.977510
Y -0.546402 0.818466 -0.177647
Z 0.837521 0.534455 -0.113651

PART 36
OFFSET 8.719671 -5.048619 -6.238874
SCALE 1.000000 1.000000 1.000000
X -0.793857 -0.558843 -0.239761
Y 0.535362 -0.829273 0.160297
Z -0.288409 -0.001106 0.957507

PART 37
OFFSET 8.866444 -4.809623 -7.307412
SCALE 1.000000 1.000000 1.000000
X -0.445110 -0.856065 -0.262734
Y 0.871993 -0.481113 0.090326
Z -0.203730 -0.188897 0.960631

PART 38
OFFSET 6.169565 -4.436917 -8.706054
SCALE 1.000000 1.000000 1.000000
X -0.929696 -0.093226 0.356335
Y 0.095909 -0.995338 -0.010174
Z 0.355622 0.024717 0.934303

PART 39
OFFSET 6.230822 -4.609686 -8.016100
SCALE 1.000000 1.000000 1.000000
X -0.996494 -0.044095 0.071100
Y 0.043996 -0.999027 -0.002950
Z 0.071161 0.000188 0.997465

PART 40
OFFSET 5.296101 -4.354005 -6.815281
SCALE 1.000000 1.000000 1.000000
X -0.324291 -0.841160 -0.432765
Y 0.905809 -0.144258 -0.398371
Z 0.272664 -0.521190 0.808712

PART 41
OFFSET 0.878919 -5.391141 -8.076680
SCALE 1.000000 1.000000 1.000000
X -0.949770 -0.308849 -0.050499
Y -0.305885 0.950256 -0.058713
Z 0.066120 -0.040317 -0.996997

PART 42
OFFSET 10.691255 9.600866 -11.827706
SCALE 1.000000 1.000000 1.000000
X 0.881954 -0.365728 0.297322
Y -0.327423 -0.929150 -0.171682
Z 0.339045 0.054066 -0.939215

PART 43
OFFSET 11.283190 9.158882 -12.999956
SCALE 1.000000 1.000000 1.000000
X 0.768747 -0.581672 0.265869
Y -0.599443 -0.800227 -0.017490
Z 0.222929 -0.145928 -0.963850

PART 44
OFFSET 9.517137 8.178836 -15.495951
SCALE 1.000000 1.000000 1.000000
X 0.921051 -0.235677 0.310033
Y -0.343212 -0.867436 0.360224
Z 0.184037 -0.438191 -0.879840

PART 45
OFFSET 9.611426 8.915209 -14.535644
SCALE 1.000000 1.000000 1.000000
X 0.985424 -0.111461 0.128515
Y -0.153539 -0.908021 0.389775
Z 0.073250 -0.403825 -0.911899

PART 46
OFFSET 7.964481 6.963898 -11.222777
SCALE 1.000000 1.000000 1.000000
X 0.950972 0.294287 0.095119
Y -0.101836 0.007546 0.994773
Z 0.292031 -0.955687 0.037145

PART 47
OFFSET 10.117405 -4.064582 -5.816696
SCALE 1.000000 1.000000 1.000000
X -0.021001 -0.998907 0.041750
Y 0.949432 -0.006841 0.313897
Z -0.313268 0.046230 0.948539

PART 48
OFFSET 9.735978 -3.137251 -6.794019
SCALE 1.000000 1.000000 1.000000
X 0.709946 -0.704226 0.006587
Y 0.683155 0.690916 0.236504
Z -0.171103 -0.163405 0.971608

PART 49
OFFSET 8.298486 -4.101877 -9.369287
SCALE 1.000000 1.000000 1.000000
X -0.638916 -0.699255 -0.320669
Y 0.768738 -0.564754 -0.300159
Z 0.028789 -0.438287 0.898374

PART 50
OFFSET 8.807329 -4.517416 -8.348855
SCALE 1.000000 1.000000 1.000000
X -0.308908 -0.901690 -0.302541
Y 0.949029 -0.313167 -0.035639
Z -0.062611 -0.298130 0.952470

PART 51
OFFSET 5.890247 -2.495294 -5.886652
SCALE 1.000000 1.000000 1.000000
X -0.889529 -0.380814 -0.252427
Y 0.456826 -0.732909 -0.504137
Z 0.006977 -0.563760 0.825909

PART 52
OFFSET 11.742852 9.152952 -11.409205
SCALE 1.000000 1.000000 1.000000
X 0.550430 -0.788715 0.273779
Y -0.712444 -0.614696 -0.338485
Z 0.435259 -0.008740 -0.900263

PART 53
OFFSET 12.406030 8.309257 -12.611594
SCALE 1.000000 1.000000 1.000000
X 0.283298 -0.935394 0.211613
Y -0.942931 -0.311939 -0.116513
Z 0.174996 -0.166529 -0.970384

PART 54
OFFSET 10.821111 7.845142 -15.056995
SCALE 1.000000 1.000000 1.000000
X 0.633230 -0.611882 0.473942
Y -0.736280 -0.664994 0.125198
Z 0.238562 -0.428233 -0.871610

PART 55
OFFSET 11.289104 8.725436 -14.316893
SCALE 1.000000 1.000000 1.000000
X 0.633059 -0.681039 0.367997
Y -0.767383 -0.614619 0.182665
Z 0.101776 -0.398033 -0.911708

PART 56
OFFSET 9.538462 7.331486 -11.124407
SCALE 1.000000 1.000000 1.000000
X 0.985196 0.040406 0.166602
Y -0.170346 0.121550 0.977859
Z 0.019261 -0.991763 0.126634

PART 57
OFFSET 10.123925 -2.847365 -5.809774
SCALE 1.000000 1.000000 1.000000
X 0.940823 -0.182301 0.285690
Y 0.167375 0.982957 0.076041
Z -0.294683 -0.023723 0.955300

PART 58
OFFSET 8.699033 -2.108561 -6.803600
SCALE 1.000000 1.000000 1.000000
X 0.965181 0.196379 0.172805
Y -0.211571 0.974540 0.074221
Z -0.153830 -0.108197 0.982156

PART 59
OFFSET 9.203012 -3.111872 -8.915299
SCALE 1.000000 1.000000 1.000000
X 0.663222 -0.671498 -0.330495
Y 0.748097 0.581778 0.319194
Z -0.022063 -0.458939 0.888194

PART 60
OFFSET 9.333279 -2.982204 -7.833836
SCALE 1.000000 1.000000 1.000000
X 0.823101 -0.555273 -0.119068
Y 0.562398 0.767912 0.306628
Z -0.078828 -0.319349 0.944353

PART 61
OFFSET 7.352696 -1.861120 -5.601683
SCALE 1.000000 1.000000 1.000000
X -0.956778 0.126659 0.261788
Y -0.248861 -0.822359 -0.511658
Z 0.150478 -0.554692 0.818336

PART 62
OFFSET 12.364575 8.262076 -11.099952
SCALE 1.000000 1.000000 1.000000
X 0.586302 0.809270 -0.036506
Y -0.791362 0.562529 -0.239391
Z -0.173196 0.169245 0.970237

PART 63
OFFSET 12.728772 7.248875 -12.378707
SCALE 1.000000 1.000000 1.000000
X 0.373683 0.927219 -0.025034
Y -0.888416 0.350027 -0.296981
Z -0.266603 0.133217 0.954555

PART 64
OFFSET 11.382570 7.302647 -14.636782
SCALE 1.000000 1.000000 1.000000
X 0.173999 -0.851140 0.495262
Y -0.967557 -0.241326 -0.074805
Z 0.183189 -0.466179 -0.865517

PART 65
OFFSET 12.166488 7.781555 -13.806895
SCALE 1.000000 1.000000 1.000000
X 0.040757 -0.915772 0.399624
Y -0.994447 -0.076017 -0.072777
Z 0.097026 -0.394439 -0.913785

PART 66
