// Export time: Sun Jun 19 04:37:13 2022

ANIMATION
VERSION 3

NUMPARTS 2
PART 0 "tag_view"
PART 1 "tag_torso"

FRAMERATE 30
NUMFRAMES 9
FRAME 0
PART 0
OFFSET 0.000000 0.000000 0.000000
SCALE 1.000000 1.000000 1.000000
X 1.000000 0.000000 0.000000
Y 0.000000 1.000000 0.000000
Z 0.000000 0.000000 1.000000

PART 1
OFFSET 2.538400 0.000000 -0.642800
SCALE 1.000000 1.000000 1.000000
X 1.000000 0.000000 0.000000
Y 0.000000 1.000000 0.000000
Z 0.000000 0.000000 1.000000

FRAME 1
PART 0
OFFSET 0.000000 0.000000 0.000000
SCALE 1.000000 1.000000 1.000000
X 1.000000 0.000000 0.000000
Y 0.000000 1.000000 0.000000
Z 0.000000 0.000000 1.000000

PART 1
OFFSET 2.538400 0.172950 -0.646143
SCALE 1.000000 1.000000 1.000000
X 0.999996 -0.002808 -0.000885
Y 0.002808 0.999996 -0.000001
Z 0.000885 -0.000001 1.000000

FRAME 2
PART 0
OFFSET 0.000000 0.000000 0.000000
SCALE 1.000000 1.000000 1.000000
X 1.000000 0.000000 0.000000
Y 0.000000 1.000000 0.000000
Z 0.000000 0.000000 1.000000

PART 1
OFFSET 2.538400 0.628910 -0.654957
SCALE 1.000000 1.000000 1.000000
X 0.999983 -0.005615 -0.001770
Y 0.005615 0.999984 -0.000005
Z 0.001770 -0.000005 0.999998

FRAME 3
PART 0
OFFSET 0.000000 0.000000 0.000000
SCALE 1.000000 1.000000 1.000000
X 1.000000 0.000000 0.000000
Y 0.000000 1.000000 0.000000
Z 0.000000 0.000000 1.000000

PART 1
OFFSET 2.538400 1.273542 -0.667418
SCALE 1.000000 1.000000 1.000000
X 0.999924 -0.011719 -0.003723
Y 0.011719 0.999931 0.000009
Z 0.003723 -0.000052 0.999993

FRAME 4
PART 0
OFFSET 0.000000 0.000000 0.000000
SCALE 1.000000 1.000000 1.000000
X 1.000000 0.000000 0.000000
Y 0.000000 1.000000 0.000000
Z 0.000000 0.000000 1.000000

PART 1
OFFSET 2.538400 2.004650 -0.681550
SCALE 1.000000 1.000000 1.000000
X 0.999825 -0.017822 -0.005677
Y 0.017823 0.999841 0.000010
Z 0.005676 -0.000112 0.999984

FRAME 5
PART 0
OFFSET 0.000000 0.000000 0.000000
SCALE 1.000000 1.000000 1.000000
X 1.000000 0.000000 0.000000
Y 0.000000 1.000000 0.000000
Z 0.000000 0.000000 1.000000

PART 1
OFFSET 2.538400 2.735758 -0.695682
SCALE 1.000000 1.000000 1.000000
X 0.999685 -0.023925 -0.007630
Y 0.023925 0.999714 0.000000
Z 0.007628 -0.000183 0.999971

FRAME 6
PART 0
OFFSET 0.000000 0.000000 0.000000
SCALE 1.000000 1.000000 1.000000
X 1.000000 0.000000 0.000000
Y 0.000000 1.000000 0.000000
Z 0.000000 0.000000 1.000000

PART 1
OFFSET 2.538400 3.380390 -0.708143
SCALE 1.000000 1.000000 1.000000
X 0.999503 -0.030026 -0.009583
Y 0.030027 0.999549 -0.000022
Z 0.009580 -0.000266 0.999954

FRAME 7
PART 0
OFFSET 0.000000 0.000000 0.000000
SCALE 1.000000 1.000000 1.000000
X 1.000000 0.000000 0.000000
Y 0.000000 1.000000 0.000000
Z 0.000000 0.000000 1.000000

PART 1
OFFSET 2.538400 3.836350 -0.716957
SCALE 1.000000 1.000000 1.000000
X 0.999407 -0.032802 -0.010499
Y 0.032803 0.999462 -0.000020
Z 0.010494 -0.000325 0.999945

FRAME 8
PART 0
OFFSET 0.000000 0.000000 0.000000
SCALE 1.000000 1.000000 1.000000
X 1.000000 0.000000 0.000000
Y 0.000000 1.000000 0.000000
Z 0.000000 0.000000 1.000000

PART 1
OFFSET 2.538400 4.009300 -0.720300
SCALE 1.000000 1.000000 1.000000
X 0.999302 -0.035578 -0.011415
Y 0.035580 0.999367 -0.000020
Z 0.011409 -0.000386 0.999935

NOTETRACKS

PART 0
NUMTRACKS 0

PART 1
NUMTRACKS 0

