// Export time: Sun Jun 19 04:35:17 2022

ANIMATION
VERSION 3

NUMPARTS 79
PART 0 "tag_cambone"
PART 1 "tag_camera"
PART 2 "tag_gasmask"
PART 3 "tag_torso"
PART 4 "j_shoulder_le"
PART 5 "j_shoulder_ri"
PART 6 "tag_weapon"
PART 7 "j_elbow_le"
PART 8 "j_elbow_ri"
PART 9 "j_gun"
PART 10 "j_sleave_reshape_bottom_le_1"
PART 11 "j_sleave_reshape_bottom_le_2"
PART 12 "j_sleave_reshape_top_le_1"
PART 13 "j_sleave_reshape_top_le_2"
PART 14 "j_sleave_reshape_top_le_3"
PART 15 "j_wrist_le"
PART 16 "j_wristtwist_le"
PART 17 "j_sleave_reshape_top_ri_1"
PART 18 "j_sleave_reshape_top_ri_2"
PART 19 "j_sleave_reshape_top_ri_3"
PART 20 "j_wrist_ri"
PART 21 "j_wristtwist_ri"
PART 22 "j_arrow"
PART 23 "j_clip_release"
PART 24 "j_gear"
PART 25 "tag_battery_1"
PART 26 "tag_battery_2"
PART 27 "tag_brass"
PART 28 "tag_flash"
PART 29 "tag_fx"
PART 30 "tag_knob"
PART 31 "tag_switch"
PART 32 "j_index_le_0"
PART 33 "j_mid_le_0"
PART 34 "j_pinkypalm_le"
PART 35 "j_ringpalm_le"
PART 36 "j_thumb_le_0"
PART 37 "j_webbing_le"
PART 38 "tag_knife_attach"
PART 39 "j_index_ri_0"
PART 40 "j_mid_ri_0"
PART 41 "j_pinkypalm_ri"
PART 42 "j_ringpalm_ri"
PART 43 "j_thumb_ri_0"
PART 44 "j_webbing_ri"
PART 45 "j_index_le_1"
PART 46 "j_mid_le_1"
PART 47 "j_pinky_le_0"
PART 48 "j_ring_le_0"
PART 49 "j_thumb_le_1"
PART 50 "j_index_ri_1"
PART 51 "j_mid_ri_1"
PART 52 "j_pinky_ri_0"
PART 53 "j_ring_ri_0"
PART 54 "j_thumb_ri_1"
PART 55 "j_index_le_2"
PART 56 "j_mid_le_2"
PART 57 "j_pinky_le_1"
PART 58 "j_ring_le_1"
PART 59 "j_thumb_le_2"
PART 60 "j_index_ri_2"
PART 61 "j_mid_ri_2"
PART 62 "j_pinky_ri_1"
PART 63 "j_ring_ri_1"
PART 64 "j_thumb_ri_2"
PART 65 "j_index_le_3"
PART 66 "j_mid_le_3"
PART 67 "j_pinky_le_2"
PART 68 "j_ring_le_2"
PART 69 "j_thumb_le_3"
PART 70 "j_index_ri_3"
PART 71 "j_mid_ri_3"
PART 72 "j_pinky_ri_2"
PART 73 "j_ring_ri_2"
PART 74 "j_thumb_ri_3"
PART 75 "j_pinky_le_3"
PART 76 "j_ring_le_3"
PART 77 "j_pinky_ri_3"
PART 78 "j_ring_ri_3"

FRAMERATE 30
NUMFRAMES 31
FRAME 0
PART 0
OFFSET 0.000000 0.000000 0.000000
SCALE 1.000000 1.000000 1.000000
X 1.000000 0.000000 0.000000
Y 0.000000 1.000000 0.000000
Z 0.000000 0.000000 1.000000

PART 1
OFFSET 0.000000 0.000000 0.000000
SCALE 1.000000 1.000000 1.000000
X 1.000000 0.000000 0.000000
Y 0.000000 1.000000 0.000000
Z 0.000000 0.000000 1.000000

PART 2
OFFSET 1.540424 -0.000011 4.135746
SCALE 1.000000 1.000000 1.000000
X 1.000000 0.000000 0.000000
Y 0.000000 1.000000 0.000000
Z 0.000000 0.000000 1.000000

PART 3
OFFSET -4.631834 0.000000 -1.376955
SCALE 1.000000 1.000000 1.000000
X 1.000000 0.000000 0.000000
Y 0.000000 1.000000 0.000000
Z 0.000000 0.000000 1.000000

PART 4
OFFSET -12.275033 11.746600 -7.354355
SCALE 1.000000 1.000000 1.000000
X 0.527015 0.120835 -0.841222
Y 0.050966 -0.992553 -0.110643
Z -0.848326 0.015437 -0.529249

PART 5
OFFSET -10.515733 -9.236000 -7.430755
SCALE 1.000000 1.000000 1.000000
X -0.738414 0.086510 0.668776
Y -0.089442 -0.995539 0.030022
Z 0.668390 -0.037648 0.742858

PART 6
OFFSET 10.725766 -3.475400 -6.067278
SCALE 1.000000 1.000000 1.000000
X 0.998159 0.034449 0.049920
Y -0.034491 0.999405 -0.000007
Z -0.049890 -0.001715 0.998753

PART 7
OFFSET -5.901308 13.207954 -17.528032
SCALE 1.000000 1.000000 1.000000
X 0.746552 -0.521280 0.413434
Y -0.540001 -0.111738 0.834214
Z -0.388663 -0.846039 -0.364910

PART 8
OFFSET -1.585418 -10.282175 -15.518972
SCALE 1.000000 1.000000 1.000000
X -0.578364 -0.479128 -0.660251
Y 0.771962 -0.059761 -0.632854
Z 0.263761 -0.875708 0.404432

PART 9
OFFSET 10.725766 -3.475400 -6.067278
SCALE 1.000000 1.000000 1.000000
X 0.998159 0.034449 0.049920
Y -0.034491 0.999405 -0.000007
Z -0.049890 -0.001715 0.998753

PART 10
OFFSET 2.481964 9.277391 -13.670547
SCALE 1.000000 1.000000 1.000000
X 0.750820 -0.518300 0.409432
Y 0.394306 0.849020 0.351693
Z -0.529898 -0.102616 0.841830

PART 11
OFFSET 1.573937 7.605279 -15.065289
SCALE 1.000000 1.000000 1.000000
X 0.750820 -0.518300 0.409432
Y 0.394306 0.849020 0.351693
Z -0.529898 -0.102616 0.841830

PART 12
OFFSET 1.581825 8.552352 -11.694032
SCALE 1.000000 1.000000 1.000000
X 0.750820 -0.518300 0.409432
Y 0.394306 0.849020 0.351693
Z -0.529898 -0.102616 0.841830

PART 13
OFFSET 0.832863 7.247102 -12.227731
SCALE 1.000000 1.000000 1.000000
X 0.750820 -0.518300 0.409432
Y 0.394306 0.849020 0.351693
Z -0.529898 -0.102616 0.841830

PART 14
OFFSET 0.461244 6.697437 -13.176524
SCALE 1.000000 1.000000 1.000000
X 0.750820 -0.518300 0.409432
Y 0.394306 0.849020 0.351693
Z -0.529898 -0.102616 0.841830

PART 15
OFFSET 2.737104 7.176216 -12.744069
SCALE 1.000000 1.000000 1.000000
X 0.931875 -0.318196 0.174246
Y -0.348782 -0.653671 0.671614
Z -0.099805 -0.686634 -0.720120

PART 16
OFFSET 0.448426 8.774263 -14.011514
SCALE 1.000000 1.000000 1.000000
X 0.746552 -0.521280 0.413434
Y -0.660985 -0.510223 0.550246
Z -0.075889 -0.684061 -0.725466

PART 17
OFFSET 3.537936 -5.831109 -7.446172
SCALE 1.000000 1.000000 1.000000
X -0.583730 -0.476119 -0.657701
Y -0.273585 0.877996 -0.392778
Z 0.764467 -0.049339 -0.642772

PART 18
OFFSET 2.984146 -4.822118 -7.842176
SCALE 1.000000 1.000000 1.000000
X -0.583730 -0.476119 -0.657701
Y -0.273585 0.877996 -0.392778
Z 0.764467 -0.049339 -0.642772

PART 19
OFFSET 3.313033 -4.484487 -8.956122
SCALE 1.000000 1.000000 1.000000
X -0.583730 -0.476119 -0.657701
Y -0.273585 0.877996 -0.392778
Z 0.764467 -0.049339 -0.642772

PART 20
OFFSET 5.106889 -4.737971 -7.879120
SCALE 1.000000 1.000000 1.000000
X -0.971030 -0.020568 -0.238069
Y 0.236596 0.056896 -0.969941
Z 0.033495 -0.998168 -0.050382

PART 21
OFFSET 3.333761 -6.206881 -9.903288
SCALE 1.000000 1.000000 1.000000
X -0.578318 -0.479130 -0.660290
Y 0.750737 0.004205 -0.660588
Z 0.319284 -0.877734 0.357269

PART 22
OFFSET 7.233001 -3.448477 -3.618273
SCALE 1.000000 1.000000 1.000000
X 0.996934 0.034406 0.070270
Y -0.034491 0.999405 -0.000007
Z -0.070228 -0.002417 0.997528

PART 23
OFFSET 14.782245 -3.717201 -4.294807
SCALE 1.000000 1.000000 1.000000
X 0.998159 0.034449 0.049920
Y -0.034491 0.999405 -0.000007
Z -0.049890 -0.001715 0.998753

PART 24
OFFSET 6.696913 -3.595482 -3.303406
SCALE 1.000000 1.000000 1.000000
X 0.996935 0.034405 0.070270
Y -0.034499 0.999405 0.000115
Z -0.070224 -0.002539 0.997528

PART 25
OFFSET 13.682177 -3.321484 -3.269428
SCALE 1.000000 1.000000 1.000000
X 0.998159 0.034449 0.049920
Y -0.034491 0.999405 -0.000007
Z -0.049890 -0.001715 0.998753

PART 26
OFFSET 11.462555 -3.004866 -3.396253
SCALE 1.000000 1.000000 1.000000
X 0.998159 0.034449 0.049920
Y -0.034491 0.999405 -0.000007
Z -0.049890 -0.001715 0.998753

PART 27
OFFSET 12.035631 -3.772093 -2.231189
SCALE 1.000000 1.000000 1.000000
X -0.008036 -0.760769 0.648973
Y 0.998244 0.031990 0.049862
Z -0.058694 0.648234 0.759175

PART 28
OFFSET 21.969409 -3.087340 -2.880808
SCALE 1.000000 1.000000 1.000000
X 0.998159 0.034449 0.049920
Y -0.034491 0.999405 -0.000007
Z -0.049890 -0.001715 0.998753

PART 29
OFFSET 5.405052 -3.698535 -3.684136
SCALE 1.000000 1.000000 1.000000
X -0.997621 -0.034430 -0.059732
Y 0.034495 -0.999405 -0.000054
Z -0.059695 -0.002114 0.998214

PART 30
OFFSET 10.375961 -1.830961 -2.962281
SCALE 1.000000 1.000000 1.000000
X -0.363966 -0.012483 0.931329
Y -0.034558 0.999403 -0.000109
Z -0.930771 -0.032224 -0.364180

PART 31
OFFSET 9.479896 -2.754931 -3.065824
SCALE 1.000000 1.000000 1.000000
X 0.998159 0.034449 0.049920
Y -0.034491 0.999405 -0.000007
Z -0.049890 -0.001715 0.998753

PART 32
OFFSET 6.142230 5.698521 -11.290947
SCALE 1.000000 1.000000 1.000000
X 0.316382 -0.758666 -0.569498
Y -0.865703 0.014570 -0.500346
Z 0.387894 0.651316 -0.652170

PART 33
OFFSET 6.403304 6.318435 -12.167313
SCALE 1.000000 1.000000 1.000000
X 0.201443 -0.741429 -0.640081
Y -0.943674 0.028216 -0.329671
Z 0.262489 0.670438 -0.693983

PART 34
OFFSET 3.878935 7.468115 -13.461333
SCALE 1.000000 1.000000 1.000000
X 0.958903 0.082702 -0.271413
Y -0.155582 -0.646681 -0.746725
Z -0.237273 0.758264 -0.607238

PART 35
OFFSET 3.866024 7.059585 -12.876099
SCALE 1.000000 1.000000 1.000000
X 0.993336 -0.106217 -0.044739
Y -0.103450 -0.650545 -0.752389
Z 0.050811 0.752003 -0.657198

PART 36
OFFSET 2.778718 6.120336 -12.313267
SCALE 1.000000 1.000000 1.000000
X 0.457381 -0.820221 0.343569
Y -0.613391 -0.011262 0.789699
Z -0.643859 -0.571936 -0.508267

PART 37
OFFSET 5.002489 4.789400 -11.526473
SCALE 1.000000 1.000000 1.000000
X 0.916498 -0.363923 -0.166108
Y 0.352536 0.538489 0.765342
Z -0.189078 -0.759993 0.621820

PART 38
OFFSET 5.299434 5.619439 -13.731017
SCALE 1.000000 1.000000 1.000000
X -0.004757 0.723922 -0.689865
Y 0.099778 0.686774 0.719990
Z 0.994998 -0.065408 -0.075498

PART 39
OFFSET 8.724477 -5.071750 -6.238655
SCALE 1.000000 1.000000 1.000000
X -0.794412 -0.558096 -0.239663
Y 0.534535 -0.829776 0.160448
Z -0.288412 -0.000646 0.957506

PART 40
OFFSET 8.871610 -4.833122 -7.307256
SCALE 1.000000 1.000000 1.000000
X -0.445962 -0.855669 -0.262581
Y 0.871513 -0.481965 0.090415
Z -0.203920 -0.188521 0.960665

PART 41
OFFSET 6.175125 -4.457939 -8.706071
SCALE 1.000000 1.000000 1.000000
X -0.929789 -0.092236 0.356349
Y 0.094917 -0.995435 -0.009994
Z 0.355644 0.024531 0.934299

PART 42
OFFSET 6.236137 -4.630597 -8.016138
SCALE 1.000000 1.000000 1.000000
X -0.996538 -0.043089 0.071105
Y 0.043001 -0.999071 -0.002770
Z 0.071159 0.000297 0.997465

PART 43
OFFSET 5.301614 -4.373787 -6.815367
SCALE 1.000000 1.000000 1.000000
X -0.325127 -0.840915 -0.432614
Y 0.905666 -0.145232 -0.398343
Z 0.272143 -0.521316 0.808806

PART 44
OFFSET 0.883437 -5.406706 -8.076788
SCALE 1.000000 1.000000 1.000000
X -0.950077 -0.307912 -0.050446
Y -0.304938 0.950550 -0.058885
Z 0.066082 -0.040563 -0.996989

PART 45
OFFSET 6.699268 4.362755 -12.293648
SCALE 1.000000 1.000000 1.000000
X -0.449657 -0.390377 -0.803377
Y -0.768260 0.627829 0.124927
Z 0.455615 0.673377 -0.582219

PART 46
OFFSET 6.796839 4.870023 -13.417745
SCALE 1.000000 1.000000 1.000000
X -0.923035 -0.052916 -0.381058
Y -0.303857 0.707782 0.637742
Z 0.235959 0.704446 -0.669387

PART 47
OFFSET 6.048900 7.464192 -14.074298
SCALE 1.000000 1.000000 1.000000
X -0.160319 -0.742795 -0.650041
Y -0.983685 0.065773 0.167447
Z -0.081623 0.666280 -0.741221

PART 48
OFFSET 6.453948 6.909942 -13.073215
SCALE 1.000000 1.000000 1.000000
X -0.006983 -0.722908 -0.690909
Y -0.999795 -0.008090 0.018570
Z -0.019014 0.690896 -0.722704

PART 49
OFFSET 3.668627 4.317381 -11.521308
SCALE 1.000000 1.000000 1.000000
X 0.941596 -0.090734 -0.324292
Y 0.132089 -0.786322 0.603531
Z -0.309759 -0.611118 -0.728413

PART 50
OFFSET 10.123172 -4.089107 -5.816692
SCALE 1.000000 1.000000 1.000000
X -0.021995 -0.998878 0.041930
Y 0.949424 -0.007730 0.313900
Z -0.313224 0.046713 0.948530

PART 51
OFFSET 9.742840 -3.161548 -6.794225
SCALE 1.000000 1.000000 1.000000
X 0.709244 -0.704931 0.006716
Y 0.683842 0.690278 0.236381
Z -0.171268 -0.163059 0.971637

PART 52
OFFSET 8.304368 -4.125031 -9.369383
SCALE 1.000000 1.000000 1.000000
X -0.639611 -0.698676 -0.320545
Y 0.768176 -0.565573 -0.300055
Z 0.028350 -0.438153 0.898453

PART 53
OFFSET 8.812893 -4.540827 -8.348900
SCALE 1.000000 1.000000 1.000000
X -0.309805 -0.901436 -0.302380
Y 0.948717 -0.314119 -0.035580
Z -0.062910 -0.297895 0.952523

PART 54
OFFSET 5.897655 -2.515684 -5.887088
SCALE 1.000000 1.000000 1.000000
X -0.889907 -0.379974 -0.252360
Y 0.456097 -0.733455 -0.504004
Z 0.006413 -0.563617 0.826011

PART 55
OFFSET 6.124958 3.847279 -13.234933
SCALE 1.000000 1.000000 1.000000
X -0.923254 0.239945 -0.300049
Y -0.029293 0.734751 0.677704
Z 0.383073 0.634482 -0.671333

PART 56
OFFSET 5.448578 4.792754 -13.974353
SCALE 1.000000 1.000000 1.000000
X -0.248660 0.675777 0.693897
Y 0.936730 -0.014452 0.349755
Z 0.246385 0.736964 -0.629427

PART 57
OFFSET 5.821923 6.412542 -14.994623
SCALE 1.000000 1.000000 1.000000
X -0.975789 0.122588 0.181131
Y 0.208662 0.769978 0.602988
Z -0.065548 0.626184 -0.776915

PART 58
OFFSET 6.442056 5.679215 -14.249519
SCALE 1.000000 1.000000 1.000000
X -0.999538 0.013842 0.027046
Y 0.028401 0.741885 0.669926
Z -0.010792 0.670385 -0.741935

PART 59
OFFSET 5.146117 4.149380 -12.162371
SCALE 1.000000 1.000000 1.000000
X 0.830681 -0.259967 -0.492327
Y 0.179302 -0.712260 0.678628
Z -0.527086 -0.651999 -0.545049

PART 60
OFFSET 10.130891 -2.871917 -5.810062
SCALE 1.000000 1.000000 1.000000
X 0.940640 -0.183186 0.285725
Y 0.168353 0.982803 0.075864
Z -0.294709 -0.023258 0.955304

PART 61
OFFSET 8.706940 -2.131887 -6.804062
SCALE 1.000000 1.000000 1.000000
X 0.965376 0.195448 0.172772
Y -0.210601 0.974764 0.074045
Z -0.153939 -0.107867 0.982175

PART 62
OFFSET 9.209925 -3.135867 -8.915517
SCALE 1.000000 1.000000 1.000000
X 0.662554 -0.672218 -0.330372
Y 0.748675 0.581091 0.319091
Z -0.022522 -0.458756 0.888277

PART 63
OFFSET 9.340336 -3.006134 -7.834092
SCALE 1.000000 1.000000 1.000000
X 0.822548 -0.556114 -0.118966
Y 0.563162 0.767406 0.306491
Z -0.079148 -0.319100 0.944410

PART 64
OFFSET 7.360787 -1.882914 -5.602260
SCALE 1.000000 1.000000 1.000000
X -0.956652 0.127659 0.261763
Y -0.249679 -0.822203 -0.511510
Z 0.149924 -0.554694 0.818436

PART 65
OFFSET 5.082109 4.118262 -13.573838
SCALE 1.000000 1.000000 1.000000
X 0.434780 -0.562938 -0.702899
Y 0.812306 -0.091786 0.575963
Z -0.388748 -0.821387 0.417371

PART 66
OFFSET 5.168043 5.563373 -13.193168
SCALE 1.000000 1.000000 1.000000
X -0.423442 -0.555990 -0.715242
Y 0.892829 -0.389872 -0.225513
Z -0.153470 -0.734081 0.661492

PART 67
OFFSET 4.956734 6.521231 -14.834055
SCALE 1.000000 1.000000 1.000000
X -0.033066 0.735812 0.676379
Y 0.998540 0.053249 -0.009112
Z -0.042721 0.675090 -0.736498

PART 68
OFFSET 5.056774 5.698423 -14.212033
SCALE 1.000000 1.000000 1.000000
X 0.201734 0.726724 0.656639
Y 0.979430 -0.146649 -0.138601
Z -0.004430 0.671093 -0.741360

PART 69
OFFSET 6.023368 3.826308 -12.708179
SCALE 1.000000 1.000000 1.000000
X 0.988705 0.080207 0.126604
Y -0.133060 0.858509 0.495234
Z -0.068969 -0.506487 0.859485

PART 70
OFFSET 9.068429 -2.665032 -6.132771
SCALE 1.000000 1.000000 1.000000
X -0.540985 -0.834195 0.107022
Y -0.798969 0.470011 -0.375150
Z 0.262646 -0.288458 -0.920765

PART 71
OFFSET 7.614516 -2.351825 -7.006592
SCALE 1.000000 1.000000 1.000000
X -0.595885 -0.765413 -0.243031
Y -0.791786 0.610516 0.018584
Z 0.134150 0.203503 -0.969840

PART 72
OFFSET 8.622445 -2.539877 -8.622608
SCALE 1.000000 1.000000 1.000000
X 0.958583 0.267181 0.098656
Y -0.284010 0.870705 0.401511
Z 0.021376 -0.412901 0.910525

PART 73
OFFSET 8.200355 -2.235393 -7.669222
SCALE 1.000000 1.000000 1.000000
X 0.815186 0.523500 0.247830
Y -0.573008 0.791313 0.213276
Z -0.084461 -0.315868 0.945036

PART 74
OFFSET 8.392686 -1.981593 -5.914077
SCALE 1.000000 1.000000 1.000000
X -0.853959 0.281042 -0.437915
Y 0.513220 0.593670 -0.619807
Z 0.085785 -0.754037 -0.651206

PART 75
OFFSET 4.925337 7.220288 -14.191460
SCALE 1.000000 1.000000 1.000000
X -0.595558 -0.693623 -0.405214
Y 0.769587 -0.348021 -0.535367
Z 0.230320 -0.630689 0.741070

PART 76
OFFSET 5.275543 6.486568 -13.499902
SCALE 1.000000 1.000000 1.000000
X -0.724968 -0.479275 -0.494688
Y 0.686121 -0.565576 -0.457561
Z -0.060487 -0.671133 0.738865

PART 77
OFFSET 7.711741 -2.793696 -8.716335
SCALE 1.000000 1.000000 1.000000
X -0.557991 -0.691307 -0.459066
Y -0.828550 0.433185 0.354762
Z -0.046389 0.578313 -0.814495

PART 78
OFFSET 7.316259 -2.803133 -7.937959
SCALE 1.000000 1.000000 1.000000
X -0.344665 -0.896944 -0.276943
Y -0.932612 0.360796 -0.007854
Z 0.106965 0.255573 -0.960854

FRAME 1
PART 0
OFFSET 0.000000 0.000000 0.000000
SCALE 1.000000 1.000000 1.000000
X 1.000000 0.000000 0.000000
Y 0.000000 1.000000 0.000000
Z 0.000000 0.000000 1.000000

PART 1
OFFSET 0.000000 0.000000 0.000000
SCALE 1.000000 1.000000 1.000000
X 1.000000 -0.000409 -0.000043
Y 0.000409 1.000000 -0.000330
Z 0.000043 0.000330 1.000000

PART 2
OFFSET 1.540601 0.000722 4.135680
SCALE 1.000000 1.000000 1.000000
X 1.000000 -0.000409 -0.000043
Y 0.000409 1.000000 -0.000330
Z 0.000043 0.000330 1.000000

PART 3
OFFSET -4.631834 0.000000 -1.376955
SCALE 1.000000 1.000000 1.000000
X 1.000000 0.000000 0.000000
Y 0.000000 1.000000 0.000000
Z 0.000000 0.000000 1.000000

PART 4
OFFSET -12.278917 11.740597 -7.392528
SCALE 1.000000 1.000000 1.000000
X 0.528074 0.115232 -0.841344
Y 0.053979 -0.993302 -0.102164
Z -0.847481 0.008536 -0.530757

PART 5
OFFSET -10.515733 -9.236000 -7.430755
SCALE 1.000000 1.000000 1.000000
X -0.732542 0.085708 0.675305
Y -0.098800 -0.994924 0.019099
Z 0.673514 -0.052729 0.737291

PART 6
OFFSET 10.633682 -3.706631 -5.941374
SCALE 1.000000 1.000000 1.000000
X 0.997556 0.015272 0.068185
Y -0.014617 0.999842 -0.010087
Z -0.068329 0.009066 0.997622

PART 7
OFFSET -5.892391 13.134195 -17.567684
SCALE 1.000000 1.000000 1.000000
X 0.749587 -0.515181 0.415581
Y -0.537964 -0.108382 0.835972
Z -0.385635 -0.850201 -0.358390

PART 8
OFFSET -1.656440 -10.272482 -15.597939
SCALE 1.000000 1.000000 1.000000
X -0.577287 -0.466589 -0.670100
Y 0.774626 -0.053385 -0.630163
Z 0.258254 -0.882862 0.392250

PART 9
OFFSET 10.633682 -3.706631 -5.941374
SCALE 1.000000 1.000000 1.000000
X 0.997556 0.015272 0.068185
Y -0.014617 0.999842 -0.010087
Z -0.068329 0.009066 0.997622

PART 10
OFFSET 2.515102 9.266681 -13.699202
SCALE 1.000000 1.000000 1.000000
X 0.753833 -0.512213 0.411550
Y 0.391244 0.853114 0.345144
Z -0.527887 -0.099164 0.843506

PART 11
OFFSET 1.611814 7.581127 -15.080778
SCALE 1.000000 1.000000 1.000000
X 0.753833 -0.512213 0.411550
Y 0.391244 0.853114 0.345144
Z -0.527887 -0.099164 0.843506

PART 12
OFFSET 1.621800 8.551263 -11.716091
SCALE 1.000000 1.000000 1.000000
X 0.753833 -0.512213 0.411550
Y 0.391244 0.853114 0.345144
Z -0.527887 -0.099164 0.843506

PART 13
OFFSET 0.877564 7.239142 -12.239451
SCALE 1.000000 1.000000 1.000000
X 0.753833 -0.512213 0.411550
Y 0.391244 0.853114 0.345144
Z -0.527887 -0.099164 0.843506

PART 14
OFFSET 0.506595 6.681386 -13.183767
SCALE 1.000000 1.000000 1.000000
X 0.753833 -0.512213 0.411550
Y 0.391244 0.853114 0.345144
Z -0.527887 -0.099164 0.843506

PART 15
OFFSET 2.781137 7.173025 -12.758872
SCALE 1.000000 1.000000 1.000000
X 0.936332 -0.302816 0.177718
Y -0.338994 -0.647816 0.682215
Z -0.091457 -0.699026 -0.709224

PART 16
OFFSET 0.483156 8.752376 -14.032900
SCALE 1.000000 1.000000 1.000000
X 0.749587 -0.515181 0.415581
Y -0.657633 -0.508431 0.555894
Z -0.075092 -0.689990 -0.719913

PART 17
OFFSET 3.439050 -5.949328 -7.439024
SCALE 1.000000 1.000000 1.000000
X -0.582654 -0.463596 -0.667528
Y -0.268123 0.885013 -0.380607
Z 0.767219 -0.042783 -0.639957

PART 18
OFFSET 2.892606 -4.952334 -7.809302
SCALE 1.000000 1.000000 1.000000
X -0.582654 -0.463596 -0.667528
Y -0.268123 0.885013 -0.380607
Z 0.767219 -0.042783 -0.639957

PART 19
OFFSET 3.233589 -4.606770 -8.916023
SCALE 1.000000 1.000000 1.000000
X -0.582654 -0.463596 -0.667528
Y -0.268123 0.885013 -0.380607
Z 0.767219 -0.042783 -0.639957

PART 20
OFFSET 5.023401 -4.873371 -7.844111
SCALE 1.000000 1.000000 1.000000
X -0.966684 -0.003959 -0.255942
Y 0.255546 0.042747 -0.965851
Z 0.014765 -0.999078 -0.040311

PART 21
OFFSET 3.253575 -6.303838 -9.898477
SCALE 1.000000 1.000000 1.000000
X -0.577334 -0.466587 -0.670061
Y 0.763260 -0.016894 -0.645871
Z 0.290035 -0.884314 0.365880

PART 22
OFFSET 7.097562 -3.586901 -3.558249
SCALE 1.000000 1.000000 1.000000
X 0.995956 0.015453 0.088506
Y -0.014617 0.999842 -0.010087
Z -0.088648 0.008753 0.996025

PART 23
OFFSET 14.651170 -4.010874 -4.091410
SCALE 1.000000 1.000000 1.000000
X 0.997556 0.015272 0.068185
Y -0.014617 0.999842 -0.010087
Z -0.068329 0.009066 0.997622

PART 24
OFFSET 6.552943 -3.720223 -3.252053
SCALE 1.000000 1.000000 1.000000
X 0.995956 0.015452 0.088508
Y -0.014627 0.999843 -0.009966
Z -0.088648 0.008631 0.996026

PART 25
OFFSET 13.540456 -3.583529 -3.090492
SCALE 1.000000 1.000000 1.000000
X 0.997556 0.015272 0.068185
Y -0.014617 0.999842 -0.010087
Z -0.068329 0.009066 0.997622

PART 26
OFFSET 11.330282 -3.224518 -3.261644
SCALE 1.000000 1.000000 1.000000
X 0.997556 0.015272 0.068185
Y -0.014617 0.999842 -0.010087
Z -0.068329 0.009066 0.997622

PART 27
OFFSET 11.866410 -3.991416 -2.078910
SCALE 1.000000 1.000000 1.000000
X -0.035125 -0.754060 0.655866
Y 0.997593 0.012809 0.068153
Z -0.059793 0.656681 0.751794

PART 28
OFFSET 21.822126 -3.508841 -2.549727
SCALE 1.000000 1.000000 1.000000
X 0.997556 0.015272 0.068185
Y -0.014617 0.999842 -0.010087
Z -0.068329 0.009066 0.997622

PART 29
OFFSET 5.266531 -3.801543 -3.655802
SCALE 1.000000 1.000000 1.000000
X -0.996836 -0.015360 -0.077987
Y 0.014622 -0.999843 0.010029
Z -0.078129 0.008857 0.996904

PART 30
OFFSET 10.259411 -2.025239 -2.859103
SCALE 1.000000 1.000000 1.000000
X -0.381259 0.003822 0.924460
Y -0.014677 0.999840 -0.010187
Z -0.924352 -0.017452 -0.381142

PART 31
OFFSET 9.347224 -2.932355 -2.970597
SCALE 1.000000 1.000000 1.000000
X 0.997556 0.015272 0.068185
Y -0.014617 0.999842 -0.010087
Z -0.068329 0.009066 0.997622

PART 32
OFFSET 6.207914 5.764277 -11.288272
SCALE 1.000000 1.000000 1.000000
X 0.327757 -0.763313 -0.556712
Y -0.865496 -0.006326 -0.500876
Z 0.378804 0.645998 -0.662718

PART 33
OFFSET 6.459391 6.373975 -12.174555
SCALE 1.000000 1.000000 1.000000
X 0.212339 -0.748477 -0.628247
Y -0.943886 0.009332 -0.330139
Z 0.252965 0.663095 -0.704496

PART 34
OFFSET 3.917947 7.469163 -13.482347
SCALE 1.000000 1.000000 1.000000
X 0.957330 0.091440 -0.274149
Y -0.147805 -0.660252 -0.736357
Z -0.248339 0.745457 -0.618564

PART 35
OFFSET 3.911356 7.069637 -12.890825
SCALE 1.000000 1.000000 1.000000
X 0.994623 -0.093454 -0.044625
Y -0.095634 -0.663498 -0.742041
Z 0.039738 0.742319 -0.668867

PART 36
OFFSET 2.837629 6.124625 -12.311803
SCALE 1.000000 1.000000 1.000000
X 0.468566 -0.807722 0.357814
Y -0.613403 -0.005989 0.789747
Z -0.635754 -0.589533 -0.498265

PART 37
OFFSET 5.080280 4.836274 -11.507898
SCALE 1.000000 1.000000 1.000000
X 0.921121 -0.354027 -0.161867
Y 0.346234 0.555031 0.756348
Z -0.177926 -0.752732 0.633827

PART 38
OFFSET 5.363000 5.635903 -13.725513
SCALE 1.000000 1.000000 1.000000
X -0.015498 0.712990 -0.701003
Y 0.091427 0.699161 0.709095
Z 0.995691 -0.053101 -0.076022

PART 39
OFFSET 8.602798 -5.261531 -6.133346
SCALE 1.000000 1.000000 1.000000
X -0.800681 -0.544818 -0.249163
Y 0.515041 -0.838431 0.178231
Z -0.306010 0.014378 0.951920

PART 40
OFFSET 8.774314 -5.036319 -7.201223
SCALE 1.000000 1.000000 1.000000
X -0.457792 -0.849344 -0.262758
Y 0.860037 -0.497963 0.111217
Z -0.225305 -0.175067 0.958431

PART 41
OFFSET 6.112035 -4.622360 -8.653595
SCALE 1.000000 1.000000 1.000000
X -0.937849 -0.070578 0.339791
Y 0.075471 -0.997147 0.001190
Z 0.338738 0.026760 0.940500

PART 42
OFFSET 6.156881 -4.789394 -7.961043
SCALE 1.000000 1.000000 1.000000
X -0.998336 -0.022942 0.052900
Y 0.023369 -0.999699 0.007474
Z 0.052713 0.008697 0.998572

PART 43
OFFSET 5.205575 -4.502630 -6.780400
SCALE 1.000000 1.000000 1.000000
X -0.333569 -0.838619 -0.430640
Y 0.909835 -0.166771 -0.379983
Z 0.246843 -0.518562 0.818635

PART 44
OFFSET 0.791975 -5.461505 -8.114226
SCALE 1.000000 1.000000 1.000000
X -0.954860 -0.289801 -0.065253
Y -0.285028 0.955693 -0.073548
Z 0.083676 -0.051629 -0.995155

PART 45
OFFSET 6.784979 4.420330 -12.268462
SCALE 1.000000 1.000000 1.000000
X -0.441460 -0.411687 -0.797262
Y -0.778554 0.617455 0.112263
Z 0.446056 0.670271 -0.593102

PART 46
OFFSET 6.874213 4.911794 -13.401869
SCALE 1.000000 1.000000 1.000000
X -0.921904 -0.072654 -0.380544
Y -0.314714 0.713283 0.626244
Z 0.225936 0.697100 -0.680444

PART 47
OFFSET 6.086944 7.485072 -14.098538
SCALE 1.000000 1.000000 1.000000
X -0.150644 -0.754302 -0.639011
Y -0.984384 0.054906 0.167251
Z -0.091072 0.654228 -0.750794

PART 48
OFFSET 6.500804 6.951967 -13.089605
SCALE 1.000000 1.000000 1.000000
X 0.002688 -0.733225 -0.679980
Y -0.999579 -0.021624 0.019365
Z -0.028903 0.679642 -0.732975

PART 49
OFFSET 3.752124 4.348189 -11.488542
SCALE 1.000000 1.000000 1.000000
X 0.942849 -0.083333 -0.322633
Y 0.142781 -0.773805 0.617122
Z -0.301082 -0.627918 -0.717683

PART 50
OFFSET 10.012532 -4.302265 -5.694656
SCALE 1.000000 1.000000 1.000000
X -0.042427 -0.997800 0.050947
Y 0.943127 -0.023169 0.331624
Z -0.329714 0.062119 0.942035

PART 51
OFFSET 9.668653 -3.377102 -6.687846
SCALE 1.000000 1.000000 1.000000
X 0.694982 -0.718534 0.026617
Y 0.692817 0.679093 0.242566
Z -0.192367 -0.150139 0.969770

PART 52
OFFSET 8.259308 -4.337579 -9.280174
SCALE 1.000000 1.000000 1.000000
X -0.647209 -0.689182 -0.325805
Y 0.762306 -0.583367 -0.280308
Z 0.003119 -0.429781 0.902928

PART 53
OFFSET 8.740613 -4.753176 -8.246494
SCALE 1.000000 1.000000 1.000000
X -0.321849 -0.898146 -0.299577
Y 0.942845 -0.332897 -0.014899
Z -0.086347 -0.287250 0.953956

PART 54
OFFSET 5.820824 -2.647485 -5.858762
SCALE 1.000000 1.000000 1.000000
X -0.892400 -0.365003 -0.265321
Y 0.450804 -0.747122 -0.488451
Z -0.019941 -0.555501 0.831276

PART 55
OFFSET 6.221214 3.879136 -13.201652
SCALE 1.000000 1.000000 1.000000
X -0.926131 0.216796 -0.308676
Y -0.046266 0.746862 0.663367
Z 0.374354 0.628646 -0.681662

PART 56
OFFSET 5.527604 4.805695 -13.957725
SCALE 1.000000 1.000000 1.000000
X -0.259139 0.682998 0.682906
Y 0.936601 0.005044 0.350363
Z 0.235852 0.730403 -0.641004

PART 57
OFFSET 5.873665 6.417131 -15.003247
SCALE 1.000000 1.000000 1.000000
X -0.976990 0.113035 0.180869
Y 0.199860 0.781299 0.591294
Z -0.074476 0.613836 -0.785912

PART 58
OFFSET 6.505377 5.703674 -14.247304
SCALE 1.000000 1.000000 1.000000
X -0.999630 0.000098 0.027214
Y 0.018007 0.752176 0.658716
Z -0.020405 0.658962 -0.751900

PART 59
OFFSET 5.231971 4.189508 -12.126537
SCALE 1.000000 1.000000 1.000000
X 0.835071 -0.259731 -0.484970
Y 0.185650 -0.696782 0.692841
Z -0.517871 -0.668606 -0.533644

PART 60
OFFSET 10.044088 -3.085451 -5.699383
SCALE 1.000000 1.000000 1.000000
X 0.931412 -0.198689 0.304950
Y 0.186238 0.980029 0.069706
Z -0.312710 -0.008131 0.949814

PART 61
OFFSET 8.653585 -2.327574 -6.726750
SCALE 1.000000 1.000000 1.000000
X 0.965680 0.178261 0.188902
Y -0.192697 0.979368 0.060881
Z -0.174152 -0.095193 0.980107

PART 62
OFFSET 9.175621 -3.361857 -8.818860
SCALE 1.000000 1.000000 1.000000
X 0.655184 -0.688223 -0.311581
Y 0.753946 0.569480 0.327504
Z -0.047956 -0.449490 0.891997

PART 63
OFFSET 9.288560 -3.224085 -7.736457
SCALE 1.000000 1.000000 1.000000
X 0.813501 -0.573189 -0.098335
Y 0.572397 0.759249 0.309680
Z -0.102844 -0.308212 0.945742

PART 64
OFFSET 7.290616 -2.040607 -5.552673
SCALE 1.000000 1.000000 1.000000
X -0.958626 0.148855 0.242649
Y -0.256322 -0.822158 -0.508287
Z 0.123835 -0.549453 0.826297

PART 65
OFFSET 5.175116 4.123973 -13.550301
SCALE 1.000000 1.000000 1.000000
X 0.448585 -0.567973 -0.690056
Y 0.811114 -0.065517 0.581207
Z -0.375321 -0.820435 0.431301

PART 66
OFFSET 5.235126 5.584432 -13.189071
SCALE 1.000000 1.000000 1.000000
X -0.414638 -0.573518 -0.706507
Y 0.898677 -0.380100 -0.218867
Z -0.143020 -0.725673 0.673011

PART 67
OFFSET 5.007411 6.517348 -14.842911
SCALE 1.000000 1.000000 1.000000
X -0.042920 0.745091 0.665580
Y 0.997713 0.066778 -0.010418
Z -0.052208 0.663611 -0.746254

PART 68
OFFSET 5.119968 5.703835 -14.209585
SCALE 1.000000 1.000000 1.000000
X 0.192454 0.739149 0.645462
Y 0.981205 -0.135526 -0.137364
Z -0.014055 0.659767 -0.751339

PART 69
OFFSET 6.114499 3.866195 -12.663626
SCALE 1.000000 1.000000 1.000000
X 0.987335 0.094235 0.127632
Y -0.144488 0.866357 0.478068
Z -0.065524 -0.490455 0.869000

PART 70
OFFSET 8.992048 -2.861055 -6.043807
SCALE 1.000000 1.000000 1.000000
X -0.559190 -0.822390 0.104792
Y -0.782496 0.481807 -0.394413
Z 0.273871 -0.302551 -0.912939

PART 71
OFFSET 7.560970 -2.528132 -6.947544
SCALE 1.000000 1.000000 1.000000
X -0.606256 -0.755996 -0.246826
Y -0.779821 0.626000 -0.001957
Z 0.155993 0.191294 -0.969058

PART 72
OFFSET 8.594676 -2.751676 -8.542612
SCALE 1.000000 1.000000 1.000000
X 0.961670 0.249388 0.113998
Y -0.274185 0.879978 0.387894
Z -0.003580 -0.404283 0.914627

PART 73
OFFSET 8.161118 -2.429679 -7.600180
SCALE 1.000000 1.000000 1.000000
X 0.820615 0.509907 0.258042
Y -0.561164 0.804392 0.195063
Z -0.108103 -0.304875 0.946237

PART 74
OFFSET 8.325956 -2.162448 -5.844234
SCALE 1.000000 1.000000 1.000000
X -0.840026 0.293337 -0.456410
Y 0.536170 0.577434 -0.615704
Z 0.082938 -0.761921 -0.642338

PART 75
OFFSET 4.966653 7.225222 -14.210574
SCALE 1.000000 1.000000 1.000000
X -0.586129 -0.707570 -0.394712
Y 0.774108 -0.345241 -0.530628
Z 0.239185 -0.616566 0.750091

PART 76
OFFSET 5.328673 6.505455 -13.509577
SCALE 1.000000 1.000000 1.000000
X -0.718847 -0.496294 -0.486777
Y 0.693303 -0.563087 -0.449738
Z -0.050895 -0.660776 0.748855

PART 77
OFFSET 7.681039 -2.988591 -8.650915
SCALE 1.000000 1.000000 1.000000
X -0.562913 -0.684771 -0.462835
Y -0.826275 0.452723 0.335129
Z -0.019951 0.571078 -0.820653

PART 78
OFFSET 7.271134 -2.982676 -7.879993
SCALE 1.000000 1.000000 1.000000
X -0.357078 -0.892713 -0.274881
Y -0.925022 0.378831 -0.028676
Z 0.129733 0.244032 -0.961050

FRAME 2
PART 0
OFFSET 0.000000 0.000000 0.000000
SCALE 1.000000 1.000000 1.000000
X 1.000000 0.000000 0.000000
Y 0.000000 1.000000 0.000000
Z 0.000000 0.000000 1.000000

PART 1
OFFSET 0.000000 0.000000 0.000000
SCALE 1.000000 1.000000 1.000000
X 1.000000 -0.000818 -0.000085
Y 0.000818 0.999999 -0.000659
Z 0.000086 0.000659 1.000000

PART 2
OFFSET 1.540778 0.001455 4.135614
SCALE 1.000000 1.000000 1.000000
X 1.000000 -0.000818 -0.000085
Y 0.000818 0.999999 -0.000659
Z 0.000086 0.000659 1.000000

PART 3
OFFSET -4.631834 0.000000 -1.376955
SCALE 1.000000 1.000000 1.000000
X 1.000000 0.000000 0.000000
Y 0.000000 1.000000 0.000000
Z 0.000000 0.000000 1.000000

PART 4
OFFSET -12.282800 11.734594 -7.430702
SCALE 1.000000 1.000000 1.000000
X 0.529148 0.109632 -0.841417
Y 0.056980 -0.993971 -0.093675
Z -0.846614 0.001624 -0.532205

PART 5
OFFSET -10.515733 -9.236000 -7.430755
SCALE 1.000000 1.000000 1.000000
X -0.727137 0.084395 0.681285
Y -0.113175 -0.993572 0.002288
Z 0.677099 -0.075441 0.732015

PART 6
OFFSET 10.511236 -4.036314 -5.706537
SCALE 1.000000 1.000000 1.000000
X 0.995604 -0.011011 0.093013
Y 0.013496 0.999567 -0.026132
Z -0.092685 0.027273 0.995322

PART 7
OFFSET -5.883278 13.060464 -17.606743
SCALE 1.000000 1.000000 1.000000
X 0.752592 -0.509070 0.417675
Y -0.535926 -0.104979 0.837713
Z -0.382607 -0.854299 -0.351831

PART 8
OFFSET -1.721801 -10.256602 -15.670257
SCALE 1.000000 1.000000 1.000000
X -0.573926 -0.447251 -0.685985
Y 0.780539 -0.045363 -0.623459
Z 0.247724 -0.893257 0.375132

PART 9
OFFSET 10.511236 -4.036314 -5.706537
SCALE 1.000000 1.000000 1.000000
X 0.995604 -0.011011 0.093013
Y 0.013496 0.999567 -0.026132
Z -0.092685 0.027273 0.995322

PART 10
OFFSET 2.548143 9.255997 -13.727836
SCALE 1.000000 1.000000 1.000000
X 0.756817 -0.506114 0.413615
Y 0.388180 0.857144 0.338555
Z -0.525875 -0.095667 0.845165

PART 11
OFFSET 1.649607 7.557119 -15.096127
SCALE 1.000000 1.000000 1.000000
X 0.756817 -0.506114 0.413615
Y 0.388180 0.857144 0.338555
Z -0.525875 -0.095667 0.845165

PART 12
OFFSET 1.661661 8.550324 -11.738184
SCALE 1.000000 1.000000 1.000000
X 0.756817 -0.506114 0.413615
Y 0.388180 0.857144 0.338555
Z -0.525875 -0.095667 0.845165

PART 13
OFFSET 0.922156 7.231436 -12.251138
SCALE 1.000000 1.000000 1.000000
X 0.756817 -0.506114 0.413615
Y 0.388180 0.857144 0.338555
Z -0.525875 -0.095667 0.845165

PART 14
OFFSET 0.551851 6.665620 -13.190909
SCALE 1.000000 1.000000 1.000000
X 0.756817 -0.506114 0.413615
Y 0.388180 0.857144 0.338555
Z -0.525875 -0.095667 0.845165

PART 15
OFFSET 2.825025 7.170006 -12.773704
SCALE 1.000000 1.000000 1.000000
X 0.940592 -0.287335 0.180903
Y -0.329249 -0.641666 0.692719
Z -0.082963 -0.711128 -0.698150

PART 16
OFFSET 0.517831 8.730622 -14.054151
SCALE 1.000000 1.000000 1.000000
X 0.752592 -0.509070 0.417675
Y -0.654283 -0.506552 0.561532
Z -0.074285 -0.695883 -0.714303

PART 17
OFFSET 3.314129 -6.136600 -7.370977
SCALE 1.000000 1.000000 1.000000
X -0.579299 -0.444275 -0.683398
Y -0.257694 0.895226 -0.363543
Z 0.773309 -0.034492 -0.633091

PART 18
OFFSET 2.779902 -5.148043 -7.712079
SCALE 1.000000 1.000000 1.000000
X -0.579299 -0.444275 -0.683398
Y -0.257694 0.895226 -0.363543
Z 0.773309 -0.034492 -0.633091

PART 19
OFFSET 3.140098 -4.788356 -8.807094
SCALE 1.000000 1.000000 1.000000
X -0.579299 -0.444275 -0.683398
Y -0.257694 0.895226 -0.363543
Z 0.773309 -0.034492 -0.633091

PART 20
OFFSET 4.919151 -5.081248 -7.732626
SCALE 1.000000 1.000000 1.000000
X -0.959794 0.018563 -0.280091
Y 0.280437 0.019817 -0.959668
Z -0.012264 -0.999631 -0.024227

PART 21
OFFSET 3.159629 -6.452431 -9.835690
SCALE 1.000000 1.000000 1.000000
X -0.573941 -0.447197 -0.686008
Y 0.781322 -0.048198 -0.622265
Z 0.245211 -0.893136 0.377067

PART 22
OFFSET 6.922006 -3.780526 -3.415301
SCALE 1.000000 1.000000 1.000000
X 0.993508 -0.010453 0.113280
Y 0.013496 0.999567 -0.026132
Z -0.112958 0.027491 0.993219

PART 23
OFFSET 14.471740 -4.420426 -3.751541
SCALE 1.000000 1.000000 1.000000
X 0.995604 -0.011011 0.093013
Y 0.013496 0.999567 -0.026132
Z -0.092685 0.027273 0.995322

PART 24
OFFSET 6.366483 -3.893812 -3.120851
SCALE 1.000000 1.000000 1.000000
X 0.993508 -0.010454 0.113284
Y 0.013484 0.999571 -0.026011
Z -0.112963 0.027369 0.993222

PART 25
OFFSET 13.348964 -3.946412 -2.785710
SCALE 1.000000 1.000000 1.000000
X 0.995604 -0.011011 0.093013
Y 0.013496 0.999567 -0.026132
Z -0.092685 0.027273 0.995322

PART 26
OFFSET 11.154555 -3.529697 -3.018022
SCALE 1.000000 1.000000 1.000000
X 0.995604 -0.011011 0.093013
Y 0.013496 0.999567 -0.026132
Z -0.092685 0.027273 0.995322

PART 27
OFFSET 11.639715 -4.291559 -1.810291
SCALE 1.000000 1.000000 1.000000
X -0.072320 -0.741971 0.666520
Y 0.995573 -0.013477 0.093021
Z -0.060037 0.670297 0.739660

PART 28
OFFSET 21.613604 -4.090313 -2.037999
SCALE 1.000000 1.000000 1.000000
X 0.995604 -0.011011 0.093013
Y 0.013496 0.999567 -0.026132
Z -0.092685 0.027273 0.995322

PART 29
OFFSET 5.088677 -3.946378 -3.555511
SCALE 1.000000 1.000000 1.000000
X -0.994645 0.010743 -0.102793
Y -0.013491 -0.999569 0.026076
Z -0.102469 0.027323 0.994361

PART 30
OFFSET 10.107888 -2.295036 -2.661409
SCALE 1.000000 1.000000 1.000000
X -0.403736 0.029425 0.914402
Y 0.013444 0.999566 -0.026229
Z -0.914777 0.001704 -0.403957

PART 31
OFFSET 9.173818 -3.178466 -2.781575
SCALE 1.000000 1.000000 1.000000
X 0.995604 -0.011011 0.093013
Y 0.013496 0.999567 -0.026132
Z -0.092685 0.027273 0.995322

PART 32
OFFSET 6.272591 5.830716 -11.286886
SCALE 1.000000 1.000000 1.000000
X 0.339184 -0.767554 -0.543888
Y -0.865007 -0.027225 -0.501021
Z 0.369753 0.640405 -0.673174

PART 33
OFFSET 6.514565 6.429921 -12.182918
SCALE 1.000000 1.000000 1.000000
X 0.223313 -0.755157 -0.616336
Y -0.943842 -0.009564 -0.330258
Z 0.243502 0.655474 -0.714885

PART 34
OFFSET 3.956721 7.470212 -13.503493
SCALE 1.000000 1.000000 1.000000
X 0.955625 0.100105 -0.277057
Y -0.139867 -0.673548 -0.725790
Z -0.259266 0.732333 -0.629658

PART 35
OFFSET 3.956357 7.079868 -12.905836
SCALE 1.000000 1.000000 1.000000
X 0.995735 -0.080683 -0.044753
Y -0.087667 -0.676176 -0.731506
Z 0.028759 0.732309 -0.680365

PART 36
OFFSET 2.896326 6.129534 -12.310519
SCALE 1.000000 1.000000 1.000000
X 0.479596 -0.794825 0.371807
Y -0.613472 -0.000751 0.789716
Z -0.627407 -0.606838 -0.487963

PART 37
OFFSET 5.157324 4.884256 -11.490298
SCALE 1.000000 1.000000 1.000000
X 0.925606 -0.344011 -0.157828
Y 0.339733 0.571337 0.747098
Z -0.166837 -0.745137 0.645705

PART 38
OFFSET 5.426128 5.653098 -13.720496
SCALE 1.000000 1.000000 1.000000
X -0.026129 0.701746 -0.711948
Y 0.082930 0.711258 0.698022
Z 0.996213 -0.040803 -0.076780

PART 39
OFFSET 8.442882 -5.540078 -5.926450
SCALE 1.000000 1.000000 1.000000
X -0.809240 -0.526492 -0.260645
Y 0.486764 -0.849310 0.204285
Z -0.328923 0.038442 0.943574

PART 40
OFFSET 8.646985 -5.337241 -6.993080
SCALE 1.000000 1.000000 1.000000
X -0.474794 -0.840562 -0.260820
Y 0.842723 -0.519653 0.140635
Z -0.253748 -0.153026 0.955089

PART 41
OFFSET 6.034069 -4.873735 -8.518305
SCALE 1.000000 1.000000 1.000000
X -0.947571 -0.039043 0.317151
Y 0.047427 -0.998699 0.018754
Z 0.316006 0.032813 0.948190

PART 42
OFFSET 6.057084 -5.030562 -7.822305
SCALE 1.000000 1.000000 1.000000
X -0.999589 0.005533 0.028116
Y -0.004865 -0.999706 0.023760
Z 0.028239 0.023613 0.999322

PART 43
OFFSET 5.085304 -4.698285 -6.670624
SCALE 1.000000 1.000000 1.000000
X -0.346206 -0.836030 -0.425671
Y 0.913915 -0.198063 -0.354302
Z 0.211897 -0.511689 0.832631

PART 44
OFFSET 0.680866 -5.556553 -8.099854
SCALE 1.000000 1.000000 1.000000
X -0.960706 -0.264330 -0.084698
Y -0.256213 0.961871 -0.095700
Z 0.106765 -0.070239 -0.991800

PART 45
OFFSET 6.869776 4.479301 -12.244497
SCALE 1.000000 1.000000 1.000000
X -0.432959 -0.432727 -0.790755
Y -0.788676 0.606648 0.099842
Z 0.436506 0.666877 -0.603935

PART 46
OFFSET 6.950825 4.954691 -13.386963
SCALE 1.000000 1.000000 1.000000
X -0.920501 -0.092370 -0.379665
Y -0.325626 0.718411 0.614698
Z 0.215975 0.689459 -0.691376

PART 47
OFFSET 6.124450 7.505871 -14.123308
SCALE 1.000000 1.000000 1.000000
X -0.140840 -0.765505 -0.627827
Y -0.984928 0.044025 0.167270
Z -0.100406 0.641922 -0.760167

PART 48
OFFSET 6.546884 6.994138 -13.106888
SCALE 1.000000 1.000000 1.000000
X 0.012473 -0.743230 -0.668919
Y -0.999174 -0.035144 0.020416
Z -0.038683 0.668112 -0.743055

PART 49
OFFSET 3.835082 4.380489 -11.456492
SCALE 1.000000 1.000000 1.000000
X 0.943993 -0.075860 -0.321127
Y 0.153324 -0.760922 0.630468
Z -0.292180 -0.644394 -0.706674

PART 50
OFFSET 9.867685 -4.613078 -5.467544
SCALE 1.000000 1.000000 1.000000
X -0.071637 -0.995276 0.065527
Y 0.933621 -0.043789 0.355577
Z -0.351027 0.086650 0.932347

PART 51
OFFSET 9.574535 -3.695179 -6.483489
SCALE 1.000000 1.000000 1.000000
X 0.673688 -0.736938 0.055384
Y 0.705381 0.663569 0.249225
Z -0.220414 -0.128833 0.966861

PART 52
OFFSET 8.203315 -4.658734 -9.095048
SCALE 1.000000 1.000000 1.000000
X -0.658028 -0.676283 -0.331120
Y 0.752345 -0.608733 -0.251837
Z -0.031250 -0.414832 0.909361

PART 53
OFFSET 8.647081 -5.070461 -8.043184
SCALE 1.000000 1.000000 1.000000
X -0.339402 -0.893700 -0.293437
Y 0.933221 -0.359028 0.014061
Z -0.117919 -0.269069 0.955875

PART 54
OFFSET 5.729360 -2.845985 -5.763048
SCALE 1.000000 1.000000 1.000000
X -0.895453 -0.344502 -0.281926
Y 0.441614 -0.767207 -0.465157
Z -0.056048 -0.541029 0.839134

PART 55
OFFSET 6.316926 3.912735 -13.169119
SCALE 1.000000 1.000000 1.000000
X -0.928576 0.193383 -0.316779
Y -0.063411 0.758313 0.648799
Z 0.365684 0.622547 -0.691889

PART 56
OFFSET 5.606265 4.819792 -13.941535
SCALE 1.000000 1.000000 1.000000
X -0.269694 0.689857 0.671835
Y 0.936201 0.024554 0.350605
Z 0.225372 0.723529 -0.652467

PART 57
OFFSET 5.925051 6.422068 -15.012182
SCALE 1.000000 1.000000 1.000000
X -0.978064 0.103474 0.180788
Y 0.190931 0.792331 0.579445
Z -0.083287 0.601253 -0.794707

PART 58
OFFSET 6.568116 5.728811 -14.245756
SCALE 1.000000 1.000000 1.000000
X -0.999525 -0.013650 0.027647
Y 0.007498 0.762136 0.647373
Z -0.029908 0.647273 -0.761672

PART 59
OFFSET 5.317144 4.231259 -12.091618
SCALE 1.000000 1.000000 1.000000
X 0.839474 -0.259214 -0.477589
Y 0.191791 -0.680992 0.706730
Z -0.508429 -0.684878 -0.521960

PART 60
OFFSET 9.933458 -3.397842 -5.490584
SCALE 1.000000 1.000000 1.000000
X 0.917651 -0.219331 0.331377
Y 0.211866 0.975518 0.058972
Z -0.336199 0.016092 0.941654

PART 61
OFFSET 8.590572 -2.618771 -6.564410
SCALE 1.000000 1.000000 1.000000
X 0.965336 0.154571 0.210319
Y -0.166599 0.985188 0.040616
Z -0.200926 -0.074247 0.976789

PART 62
OFFSET 9.134944 -3.701273 -8.626209
SCALE 1.000000 1.000000 1.000000
X 0.643130 -0.711087 -0.284145
Y 0.761292 0.553718 0.337389
Z -0.082577 -0.433302 0.897458

PART 63
OFFSET 9.224913 -3.548938 -7.543599
SCALE 1.000000 1.000000 1.000000
X 0.799294 -0.596987 -0.068819
Y 0.585629 0.748118 0.312021
Z -0.134788 -0.289699 0.947579

PART 64
OFFSET 7.207576 -2.275022 -5.429642
SCALE 1.000000 1.000000 1.000000
X -0.959780 0.179251 0.216084
Y -0.266633 -0.822986 -0.501598
Z 0.087922 -0.539039 0.837680

PART 65
OFFSET 5.268067 4.131125 -13.526920
SCALE 1.000000 1.000000 1.000000
X 0.462418 -0.572401 -0.677146
Y 0.809456 -0.039160 0.585874
Z -0.361871 -0.819038 0.445225

PART 66
