// Export time: Sun Jun 19 05:53:32 2022

ANIMATION
VERSION 3

NUMPARTS 79
PART 0 "tag_cambone"
PART 1 "tag_camera"
PART 2 "tag_gasmask"
PART 3 "tag_torso"
PART 4 "j_shoulder_le"
PART 5 "j_shoulder_ri"
PART 6 "tag_weapon"
PART 7 "j_elbow_le"
PART 8 "j_elbow_ri"
PART 9 "j_gun"
PART 10 "j_sleave_reshape_bottom_le_1"
PART 11 "j_sleave_reshape_bottom_le_2"
PART 12 "j_sleave_reshape_top_le_1"
PART 13 "j_sleave_reshape_top_le_2"
PART 14 "j_sleave_reshape_top_le_3"
PART 15 "j_wrist_le"
PART 16 "j_wristtwist_le"
PART 17 "j_sleave_reshape_top_ri_1"
PART 18 "j_sleave_reshape_top_ri_2"
PART 19 "j_sleave_reshape_top_ri_3"
PART 20 "j_wrist_ri"
PART 21 "j_wristtwist_ri"
PART 22 "j_arrow"
PART 23 "j_clip_release"
PART 24 "j_gear"
PART 25 "tag_battery_1"
PART 26 "tag_battery_2"
PART 27 "tag_brass"
PART 28 "tag_flash"
PART 29 "tag_fx"
PART 30 "tag_knob"
PART 31 "tag_switch"
PART 32 "j_index_le_0"
PART 33 "j_mid_le_0"
PART 34 "j_pinkypalm_le"
PART 35 "j_ringpalm_le"
PART 36 "j_thumb_le_0"
PART 37 "j_webbing_le"
PART 38 "tag_knife_attach"
PART 39 "j_index_ri_0"
PART 40 "j_mid_ri_0"
PART 41 "j_pinkypalm_ri"
PART 42 "j_ringpalm_ri"
PART 43 "j_thumb_ri_0"
PART 44 "j_webbing_ri"
PART 45 "j_index_le_1"
PART 46 "j_mid_le_1"
PART 47 "j_pinky_le_0"
PART 48 "j_ring_le_0"
PART 49 "j_thumb_le_1"
PART 50 "j_index_ri_1"
PART 51 "j_mid_ri_1"
PART 52 "j_pinky_ri_0"
PART 53 "j_ring_ri_0"
PART 54 "j_thumb_ri_1"
PART 55 "j_index_le_2"
PART 56 "j_mid_le_2"
PART 57 "j_pinky_le_1"
PART 58 "j_ring_le_1"
PART 59 "j_thumb_le_2"
PART 60 "j_index_ri_2"
PART 61 "j_mid_ri_2"
PART 62 "j_pinky_ri_1"
PART 63 "j_ring_ri_1"
PART 64 "j_thumb_ri_2"
PART 65 "j_index_le_3"
PART 66 "j_mid_le_3"
PART 67 "j_pinky_le_2"
PART 68 "j_ring_le_2"
PART 69 "j_thumb_le_3"
PART 70 "j_index_ri_3"
PART 71 "j_mid_ri_3"
PART 72 "j_pinky_ri_2"
PART 73 "j_ring_ri_2"
PART 74 "j_thumb_ri_3"
PART 75 "j_pinky_le_3"
PART 76 "j_ring_le_3"
PART 77 "j_pinky_ri_3"
PART 78 "j_ring_ri_3"

FRAMERATE 30
NUMFRAMES 69
FRAME 0
PART 0
OFFSET 0.000000 0.000000 0.000000
SCALE 1.000000 1.000000 1.000000
X 1.000000 0.000000 0.000000
Y 0.000000 1.000000 0.000000
Z 0.000000 0.000000 1.000000

PART 1
OFFSET 0.000000 0.000000 0.000000
SCALE 1.000000 1.000000 1.000000
X 1.000000 0.000000 0.000000
Y 0.000000 1.000000 0.000000
Z 0.000000 0.000000 1.000000

PART 2
OFFSET 1.540437 -0.000038 4.135789
SCALE 1.000000 1.000000 1.000000
X 1.000000 0.000000 0.000000
Y 0.000000 1.000000 0.000000
Z 0.000000 0.000000 1.000000

PART 3
OFFSET -4.631834 0.000000 -1.376955
SCALE 1.000000 1.000000 1.000000
X 1.000000 0.000000 0.000000
Y 0.000000 1.000000 0.000000
Z 0.000000 0.000000 1.000000

PART 4
OFFSET -10.245234 11.385400 -13.051755
SCALE 1.000000 1.000000 1.000000
X 0.574763 0.450785 -0.682965
Y 0.174056 -0.882841 -0.436230
Z -0.799595 0.131855 -0.585886

PART 5
OFFSET -16.150134 -9.236000 -8.044055
SCALE 1.000000 1.000000 1.000000
X -0.506316 0.714248 0.483212
Y -0.093463 -0.602495 0.792631
Z 0.857268 0.356160 0.371808

PART 6
OFFSET 2.140367 -5.502900 -15.900254
SCALE 1.000000 1.000000 1.000000
X 0.658560 0.542814 -0.521202
Y -0.619619 0.784175 0.033778
Z 0.427049 0.300702 0.852765

PART 7
OFFSET -3.294161 16.837158 -21.311520
SCALE 1.000000 1.000000 1.000000
X 0.622009 -0.652722 0.432502
Y -0.739306 -0.307614 0.599000
Z -0.257937 -0.692335 -0.673900

PART 8
OFFSET -10.026746 -17.873941 -13.888064
SCALE 1.000000 1.000000 1.000000
X -0.725157 -0.687892 0.030845
Y 0.589070 -0.642931 -0.489526
Z 0.356573 -0.336814 0.871443

PART 9
OFFSET 2.140367 -5.502900 -15.900254
SCALE 1.000000 1.000000 1.000000
X 0.658560 0.542814 -0.521202
Y -0.619619 0.784175 0.033778
Z 0.427049 0.300702 0.852765

PART 10
OFFSET 3.869427 11.530126 -16.727004
SCALE 1.000000 1.000000 1.000000
X 0.627029 -0.649074 0.430741
Y 0.266806 0.698440 0.664075
Z -0.731880 -0.301470 0.611119

PART 11
OFFSET 3.378682 10.442844 -18.547081
SCALE 1.000000 1.000000 1.000000
X 0.627029 -0.649074 0.430741
Y 0.266806 0.698440 0.664075
Z -0.731880 -0.301470 0.611119

PART 12
OFFSET 2.414085 10.317494 -15.253190
SCALE 1.000000 1.000000 1.000000
X 0.627029 -0.649074 0.430741
Y 0.266806 0.698440 0.664075
Z -0.731880 -0.301470 0.611119

PART 13
OFFSET 1.898275 9.318085 -16.250064
SCALE 1.000000 1.000000 1.000000
X 0.627029 -0.649074 0.430741
Y 0.266806 0.698440 0.664075
Z -0.731880 -0.301470 0.611119

PART 14
OFFSET 1.951021 9.198710 -17.394873
SCALE 1.000000 1.000000 1.000000
X 0.627029 -0.649074 0.430741
Y 0.266806 0.698440 0.664075
Z -0.731880 -0.301470 0.611119

PART 15
OFFSET 3.903139 9.284365 -16.307054
SCALE 1.000000 1.000000 1.000000
X 0.848121 0.375855 0.373395
Y -0.313545 -0.212024 0.925600
Z 0.427060 -0.902097 -0.061975

PART 16
OFFSET 1.996266 11.285424 -17.632948
SCALE 1.000000 1.000000 1.000000
X 0.622009 -0.652722 0.432502
Y -0.781172 -0.479473 0.399845
Z -0.053614 -0.586566 -0.808125

PART 17
OFFSET -2.733961 -10.346497 -12.496658
SCALE 1.000000 1.000000 1.000000
X -0.729724 -0.683031 0.031177
Y -0.363149 0.348534 -0.864087
Z 0.579332 -0.641867 -0.502376

PART 18
OFFSET -3.537964 -9.712895 -14.106593
SCALE 1.000000 1.000000 1.000000
X -0.729724 -0.683031 0.031177
Y -0.363149 0.348534 -0.864087
Z 0.579332 -0.641867 -0.502376

PART 19
OFFSET -3.646334 -10.206544 -15.272338
SCALE 1.000000 1.000000 1.000000
X -0.729724 -0.683031 0.031177
Y -0.363149 0.348534 -0.864087
Z 0.579332 -0.641867 -0.502376

PART 20
OFFSET -1.635870 -9.914326 -14.244954
SCALE 1.000000 1.000000 1.000000
X -0.735280 -0.579947 0.350749
Y -0.324180 -0.153539 -0.933452
Z 0.595206 -0.800055 -0.075113

PART 21
OFFSET -3.858968 -12.023182 -14.150395
SCALE 1.000000 1.000000 1.000000
X -0.725176 -0.687870 0.030898
Y -0.060623 0.019083 -0.997978
Z 0.685890 -0.725583 -0.055540

PART 22
OFFSET 0.953159 -6.425023 -11.908013
SCALE 1.000000 1.000000 1.000000
X 0.609706 0.507971 -0.608460
Y -0.619619 0.784175 0.033778
Z 0.494298 0.356419 0.792865

PART 23
OFFSET 5.765842 -3.089170 -16.727884
SCALE 1.000000 1.000000 1.000000
X 0.658560 0.542814 -0.521202
Y -0.619619 0.784175 0.033778
Z 0.427049 0.300702 0.852765

PART 24
OFFSET 0.833182 -6.707730 -11.347813
SCALE 1.000000 1.000000 1.000000
X 0.667129 0.548830 -0.503710
Y -0.619568 0.784211 0.033883
Z 0.413611 0.289478 0.863208

PART 25
OFFSET 5.277338 -2.985895 -15.255185
SCALE 1.000000 1.000000 1.000000
X 0.658560 0.542814 -0.521202
Y -0.619619 0.784175 0.033778
Z 0.427049 0.300702 0.852765

PART 26
OFFSET 3.570752 -3.882817 -14.103601
SCALE 1.000000 1.000000 1.000000
X 0.658560 0.542814 -0.521202
Y -0.619619 0.784175 0.033778
Z 0.427049 0.300702 0.852765

PART 27
OFFSET 4.940987 -3.830183 -13.475818
SCALE 1.000000 1.000000 1.000000
X 0.747204 -0.401628 0.529510
Y 0.660120 0.540812 -0.521310
Z -0.076992 0.739065 0.669219

PART 28
OFFSET 10.764151 1.470776 -19.604556
SCALE 1.000000 1.000000 1.000000
X 0.658560 0.542814 -0.521202
Y -0.619619 0.784175 0.033778
Z 0.427049 0.300702 0.852765

PART 29
OFFSET -0.129458 -7.560653 -10.935105
SCALE 1.000000 1.000000 1.000000
X -0.662725 -0.545743 0.512797
Y 0.619619 -0.784175 -0.033778
Z 0.420557 0.295353 0.857845

PART 30
OFFSET 2.354605 -3.342423 -13.115656
SCALE 1.000000 1.000000 1.000000
X 0.196051 0.112999 0.974061
Y -0.619664 0.784141 0.033754
Z -0.759987 -0.610208 0.223753

PART 31
OFFSET 2.269838 -4.565072 -12.709062
SCALE 1.000000 1.000000 1.000000
X 0.658560 0.542814 -0.521202
Y -0.749834 0.531883 -0.393508
Z 0.063617 0.649964 0.757298

PART 32
OFFSET 6.812642 10.924274 -14.130973
SCALE 1.000000 1.000000 1.000000
X 0.905766 0.125683 0.404712
Y 0.115854 -0.992067 0.048799
Z 0.407634 0.002687 -0.913141

PART 33
OFFSET 7.138955 10.952377 -15.186035
SCALE 1.000000 1.000000 1.000000
X 0.964666 0.132401 0.227794
Y 0.101230 -0.984458 0.143507
Z 0.243254 -0.115377 -0.963076

PART 34
OFFSET 5.042863 9.647124 -16.994684
SCALE 1.000000 1.000000 1.000000
X 0.892763 0.390368 -0.224916
Y 0.374715 -0.920549 -0.110359
Z -0.250126 0.014245 -0.968108

PART 35
OFFSET 4.961392 9.714826 -16.288771
SCALE 1.000000 1.000000 1.000000
X 0.906018 0.417285 0.070739
Y 0.422871 -0.899463 -0.110211
Z 0.017637 0.129767 -0.991388

PART 36
OFFSET 4.157413 8.878422 -15.271294
SCALE 1.000000 1.000000 1.000000
X 0.264295 -0.121082 0.956811
Y -0.964155 -0.057384 0.259062
Z 0.023538 -0.990982 -0.131908

PART 37
OFFSET 6.248689 9.622851 -13.719564
SCALE 1.000000 1.000000 1.000000
X 0.977389 0.143775 0.155046
Y -0.174071 0.963375 0.203980
Z -0.120040 -0.226357 0.966619

PART 38
OFFSET 7.022282 9.042922 -15.887980
SCALE 1.000000 1.000000 1.000000
X -0.008038 0.064840 -0.997863
Y -0.426960 0.902138 0.062059
Z 0.904235 0.426547 0.020433

PART 39
OFFSET 1.694906 -7.836122 -14.935579
SCALE 1.000000 1.000000 1.000000
X -0.298894 -0.923153 0.241766
Y 0.920770 -0.345541 -0.181062
Z 0.250688 0.168492 0.953292

PART 40
OFFSET 1.158007 -7.921015 -15.897382
SCALE 1.000000 1.000000 1.000000
X 0.097524 -0.994987 0.022126
Y 0.902358 0.079023 -0.423680
Z 0.419807 0.061284 0.905542

PART 41
OFFSET -1.481108 -9.426316 -15.526127
SCALE 1.000000 1.000000 1.000000
X -0.392407 -0.422263 0.817136
Y 0.652450 -0.753981 -0.076306
Z 0.648326 0.503197 0.571372

PART 42
OFFSET -1.020785 -9.308445 -14.993407
SCALE 1.000000 1.000000 1.000000
X -0.596569 -0.509595 0.620014
Y 0.623870 -0.780443 -0.041174
Z 0.504868 0.362245 0.783509

PART 43
OFFSET -1.236628 -9.176800 -13.471088
SCALE 1.000000 1.000000 1.000000
X 0.090031 -0.978367 -0.186257
Y 0.498977 0.206163 -0.841736
Z 0.861926 -0.017156 0.506744

PART 44
OFFSET -4.102941 -12.627007 -12.036075
SCALE 1.000000 1.000000 1.000000
X -0.463627 -0.738448 0.489638
Y -0.795362 0.590385 0.137278
Z -0.390447 -0.325793 -0.861051

PART 45
OFFSET 8.407408 11.145562 -13.418407
SCALE 1.000000 1.000000 1.000000
X 0.936586 -0.019911 0.349871
Y 0.001271 -0.998185 -0.060208
Z 0.350434 0.056835 -0.934861

PART 46
OFFSET 9.023487 11.211020 -14.741032
SCALE 1.000000 1.000000 1.000000
X 0.975819 -0.042408 0.214428
Y -0.072010 -0.988606 0.132186
Z 0.206379 -0.144431 -0.967754

PART 47
OFFSET 7.131113 10.409228 -17.372545
SCALE 1.000000 1.000000 1.000000
X 0.988157 0.149727 0.033570
Y 0.125709 -0.915390 0.382438
Z 0.087991 -0.373689 -0.923371

PART 48
OFFSET 7.306129 10.836975 -16.249953
SCALE 1.000000 1.000000 1.000000
X 0.985630 0.108681 0.129315
Y 0.074146 -0.966201 0.246895
Z 0.151777 -0.233759 -0.960375

PART 49
OFFSET 4.632841 8.556273 -13.188047
SCALE 1.000000 1.000000 1.000000
X 0.772990 0.320757 0.547359
Y -0.475613 -0.277990 0.834574
Z 0.419855 -0.905448 -0.062327

PART 50
OFFSET 2.221163 -6.210728 -15.361256
SCALE 1.000000 1.000000 1.000000
X 0.601460 -0.798250 0.032283
Y 0.772935 0.571216 -0.276194
Z 0.202032 0.191072 0.960560

PART 51
OFFSET 0.967490 -5.977261 -15.940583
SCALE 1.000000 1.000000 1.000000
X 0.890427 -0.208371 -0.404625
Y 0.145696 0.972757 -0.180322
Z 0.431176 0.101612 0.896528

PART 52
OFFSET -0.584991 -8.311763 -17.269535
SCALE 1.000000 1.000000 1.000000
X -0.150178 -0.984937 0.085707
Y 0.704942 -0.167460 -0.689212
Z 0.693183 -0.043086 0.719473

PART 53
OFFSET 0.466314 -8.056869 -16.719856
SCALE 1.000000 1.000000 1.000000
X 0.196069 -0.976617 -0.088177
Y 0.794835 0.210946 -0.568980
Z 0.574277 0.041474 0.817610

PART 54
OFFSET -1.528664 -7.085204 -13.013323
SCALE 1.000000 1.000000 1.000000
X -0.473793 -0.832286 0.287787
Y 0.506428 -0.524856 -0.684147
Z 0.720452 -0.178400 0.670166

PART 55
OFFSET 9.524743 11.117890 -12.936283
SCALE 1.000000 1.000000 1.000000
X 0.831034 -0.368792 0.416384
Y -0.313179 -0.928895 -0.197668
Z 0.459675 0.033866 -0.887441

PART 56
OFFSET 10.448791 11.149092 -14.427835
SCALE 1.000000 1.000000 1.000000
X 0.931272 -0.285672 0.226108
Y -0.318473 -0.939733 0.124407
Z 0.176941 -0.187866 -0.966125

PART 57
OFFSET 8.530162 10.621212 -17.325012
SCALE 1.000000 1.000000 1.000000
X 0.990730 0.029100 0.132695
Y -0.018494 -0.938801 0.343964
Z 0.134584 -0.343230 -0.929559

PART 58
OFFSET 8.984171 11.022009 -16.029785
SCALE 1.000000 1.000000 1.000000
X 0.975972 -0.085556 0.200397
Y -0.126373 -0.971466 0.200709
Z 0.177507 -0.221211 -0.958935

PART 59
OFFSET 5.956080 8.989257 -12.361170
SCALE 1.000000 1.000000 1.000000
X 0.888184 0.078590 0.452718
Y -0.437814 -0.154288 0.885728
Z 0.139458 -0.984895 -0.102628

PART 60
OFFSET 1.502238 -5.228703 -15.342195
SCALE 1.000000 1.000000 1.000000
X 0.859001 0.417008 -0.297020
Y -0.441604 0.897035 -0.017734
Z 0.259042 0.146398 0.954707

PART 61
OFFSET -0.333104 -5.672889 -15.349603
SCALE 1.000000 1.000000 1.000000
X 0.597224 0.695907 -0.398794
Y -0.686750 0.700531 0.193987
Z 0.414364 0.158018 0.896288

PART 62
OFFSET -0.372334 -6.917299 -17.390865
SCALE 1.000000 1.000000 1.000000
X 0.685304 -0.315622 -0.656309
Y 0.291474 0.944748 -0.149982
Z 0.667384 -0.088514 0.739435

PART 63
OFFSET 0.132498 -6.394168 -16.569750
SCALE 1.000000 1.000000 1.000000
X 0.818212 -0.073543 -0.570193
Y 0.052505 0.997199 -0.053274
Z 0.572513 0.013651 0.819782

PART 64
OFFSET -0.814257 -5.752922 -13.593797
SCALE 1.000000 1.000000 1.000000
X -0.584755 -0.290447 0.757432
Y 0.092146 -0.951445 -0.293705
Z 0.805960 -0.101951 0.583125

PART 65
OFFSET 10.463416 10.701326 -12.465951
SCALE 1.000000 1.000000 1.000000
X 0.141707 0.968043 -0.206911
Y -0.940248 0.066252 -0.333984
Z -0.309603 0.241875 0.919588

PART 66
OFFSET 11.504985 10.824868 -14.178648
SCALE 1.000000 1.000000 1.000000
X -0.522148 0.831422 -0.189996
Y -0.827751 -0.547696 -0.121886
Z -0.205399 0.093627 0.974190

PART 67
OFFSET 9.408572 10.647034 -17.207353
SCALE 1.000000 1.000000 1.000000
X 0.990388 -0.005402 0.138212
Y -0.060916 -0.914148 0.400777
Z 0.124181 -0.405344 -0.905691

PART 68
OFFSET 10.336791 10.903419 -15.752040
SCALE 1.000000 1.000000 1.000000
X 0.928110 -0.290625 0.232698
Y -0.330564 -0.930815 0.155921
Z 0.171284 -0.221633 -0.959969

PART 69
OFFSET 6.915510 9.026530 -11.861238
SCALE 1.000000 1.000000 1.000000
X 0.475877 0.658882 0.582594
Y -0.487858 0.748907 -0.448478
Z -0.731803 -0.070803 0.677829

PART 70
OFFSET 0.532003 -5.699726 -15.006690
SCALE 1.000000 1.000000 1.000000
X 0.191824 -0.904359 0.381232
Y -0.978313 -0.145268 0.147651
Z -0.078149 -0.401287 -0.912612

PART 71
OFFSET -1.012917 -6.461719 -14.904138
SCALE 1.000000 1.000000 1.000000
X -0.046257 -0.991254 0.123596
Y -0.876740 0.099583 0.470542
Z -0.478734 -0.086596 -0.873679

PART 72
OFFSET -0.979983 -6.637502 -16.808961
SCALE 1.000000 1.000000 1.000000
X 0.515585 0.726051 -0.454997
Y -0.522502 0.687275 0.504624
Z 0.679090 -0.022440 0.733712

PART 73
OFFSET -1.001476 -6.292248 -15.779521
SCALE 1.000000 1.000000 1.000000
X 0.336854 0.908487 -0.247348
Y -0.751406 0.417686 0.510810
Z 0.567378 0.013791 0.823342

PART 74
OFFSET -0.220316 -5.418010 -14.434541
SCALE 1.000000 1.000000 1.000000
X -0.930371 -0.345004 0.124022
Y -0.302147 0.529957 -0.792372
Z 0.207645 -0.774673 -0.597299

PART 75
OFFSET 10.349455 10.641883 -17.076043
SCALE 1.000000 1.000000 1.000000
X -0.737202 0.636842 -0.225756
Y -0.667730 -0.737748 0.099321
Z -0.103299 0.223963 0.969108

PART 76
OFFSET 11.343368 10.588226 -15.499657
SCALE 1.000000 1.000000 1.000000
X -0.563343 0.759494 -0.325291
Y -0.809985 -0.585340 0.036083
Z -0.163001 0.283808 0.944925

PART 77
OFFSET -1.469805 -7.327295 -16.376705
SCALE 1.000000 1.000000 1.000000
X -0.164253 -0.983611 -0.074366
Y -0.640174 0.048938 0.766669
Z -0.750465 0.173535 -0.637721

PART 78
OFFSET -1.366825 -7.277550 -15.511231
SCALE 1.000000 1.000000 1.000000
X 0.181191 -0.982259 -0.048337
Y -0.832355 -0.179346 0.524424
Z -0.523790 -0.054787 -0.850084

FRAME 1
PART 0
OFFSET 0.000000 0.000000 0.000000
SCALE 1.000000 1.000000 1.000000
X 1.000000 0.000000 0.000000
Y 0.000000 1.000000 0.000000
Z 0.000000 0.000000 1.000000

PART 1
OFFSET 0.000000 0.000000 0.000000
SCALE 1.000000 1.000000 1.000000
X 0.999997 -0.001424 -0.001974
Y 0.001425 0.999999 0.000629
Z 0.001973 -0.000632 0.999998

PART 2
OFFSET 1.548593 -0.004845 4.132740
SCALE 1.000000 1.000000 1.000000
X 0.999997 -0.001424 -0.001974
Y 0.001425 0.999999 0.000629
Z 0.001973 -0.000632 0.999998

PART 3
OFFSET -4.631834 0.000000 -1.376955
SCALE 1.000000 1.000000 1.000000
X 1.000000 0.000000 0.000000
Y 0.000000 1.000000 0.000000
Z 0.000000 0.000000 1.000000

PART 4
OFFSET -10.233858 11.385400 -13.068498
SCALE 1.000000 1.000000 1.000000
X 0.327917 0.465257 -0.822196
Y -0.045592 -0.861511 -0.505687
Z -0.943606 0.203309 -0.261292

PART 5
OFFSET -16.150134 -9.236000 -8.044055
SCALE 1.000000 1.000000 1.000000
X -0.526563 0.694270 0.490633
Y -0.116912 -0.630777 0.767106
Z 0.842059 0.346569 0.413312

PART 6
OFFSET 2.577610 -5.318316 -15.164779
SCALE 1.000000 1.000000 1.000000
X 0.688487 0.555885 -0.465808
Y -0.616701 0.786723 0.027343
Z 0.381662 0.268439 0.884463

PART 7
OFFSET -6.268140 17.012189 -23.012095
SCALE 1.000000 1.000000 1.000000
X 0.584079 -0.751007 0.307963
Y -0.623088 -0.171681 0.763077
Z -0.520205 -0.637585 -0.568218

PART 8
OFFSET -9.781878 -17.632326 -13.977803
SCALE 1.000000 1.000000 1.000000
X -0.732775 -0.680405 -0.009480
Y 0.595876 -0.634888 -0.491780
Z 0.328591 -0.366013 0.870668

PART 9
OFFSET 2.577610 -5.318316 -15.164779
SCALE 1.000000 1.000000 1.000000
X 0.688487 0.555885 -0.465808
Y -0.616701 0.786723 0.027343
Z 0.381662 0.268439 0.884463

PART 10
OFFSET 0.754368 10.578342 -19.865232
SCALE 1.000000 1.000000 1.000000
X 0.589107 -0.748300 0.304958
Y 0.527486 0.642017 0.556392
Z -0.612137 -0.166913 0.772935

PART 11
OFFSET -0.350082 9.498547 -21.646918
SCALE 1.000000 1.000000 1.000000
X 0.589107 -0.748300 0.304958
Y 0.527486 0.642017 0.556392
Z -0.612137 -0.166913 0.772935

PART 12
OFFSET -0.447187 9.650850 -18.149629
SCALE 1.000000 1.000000 1.000000
X 0.589107 -0.748300 0.304958
Y 0.527486 0.642017 0.556392
Z -0.612137 -0.166913 0.772935

PART 13
OFFSET -1.397283 8.694065 -19.003457
SCALE 1.000000 1.000000 1.000000
X 0.589107 -0.748300 0.304958
Y 0.527486 0.642017 0.556392
Z -0.612137 -0.166913 0.772935

PART 14
OFFSET -1.813785 8.443491 -20.071350
SCALE 1.000000 1.000000 1.000000
X 0.589107 -0.748300 0.304958
Y 0.527486 0.642017 0.556392
Z -0.612137 -0.166913 0.772935

PART 15
OFFSET 0.490241 8.322146 -19.448679
SCALE 1.000000 1.000000 1.000000
X 0.782549 0.216215 0.583840
Y -0.498309 -0.344661 0.795548
Z 0.373236 -0.913488 -0.161972

PART 16
OFFSET -1.300343 10.624511 -20.392778
SCALE 1.000000 1.000000 1.000000
X 0.584079 -0.751007 0.307963
Y -0.801095 -0.472230 0.367757
Z -0.130759 -0.461507 -0.877447

PART 17
OFFSET -2.455545 -10.228177 -12.166620
SCALE 1.000000 1.000000 1.000000
X -0.737299 -0.675505 -0.009130
Y -0.335251 0.377586 -0.863154
Z 0.586512 -0.633342 -0.504858

PART 18
OFFSET -3.206512 -9.540345 -13.775329
SCALE 1.000000 1.000000 1.000000
X -0.737299 -0.675505 -0.009130
Y -0.335251 0.377586 -0.863154
Z 0.586512 -0.633342 -0.504858

PART 19
OFFSET -3.286764 -9.999192 -14.956168
SCALE 1.000000 1.000000 1.000000
X -0.737299 -0.675505 -0.009130
Y -0.335251 0.377586 -0.863154
Z 0.586512 -0.633342 -0.504858

PART 20
OFFSET -1.302856 -9.759348 -13.868096
SCALE 1.000000 1.000000 1.000000
X -0.756030 -0.586579 0.290421
Y -0.273789 -0.119614 -0.954323
Z 0.594524 -0.801010 -0.070167

PART 21
OFFSET -3.549308 -11.845250 -13.897159
SCALE 1.000000 1.000000 1.000000
X -0.732775 -0.680405 -0.009480
Y -0.024211 0.039992 -0.998907
Z 0.680040 -0.731744 -0.045778

PART 22
OFFSET 1.171259 -6.368558 -11.276729
SCALE 1.000000 1.000000 1.000000
X 0.471870 0.397248 -0.787104
Y -0.616701 0.786723 0.027343
Z 0.630095 0.472505 0.616214

PART 23
OFFSET 6.254366 -2.902185 -15.711511
SCALE 1.000000 1.000000 1.000000
X 0.688487 0.555885 -0.465808
Y -0.616701 0.786723 0.027343
Z 0.381662 0.268439 0.884463

PART 24
OFFSET 1.019714 -6.669463 -10.733930
SCALE 1.000000 1.000000 1.000000
X 0.696125 0.561240 -0.447681
Y -0.616655 0.786755 0.027452
Z 0.367623 0.256955 0.893772

PART 25
OFFSET 5.687263 -2.846101 -14.264654
SCALE 1.000000 1.000000 1.000000
X 0.688487 0.555885 -0.465808
Y -0.616701 0.786723 0.027343
Z 0.381662 0.268439 0.884463

PART 26
OFFSET 3.916404 -3.770389 -13.238594
SCALE 1.000000 1.000000 1.000000
X 0.688487 0.555885 -0.465808
Y -0.616701 0.786723 0.027343
Z 0.381662 0.268439 0.884463

PART 27
OFFSET 5.250837 -3.748529 -12.536286
SCALE 1.000000 1.000000 1.000000
X 0.715433 -0.424556 0.554894
Y 0.690040 0.553877 -0.465901
Z -0.109542 0.716221 0.689223

PART 28
OFFSET 11.423473 1.719747 -18.154768
SCALE 1.000000 1.000000 1.000000
X 0.688487 0.555885 -0.465808
Y -0.616701 0.786723 0.027343
Z 0.381662 0.268439 0.884463

PART 29
OFFSET 0.031963 -7.529501 -10.403529
SCALE 1.000000 1.000000 1.000000
X -0.692205 -0.558496 0.457094
Y 0.616700 -0.786723 -0.027344
Z 0.374878 0.262963 0.888998

PART 30
OFFSET 2.651149 -3.255943 -12.299686
SCALE 1.000000 1.000000 1.000000
X 0.143513 0.078249 0.986550
Y -0.616743 0.786691 0.027320
Z -0.773972 -0.612368 0.161160

PART 31
OFFSET 2.538495 -4.491197 -11.940754
SCALE 1.000000 1.000000 1.000000
X 0.688485 0.555887 -0.465809
Y -0.724797 0.550091 -0.414812
Z 0.025649 0.623209 0.781635

PART 32
OFFSET 3.024892 9.244213 -16.513517
SCALE 1.000000 1.000000 1.000000
X 0.817202 -0.039637 0.574987
Y 0.041650 -0.990963 -0.127508
Z 0.574845 0.128148 -0.808165

PART 33
OFFSET 3.548982 9.431186 -17.467874
SCALE 1.000000 1.000000 1.000000
X 0.909324 -0.006540 0.416038
Y 0.009799 -0.999263 -0.037125
Z 0.415974 0.037835 -0.908589

PART 34
OFFSET 1.761433 8.689534 -19.839186
SCALE 1.000000 1.000000 1.000000
X 0.942159 0.334707 0.017567
Y 0.330107 -0.917585 -0.221508
Z -0.058021 0.214495 -0.975000

PART 35
OFFSET 1.550264 8.635568 -19.159460
SCALE 1.000000 1.000000 1.000000
X 0.900024 0.306022 0.310335
Y 0.378569 -0.901734 -0.208713
Z 0.215969 0.305330 -0.927433

PART 36
OFFSET 0.514614 7.711716 -18.484821
SCALE 1.000000 1.000000 1.000000
X 0.066490 -0.318237 0.945677
Y -0.997695 -0.008297 0.067355
Z -0.013589 -0.947975 -0.318055

PART 37
OFFSET 2.311438 7.951809 -16.472545
SCALE 1.000000 1.000000 1.000000
X 0.936464 0.016062 0.350396
Y -0.148900 0.922681 0.355652
Z -0.317591 -0.385229 0.866449

PART 38
OFFSET 3.449157 7.702018 -18.541359
SCALE 1.000000 1.000000 1.000000
X 0.187973 0.245514 -0.950994
Y -0.373153 0.913503 0.162077
Z 0.908528 0.324400 0.263328

PART 39
OFFSET 2.070513 -7.681243 -14.306076
SCALE 1.000000 1.000000 1.000000
X -0.316038 -0.928803 0.193509
Y 0.927555 -0.345352 -0.142739
Z 0.199405 0.134380 0.970659

PART 40
OFFSET 1.586192 -7.729868 -15.297842
SCALE 1.000000 1.000000 1.000000
X 0.091359 -0.995795 -0.006709
Y 0.924390 0.087310 -0.371322
Z 0.370346 0.027722 0.928480

PART 41
OFFSET -1.076440 -9.229206 -15.121569
SCALE 1.000000 1.000000 1.000000
X -0.438207 -0.447103 0.779791
Y 0.651971 -0.755306 -0.066687
Z 0.618796 0.479178 0.622479

PART 42
OFFSET -0.645136 -9.132555 -14.561017
SCALE 1.000000 1.000000 1.000000
X -0.631794 -0.526331 0.569044
Y 0.621398 -0.782753 -0.034077
Z 0.463357 0.332074 0.821600

PART 43
OFFSET -0.942627 -9.051184 -13.048982
SCALE 1.000000 1.000000 1.000000
X 0.095265 -0.972067 -0.214500
Y 0.544910 0.231252 -0.805975
Z 0.833065 -0.040102 0.551719

PART 44
OFFSET -3.899260 -12.528830 -11.889998
SCALE 1.000000 1.000000 1.000000
X -0.493084 -0.751513 0.438287
Y -0.798771 0.590696 0.114205
Z -0.344721 -0.293778 -0.891550

PART 45
OFFSET 4.463725 9.174424 -15.501151
SCALE 1.000000 1.000000 1.000000
X 0.848770 -0.174995 0.498965
Y -0.049849 -0.965927 -0.253969
Z 0.526407 0.190688 -0.828573

PART 46
OFFSET 5.325400 9.418401 -16.655127
SCALE 1.000000 1.000000 1.000000
X 0.911904 -0.175870 0.370810
Y -0.157590 -0.984316 -0.079298
Z 0.378941 0.013876 -0.925317

PART 47
OFFSET 3.927212 9.297774 -19.684865
SCALE 1.000000 1.000000 1.000000
X 0.970765 0.043904 0.235981
Y -0.007167 -0.977389 0.211326
Z 0.239924 -0.206839 -0.948501

PART 48
OFFSET 3.909871 9.495065 -18.487127
SCALE 1.000000 1.000000 1.000000
X 0.947245 -0.014016 0.320204
Y -0.035445 -0.997496 0.061193
Z 0.318545 -0.069314 -0.945370

PART 49
OFFSET 0.557779 6.971409 -16.455088
SCALE 1.000000 1.000000 1.000000
X 0.671290 0.138345 0.728170
Y -0.644297 -0.376738 0.665545
Z 0.366404 -0.915931 -0.163765

PART 50
OFFSET 2.626957 -6.045902 -14.646788
SCALE 1.000000 1.000000 1.000000
X 0.594951 -0.802891 0.037410
Y 0.789539 0.575073 -0.214285
Z 0.150534 0.157026 0.976054

PART 51
OFFSET 1.407716 -5.784536 -15.284713
SCALE 1.000000 1.000000 1.000000
X 0.910051 -0.200478 -0.362789
Y 0.159975 0.977318 -0.138774
Z 0.382381 0.068255 0.921480

PART 52
OFFSET -0.081659 -8.062175 -16.774802
SCALE 1.000000 1.000000 1.000000
X -0.159377 -0.986250 0.043695
Y 0.740483 -0.148699 -0.655419
Z 0.652905 -0.072103 0.754000

PART 53
OFFSET 0.939496 -7.833114 -16.160681
SCALE 1.000000 1.000000 1.000000
X 0.195833 -0.974354 -0.110829
Y 0.825551 0.224802 -0.517619
Z 0.529259 0.009872 0.848403

PART 54
OFFSET -1.248938 -6.974412 -12.536343
SCALE 1.000000 1.000000 1.000000
X -0.492736 -0.838379 0.233090
Y 0.540257 -0.504725 -0.673331
Z 0.682153 -0.205846 0.701637

PART 55
OFFSET 5.463611 8.950085 -14.844229
SCALE 1.000000 1.000000 1.000000
X 0.710753 -0.517958 0.475973
Y -0.326958 -0.842351 -0.428420
Z 0.622840 0.148877 -0.768054

PART 56
OFFSET 6.657351 9.161534 -16.113512
SCALE 1.000000 1.000000 1.000000
X 0.850988 -0.411370 0.326487
Y -0.394149 -0.911097 -0.120623
Z 0.347082 -0.026036 -0.937473

PART 57
OFFSET 5.301636 9.359930 -19.350755
SCALE 1.000000 1.000000 1.000000
X 0.946881 -0.091645 0.308249
Y -0.141799 -0.979304 0.144422
Z 0.288634 -0.180460 -0.940279

PART 58
OFFSET 5.522561 9.471205 -17.941967
SCALE 1.000000 1.000000 1.000000
X 0.912101 -0.215326 0.348864
Y -0.222629 -0.974707 -0.019547
Z 0.344249 -0.059838 -0.936970

PART 59
OFFSET 1.720911 7.114634 -15.337604
SCALE 1.000000 1.000000 1.000000
X 0.787352 -0.092678 0.609498
Y -0.609197 -0.268719 0.746103
Z 0.094636 -0.958750 -0.268036

PART 60
OFFSET 1.912818 -5.060302 -14.633019
SCALE 1.000000 1.000000 1.000000
X 0.875862 0.421087 -0.235695
Y -0.435642 0.900054 -0.010867
Z 0.207562 0.112196 0.971766

PART 61
OFFSET 0.078460 -5.491691 -14.754839
SCALE 1.000000 1.000000 1.000000
X 0.621345 0.705024 -0.341864
Y -0.692864 0.698125 0.180444
Z 0.365882 0.124748 0.922263

PART 62
OFFSET 0.144021 -6.665852 -16.836648
SCALE 1.000000 1.000000 1.000000
X 0.718371 -0.297758 -0.628716
Y 0.303755 0.947320 -0.101577
Z 0.625841 -0.118006 0.770972

PART 63
OFFSET 0.606085 -6.174265 -15.972010
SCALE 1.000000 1.000000 1.000000
X 0.847581 -0.059631 -0.527305
Y 0.060147 0.998058 -0.016188
Z 0.527246 -0.017995 0.849522

PART 64
OFFSET -0.497641 -5.628017 -13.031396
SCALE 1.000000 1.000000 1.000000
X -0.626393 -0.312052 0.714321
Y 0.103338 -0.941530 -0.320691
Z 0.772627 -0.127062 0.622015

PART 65
OFFSET 6.266420 8.365031 -14.306591
SCALE 1.000000 1.000000 1.000000
X 0.239216 0.970841 0.015612
Y -0.852513 0.217702 -0.475213
Z -0.464754 0.100369 0.879733

PART 66
OFFSET 7.623869 8.696071 -15.750268
SCALE 1.000000 1.000000 1.000000
X -0.423316 0.898988 -0.112359
Y -0.821337 -0.433146 -0.371200
Z -0.382372 -0.064850 0.921730

PART 67
OFFSET 6.141169 9.278695 -19.077441
SCALE 1.000000 1.000000 1.000000
X 0.943563 -0.125379 0.306544
Y -0.191737 -0.961488 0.196922
Z 0.270049 -0.244584 -0.931264

PART 68
OFFSET 6.786659 9.172763 -17.458462
SCALE 1.000000 1.000000 1.000000
X 0.846498 -0.416724 0.331333
Y -0.411069 -0.907086 -0.090650
Z 0.338324 -0.059466 -0.939149

PART 69
OFFSET 2.566336 6.965948 -14.678076
SCALE 1.000000 1.000000 1.000000
X 0.394928 0.492082 0.775814
Y -0.344306 0.862188 -0.371598
Z -0.851754 -0.120363 0.509929

PART 70
OFFSET 0.923539 -5.535933 -14.366780
SCALE 1.000000 1.000000 1.000000
X 0.166475 -0.918034 0.359862
Y -0.985575 -0.143647 0.089482
Z -0.030455 -0.369567 -0.928705

PART 71
OFFSET -0.628333 -6.290613 -14.374046
SCALE 1.000000 1.000000 1.000000
X -0.057692 -0.994544 0.086916
Y -0.900487 0.089429 0.425588
Z -0.431039 -0.053714 -0.900733

PART 72
OFFSET -0.492946 -6.401894 -16.279212
SCALE 1.000000 1.000000 1.000000
X 0.543027 0.737598 -0.401336
Y -0.545778 0.673245 0.498865
Z 0.638160 -0.051857 0.768156

PART 73
OFFSET -0.568591 -6.091625 -15.241221
SCALE 1.000000 1.000000 1.000000
X 0.354175 0.914080 -0.197529
Y -0.775985 0.405137 0.483437
Z 0.521926 -0.017942 0.852802

PART 74
OFFSET 0.142661 -5.268762 -13.826839
SCALE 1.000000 1.000000 1.000000
X -0.937390 -0.342780 0.061657
Y -0.256136 0.558537 -0.788943
Z 0.235996 -0.755340 -0.611365

PART 75
OFFSET 7.037565 9.159563 -18.786216
SCALE 1.000000 1.000000 1.000000
X -0.640451 0.734964 -0.222824
Y -0.717942 -0.675986 -0.166137
Z -0.272730 0.053572 0.960598

PART 76
OFFSET 7.704722 8.720807 -17.099105
SCALE 1.000000 1.000000 1.000000
X -0.442541 0.856933 -0.264241
Y -0.836358 -0.500719 -0.223128
Z -0.323517 0.122257 0.938291

PART 77
OFFSET -1.008839 -7.102658 -15.897936
SCALE 1.000000 1.000000 1.000000
X -0.164742 -0.979400 -0.116770
Y -0.680591 0.027188 0.732159
Z -0.713902 0.200090 -0.671050

PART 78
OFFSET -0.952729 -7.082994 -15.026963
SCALE 1.000000 1.000000 1.000000
X 0.178801 -0.981243 -0.072055
Y -0.860440 -0.191464 0.472212
Z -0.477151 -0.022433 -0.878535

FRAME 2
PART 0
OFFSET 0.000000 0.000000 0.000000
SCALE 1.000000 1.000000 1.000000
X 1.000000 0.000000 0.000000
Y 0.000000 1.000000 0.000000
Z 0.000000 0.000000 1.000000

PART 1
OFFSET 0.000000 0.000000 0.000000
SCALE 1.000000 1.000000 1.000000
X 0.999988 -0.002846 -0.003949
Y 0.002851 0.999995 0.001256
Z 0.003945 -0.001267 0.999991

PART 2
OFFSET 1.556735 -0.009662 4.129671
SCALE 1.000000 1.000000 1.000000
X 0.999988 -0.002846 -0.003949
Y 0.002851 0.999995 0.001256
Z 0.003945 -0.001267 0.999991

PART 3
OFFSET -4.631834 0.000000 -1.376955
SCALE 1.000000 1.000000 1.000000
X 1.000000 0.000000 0.000000
Y 0.000000 1.000000 0.000000
Z 0.000000 0.000000 1.000000

PART 4
OFFSET -10.222481 11.385400 -13.085242
SCALE 1.000000 1.000000 1.000000
X 0.144833 0.495286 -0.856572
Y -0.247945 -0.819911 -0.516012
Z -0.957886 0.287119 0.004053

PART 5
OFFSET -16.150134 -9.236000 -8.044055
SCALE 1.000000 1.000000 1.000000
X -0.569942 0.655697 0.495205
Y -0.142414 -0.672376 0.726381
Z 0.809249 0.343471 0.476595

PART 6
OFFSET 3.415501 -5.044708 -13.963778
SCALE 1.000000 1.000000 1.000000
X 0.740793 0.563905 -0.365016
Y -0.597773 0.801284 0.024718
Z 0.306421 0.199886 0.930673

PART 7
OFFSET -8.470957 17.375365 -23.444550
SCALE 1.000000 1.000000 1.000000
X 0.574638 -0.810549 0.113145
Y -0.421434 -0.174553 0.889902
Z -0.701559 -0.559054 -0.441897

PART 8
OFFSET -9.257260 -17.165827 -14.033084
SCALE 1.000000 1.000000 1.000000
X -0.742056 -0.667443 -0.062232
Y 0.604348 -0.625950 -0.492900
Z 0.290028 -0.403369 0.867858

PART 9
OFFSET 3.415501 -5.044708 -13.963778
SCALE 1.000000 1.000000 1.000000
X 0.740793 0.563905 -0.365016
Y -0.597773 0.801284 0.024718
Z 0.306421 0.199886 0.930673

PART 10
OFFSET -1.441164 10.283427 -22.430312
SCALE 1.000000 1.000000 1.000000
X 0.578956 -0.808031 0.109064
Y 0.705959 0.563698 0.428796
Z -0.407960 -0.171260 0.896794

PART 11
OFFSET -3.132407 9.328083 -24.069348
SCALE 1.000000 1.000000 1.000000
X 0.578956 -0.808031 0.109064
Y 0.705959 0.563698 0.428796
Z -0.407960 -0.171260 0.896794

PART 12
OFFSET -2.210310 9.346822 -20.615865
SCALE 1.000000 1.000000 1.000000
X 0.578956 -0.808031 0.109064
Y 0.705959 0.563698 0.428796
Z -0.407960 -0.171260 0.896794

PART 13
OFFSET -3.496941 8.466117 -21.265562
SCALE 1.000000 1.000000 1.000000
X 0.578956 -0.808031 0.109064
Y 0.705959 0.563698 0.428796
Z -0.407960 -0.171260 0.896794

PART 14
OFFSET -4.308511 8.244003 -22.111685
SCALE 1.000000 1.000000 1.000000
X 0.578956 -0.808031 0.109064
Y 0.705959 0.563698 0.428796
Z -0.407960 -0.171260 0.896794

PART 15
OFFSET -1.821841 7.996357 -22.135373
SCALE 1.000000 1.000000 1.000000
X 0.613099 -0.022689 0.789680
Y -0.713063 -0.446188 0.540794
Z 0.340076 -0.894652 -0.289736

PART 16
OFFSET -3.583475 10.481258 -22.482227
SCALE 1.000000 1.000000 1.000000
X 0.574638 -0.810549 0.113145
Y -0.777826 -0.497904 0.383509
Z -0.254517 -0.308386 -0.916580

PART 17
OFFSET -1.895363 -9.953336 -11.676551
SCALE 1.000000 1.000000 1.000000
X -0.746516 -0.662485 -0.061865
Y -0.296793 0.414764 -0.860166
Z 0.595506 -0.623767 -0.506249

PART 18
OFFSET -2.573775 -9.195595 -13.281501
SCALE 1.000000 1.000000 1.000000
X -0.746516 -0.662485 -0.061865
Y -0.296793 0.414764 -0.860166
Z 0.595506 -0.623767 -0.506249

PART 19
OFFSET -2.615904 -9.609690 -14.479452
SCALE 1.000000 1.000000 1.000000
X -0.746516 -0.662485 -0.061865
Y -0.296793 0.414764 -0.860166
Z 0.595506 -0.623767 -0.506249

PART 20
OFFSET -0.670842 -9.442840 -13.312975
SCALE 1.000000 1.000000 1.000000
X -0.792928 -0.581373 0.182401
Y -0.189013 -0.049896 -0.980706
Z 0.579258 -0.812105 -0.070323

PART 21
OFFSET -2.945748 -11.489004 -13.503760
SCALE 1.000000 1.000000 1.000000
X -0.742056 -0.667443 -0.062232
Y 0.019409 0.071405 -0.997259
Z 0.670056 -0.741230 -0.040032

PART 22
OFFSET 1.638885 -6.299398 -10.294016
SCALE 1.000000 1.000000 1.000000
X 0.272020 0.231708 -0.933979
Y -0.597756 0.801298 0.024696
Z 0.754118 0.551573 0.356474

PART 23
OFFSET 7.183013 -2.708527 -14.020851
SCALE 1.000000 1.000000 1.000000
X 0.740793 0.563905 -0.365016
Y -0.597773 0.801284 0.024718
Z 0.306421 0.199886 0.930673

PART 24
OFFSET 1.431784 -6.629789 -9.787961
SCALE 1.000000 1.000000 1.000000
X 0.746886 0.567862 -0.345968
Y -0.597736 0.801308 0.024832
Z 0.291329 0.188251 0.937918

PART 25
OFFSET 6.488937 -2.728340 -12.629444
SCALE 1.000000 1.000000 1.000000
X 0.740793 0.563905 -0.365016
Y -0.597773 0.801284 0.024718
Z 0.306421 0.199886 0.930673

PART 26
OFFSET 4.611110 -3.663509 -11.828024
SCALE 1.000000 1.000000 1.000000
X 0.740793 0.563905 -0.365016
Y -0.597773 0.801284 0.024718
Z 0.306421 0.199886 0.930673

PART 27
OFFSET 5.876736 -3.726159 -11.010288
SCALE 1.000000 1.000000 1.000000
X 0.652051 -0.480188 0.586727
Y 0.742299 0.561864 -0.365105
Z -0.154341 0.673594 0.722807

PART 28
OFFSET 12.660207 1.905082 -15.684094
SCALE 1.000000 1.000000 1.000000
X 0.740793 0.563905 -0.365016
Y -0.597773 0.801284 0.024718
Z 0.306421 0.199886 0.930673

PART 29
OFFSET 0.398049 -7.479564 -9.604235
SCALE 1.000000 1.000000 1.000000
X -0.743768 -0.565842 0.355853
Y 0.597772 -0.801285 -0.024720
Z 0.299127 0.194333 0.934215

PART 30
OFFSET 3.278750 -3.172927 -10.972912
SCALE 1.000000 1.000000 1.000000
X 0.055565 0.010687 0.998398
Y -0.597813 0.801255 0.024694
Z -0.799708 -0.598227 0.050911

PART 31
OFFSET 3.104782 -4.424731 -10.708156
SCALE 1.000000 1.000000 1.000000
X 0.740788 0.563910 -0.365018
Y -0.671055 0.596726 -0.440004
Z -0.030307 0.570896 0.820463

PART 32
OFFSET -0.097099 7.903956 -18.542802
SCALE 1.000000 1.000000 1.000000
X 0.631476 -0.272103 0.726084
Y 0.006789 -0.934429 -0.356086
Z 0.775366 0.229789 -0.588222

PART 33
OFFSET 0.672084 8.229924 -19.265662
SCALE 1.000000 1.000000 1.000000
X 0.764411 -0.216350 0.607345
Y -0.048164 -0.958547 -0.280836
Z 0.642927 0.185422 -0.743144

PART 34
OFFSET -0.470795 8.274097 -22.104741
SCALE 1.000000 1.000000 1.000000
X 0.924394 0.197597 0.326269
Y 0.314049 -0.879738 -0.356979
Z 0.216493 0.432453 -0.875280

PART 35
OFFSET -0.857324 8.097485 -21.531211
SCALE 1.000000 1.000000 1.000000
X 0.804509 0.109957 0.583673
Y 0.358359 -0.873549 -0.329380
Z 0.473649 0.474154 -0.742182

PART 36
OFFSET -2.094553 7.188218 -21.377230
SCALE 1.000000 1.000000 1.000000
X -0.208438 -0.527016 0.823898
Y -0.978008 0.105985 -0.179631
Z 0.007347 -0.843221 -0.537517

PART 37
OFFSET -0.881758 6.738448 -18.997668
SCALE 1.000000 1.000000 1.000000
X 0.809349 -0.183841 0.557814
Y -0.174844 0.831272 0.527653
Z -0.560699 -0.524586 0.640646

PART 38
OFFSET 0.742871 6.811943 -20.727399
SCALE 1.000000 1.000000 1.000000
X 0.448899 0.425244 -0.785912
Y -0.340023 0.894633 0.289857
Z 0.826362 0.137112 0.546192

PART 39
OFFSET 2.776691 -7.441723 -13.310210
SCALE 1.000000 1.000000 1.000000
X -0.354214 -0.929546 0.102355
Y 0.928211 -0.362790 -0.082508
Z 0.113828 0.065781 0.991320

PART 40
OFFSET 2.383145 -7.412167 -14.342091
SCALE 1.000000 1.000000 1.000000
X 0.067932 -0.995576 -0.064918
Y 0.956025 0.083565 -0.281128
Z 0.285309 -0.042965 0.957472

PART 41
OFFSET -0.319338 -8.840206 -14.503263
SCALE 1.000000 1.000000 1.000000
X -0.517500 -0.483099 0.706264
Y 0.637223 -0.768440 -0.058717
Z 0.571087 0.419661 0.705510

PART 42
OFFSET 0.061607 -8.792584 -13.901437
SCALE 1.000000 1.000000 1.000000
X -0.693037 -0.542855 0.474350
Y 0.603179 -0.797009 -0.030852
Z 0.394809 0.264736 0.879796

PART 43
OFFSET -0.369559 -8.799743 -12.419743
SCALE 1.000000 1.000000 1.000000
X 0.091199 -0.958674 -0.269495
Y 0.620985 0.266309 -0.737195
Z 0.778499 -0.100121 0.619609

PART 44
OFFSET -3.500686 -12.255558 -11.762226
SCALE 1.000000 1.000000 1.000000
X -0.548440 -0.763183 0.341710
Y -0.791587 0.605539 0.081936
Z -0.269451 -0.225556 -0.936227

PART 45
OFFSET 1.014731 7.424868 -17.264402
SCALE 1.000000 1.000000 1.000000
X 0.672804 -0.389844 0.628774
Y -0.045991 -0.870295 -0.490378
Z 0.738390 0.301011 -0.603467

PART 46
OFFSET 2.165410 7.807264 -18.079187
SCALE 1.000000 1.000000 1.000000
X 0.767503 -0.369858 0.523588
Y -0.196741 -0.913258 -0.356724
Z 0.610109 0.170776 -0.773695

PART 47
OFFSET 1.613115 8.547173 -21.287969
SCALE 1.000000 1.000000 1.000000
X 0.874676 -0.134781 0.465591
Y -0.128123 -0.990687 -0.046093
Z 0.467468 -0.019337 -0.883799

PART 48
OFFSET 1.293095 8.472567 -20.119289
SCALE 1.000000 1.000000 1.000000
X 0.825655 -0.207185 0.524756
Y -0.117516 -0.972884 -0.199216
Z 0.551801 0.102816 -0.827614

PART 49
OFFSET -2.641533 6.014613 -19.647144
SCALE 1.000000 1.000000 1.000000
X 0.461724 -0.115590 0.879460
Y -0.821722 -0.429115 0.375011
Z 0.334042 -0.895823 -0.293116

PART 50
OFFSET 3.400350 -5.805072 -13.490426
SCALE 1.000000 1.000000 1.000000
X 0.569899 -0.820904 0.036504
Y 0.819122 0.564014 -0.104530
Z 0.065220 0.089472 0.993852

PART 51
OFFSET 2.250433 -5.467265 -14.215250
SCALE 1.000000 1.000000 1.000000
X 0.934147 -0.203624 -0.293098
Y 0.195031 0.979046 -0.058581
Z 0.298885 -0.002440 0.954286

PART 52
OFFSET 0.848464 -7.599356 -15.980171
SCALE 1.000000 1.000000 1.000000
X -0.186040 -0.981866 -0.036453
Y 0.793049 -0.128154 -0.595525
Z 0.580054 -0.139700 0.802510

PART 53
OFFSET 1.814966 -7.440569 -15.263904
SCALE 1.000000 1.000000 1.000000
X 0.181884 -0.970594 -0.157688
Y 0.874131 0.233039 -0.426131
Z 0.450348 -0.060333 0.890813

PART 54
OFFSET -0.671655 -6.752033 -11.799073
SCALE 1.000000 1.000000 1.000000
X -0.531576 -0.836658 0.132025
Y 0.586875 -0.476208 -0.654831
Z 0.610741 -0.270610 0.744154

PART 55
OFFSET 1.787817 6.932635 -16.463346
SCALE 1.000000 1.000000 1.000000
X 0.522990 -0.698220 0.488846
Y -0.258048 -0.676325 -0.689925
Z 0.812338 0.234678 -0.533885

PART 56
OFFSET 3.286445 7.267054 -17.314418
SCALE 1.000000 1.000000 1.000000
X 0.704942 -0.579454 0.409011
Y -0.408253 -0.803061 -0.434076
Z 0.579988 0.139018 -0.802675

PART 57
OFFSET 2.851493 8.356343 -20.628774
SCALE 1.000000 1.000000 1.000000
X 0.823720 -0.278104 0.494108
Y -0.239518 -0.960549 -0.141338
Z 0.513922 -0.001925 -0.857835

PART 58
OFFSET 2.698775 8.119832 -19.225880
SCALE 1.000000 1.000000 1.000000
X 0.770896 -0.402904 0.493344
Y -0.274159 -0.908993 -0.313957
Z 0.574940 0.106773 -0.811199

PART 59
OFFSET -1.809754 5.753278 -18.282590
SCALE 1.000000 1.000000 1.000000
X 0.589473 -0.327249 0.738533
Y -0.801892 -0.347328 0.486140
Z 0.097424 -0.878790 -0.467159

PART 60
OFFSET 2.711489 -4.801675 -13.474475
SCALE 1.000000 1.000000 1.000000
X 0.903351 0.409231 -0.128405
Y -0.411386 0.911401 0.010496
Z 0.121323 0.043342 0.991666

PART 61
OFFSET 0.885985 -5.169823 -13.787168
SCALE 1.000000 1.000000 1.000000
X 0.666302 0.706817 -0.237594
Y -0.689594 0.705305 0.164332
Z 0.283729 0.054349 0.957363

PART 62
OFFSET 1.111892 -6.209244 -15.928543
SCALE 1.000000 1.000000 1.000000
X 0.765079 -0.277902 -0.580883
Y 0.334102 0.942475 -0.010848
Z 0.550482 -0.185775 0.813915

PART 63
OFFSET 1.505305 -5.788121 -14.995456
SCALE 1.000000 1.000000 1.000000
X 0.890191 -0.050711 -0.452757
Y 0.085034 0.994816 0.055766
Z 0.447582 -0.088142 0.889889

PART 64
OFFSET 0.153123 -5.399463 -12.134628
SCALE 1.000000 1.000000 1.000000
X -0.695729 -0.338605 0.633488
Y 0.109577 -0.921631 -0.372277
Z 0.709897 -0.189588 0.678308

PART 65
OFFSET 2.378539 6.143968 -15.911171
SCALE 1.000000 1.000000 1.000000
X 0.291455 0.903786 0.313410
