// Export time: Sun Jun 19 09:53:18 2022

MODEL
VERSION 6

NUMBONES 81
BONE 0 -1 "tag_view"
BONE 1 0 "tag_ads"
BONE 2 0 "tag_cambone"
BONE 3 0 "tag_torso"
BONE 4 2 "tag_camera"
BONE 5 3 "j_shoulder_le"
BONE 6 3 "j_shoulder_ri"
BONE 7 3 "tag_weapon"
BONE 8 4 "tag_gasmask"
BONE 9 5 "j_elbow_le"
BONE 10 6 "j_elbow_ri"
BONE 11 7 "jgun"
BONE 12 9 "j_sleave_reshape_bottom_le_1"
BONE 13 9 "j_sleave_reshape_bottom_le_2"
BONE 14 9 "j_sleave_reshape_top_le_1"
BONE 15 9 "j_sleave_reshape_top_le_2"
BONE 16 9 "j_sleave_reshape_top_le_3"
BONE 17 9 "j_wrist_le"
BONE 18 9 "j_wristtwist_le"
BONE 19 10 "j_sleave_reshape_top_ri_1"
BONE 20 10 "j_sleave_reshape_top_ri_2"
BONE 21 10 "j_sleave_reshape_top_ri_3"
BONE 22 10 "j_wrist_ri"
BONE 23 10 "j_wristtwist_ri"
BONE 24 11 "j_arrow"
BONE 25 11 "j_clip_release"
BONE 26 11 "j_gear"
BONE 27 11 "tag_battery_1"
BONE 28 11 "tag_battery_2"
BONE 29 11 "tag_brass"
BONE 30 11 "tag_flash"
BONE 31 11 "tag_fx"
BONE 32 11 "tag_knob"
BONE 33 11 "tag_switch"
BONE 34 17 "j_index_le_0"
BONE 35 17 "j_mid_le_0"
BONE 36 17 "j_pinkypalm_le"
BONE 37 17 "j_ringpalm_le"
BONE 38 17 "j_thumb_le_0"
BONE 39 17 "j_webbing_le"
BONE 40 17 "tag_knife_attach"
BONE 41 22 "j_index_ri_0"
BONE 42 22 "j_mid_ri_0"
BONE 43 22 "j_pinkypalm_ri"
BONE 44 22 "j_ringpalm_ri"
BONE 45 22 "j_thumb_ri_0"
BONE 46 22 "j_webbing_ri"
BONE 47 34 "j_index_le_1"
BONE 48 35 "j_mid_le_1"
BONE 49 36 "j_pinky_le_0"
BONE 50 37 "j_ring_le_0"
BONE 51 38 "j_thumb_le_1"
BONE 52 41 "j_index_ri_1"
BONE 53 42 "j_mid_ri_1"
BONE 54 43 "j_pinky_ri_0"
BONE 55 44 "j_ring_ri_0"
BONE 56 45 "j_thumb_ri_1"
BONE 57 47 "j_index_le_2"
BONE 58 48 "j_mid_le_2"
BONE 59 49 "j_pinky_le_1"
BONE 60 50 "j_ring_le_1"
BONE 61 51 "j_thumb_le_2"
BONE 62 52 "j_index_ri_2"
BONE 63 53 "j_mid_ri_2"
BONE 64 54 "j_pinky_ri_1"
BONE 65 55 "j_ring_ri_1"
BONE 66 56 "j_thumb_ri_2"
BONE 67 57 "j_index_le_3"
BONE 68 58 "j_mid_le_3"
BONE 69 59 "j_pinky_le_2"
BONE 70 60 "j_ring_le_2"
BONE 71 61 "j_thumb_le_3"
BONE 72 62 "j_index_ri_3"
BONE 73 63 "j_mid_ri_3"
BONE 74 64 "j_pinky_ri_2"
BONE 75 65 "j_ring_ri_2"
BONE 76 66 "j_thumb_ri_3"
BONE 77 69 "j_pinky_le_3"
BONE 78 70 "j_ring_le_3"
BONE 79 74 "j_pinky_ri_3"
BONE 80 75 "j_ring_ri_3"

BONE 0
OFFSET 0.000000 0.000000 0.000000
SCALE 1.000000 1.000000 1.000000
X 1.000000 0.000000 0.000000
Y 0.000000 1.000000 0.000000
Z 0.000000 0.000000 1.000000

BONE 1
OFFSET 0.000000 0.000000 0.000000
SCALE 1.000000 1.000000 1.000000
X 1.000000 0.000000 0.000000
Y 0.000000 1.000000 0.000000
Z 0.000000 0.000000 1.000000

BONE 2
OFFSET 0.000000 0.000000 0.000000
SCALE 1.000000 1.000000 1.000000
X 1.000000 0.000000 0.000000
Y 0.000000 1.000000 0.000000
Z 0.000000 0.000000 1.000000

BONE 3
OFFSET -4.631834 0.000000 -1.376955
SCALE 1.000000 1.000000 1.000000
X 1.000000 0.000000 0.000000
Y 0.000000 1.000000 0.000000
Z 0.000000 0.000000 1.000000

BONE 4
OFFSET 0.000000 0.000000 0.000000
SCALE 1.000000 1.000000 1.000000
X 1.000000 0.000000 0.000000
Y 0.000000 1.000000 0.000000
Z 0.000000 0.000000 1.000000

BONE 5
OFFSET -3.506030 7.937290 -3.186910
SCALE 1.000000 1.000000 1.000000
X 0.473013 0.011286 -0.880983
Y 0.446796 -0.864881 0.228812
Z -0.759363 -0.501851 -0.414142

BONE 6
OFFSET -3.506032 -7.937284 -3.186909
SCALE 1.000000 1.000000 1.000000
X -0.472961 0.011498 0.881008
Y -0.446888 -0.864883 -0.228621
Z 0.759341 -0.501841 0.414195

BONE 7
OFFSET 10.527968 0.000000 -8.129675
SCALE 1.000000 1.000000 1.000000
X 1.000000 0.000000 0.000000
Y 0.000000 1.000000 0.000000
Z 0.000000 0.000000 1.000000

BONE 8
OFFSET 1.540442 0.000000 4.135746
SCALE 1.000000 1.000000 1.000000
X 1.000000 0.000000 0.000000
Y 0.000000 1.000000 0.000000
Z 0.000000 0.000000 1.000000

BONE 9
OFFSET 2.214534 8.073784 -13.841424
SCALE 1.000000 1.000000 1.000000
X 0.999978 -0.002778 0.005960
Y -0.005999 -0.014203 0.999881
Z -0.002693 -0.999895 -0.014220

BONE 10
OFFSET 2.213868 -8.076333 -13.841688
SCALE 1.000000 1.000000 1.000000
X -0.999979 -0.002688 -0.005902
Y 0.005940 -0.014396 -0.999879
Z 0.002602 -0.999893 0.014411

BONE 11
OFFSET 10.527968 0.000000 -8.129675
SCALE 1.000000 1.000000 1.000000
X 1.000000 0.000000 0.000000
Y 0.000000 1.000000 0.000000
Z 0.000000 0.000000 1.000000

BONE 12
OFFSET 12.125328 8.957945 -14.825655
SCALE 1.000000 1.000000 1.000000
X 1.000000 0.000026 0.000023
Y -0.000026 1.000000 -0.000204
Z -0.000023 0.000204 1.000000

BONE 13
OFFSET 11.739450 7.334922 -15.050498
SCALE 1.000000 1.000000 1.000000
X 1.000000 0.000026 0.000023
Y -0.000026 1.000000 -0.000204
Z -0.000023 0.000204 1.000000

BONE 14
OFFSET 12.634728 8.809988 -12.285022
SCALE 1.000000 1.000000 1.000000
X 1.000000 0.000026 0.000023
Y -0.000026 1.000000 -0.000204
Z -0.000023 0.000204 1.000000

BONE 15
OFFSET 12.530294 7.482576 -12.088634
SCALE 1.000000 1.000000 1.000000
X 1.000000 0.000026 0.000023
Y -0.000026 1.000000 -0.000204
Z -0.000023 0.000204 1.000000

BONE 16
OFFSET 12.150345 6.891033 -13.058892
SCALE 1.000000 1.000000 1.000000
X 1.000000 0.000026 0.000023
Y -0.000026 1.000000 -0.000204
Z -0.000023 0.000204 1.000000

BONE 17
OFFSET 13.785381 8.041639 -13.772455
SCALE 1.000000 1.000000 1.000000
X 0.996699 -0.023016 0.077848
Y -0.077672 0.008468 0.996943
Z -0.023605 -0.999699 0.006652

BONE 18
OFFSET 10.719777 8.050155 -13.790729
SCALE 1.000000 1.000000 1.000000
X 0.999978 -0.002778 0.005960
Y -0.005999 -0.014203 0.999881
Z -0.002693 -0.999895 -0.014220

BONE 19
OFFSET 12.634031 -8.813197 -12.285775
SCALE 1.000000 1.000000 1.000000
X -1.000000 0.000117 0.000034
Y 0.000117 1.000000 0.000012
Z -0.000034 0.000012 -1.000000

BONE 20
OFFSET 12.529739 -7.485737 -12.089631
SCALE 1.000000 1.000000 1.000000
X -1.000000 0.000117 0.000034
Y 0.000117 1.000000 0.000012
Z -0.000034 0.000012 -1.000000

BONE 21
OFFSET 12.149800 -6.894331 -13.059989
SCALE 1.000000 1.000000 1.000000
X -1.000000 0.000117 0.000034
Y 0.000117 1.000000 0.000012
Z -0.000034 0.000012 -1.000000

BONE 22
OFFSET 13.784687 -8.045215 -13.773387
SCALE 1.000000 1.000000 1.000000
X -0.996706 -0.022940 -0.077787
Y 0.077616 0.008269 -0.996949
Z 0.023513 -0.999703 -0.006462

BONE 23
OFFSET 10.719067 -8.053471 -13.791491
SCALE 1.000000 1.000000 1.000000
X -0.999979 -0.002688 -0.005902
Y 0.005940 -0.014396 -0.999879
Z 0.002602 -0.999893 0.014411

BONE 24
OFFSET 7.164814 0.147360 -5.509514
SCALE 1.000000 1.000000 1.000000
X 0.999164 0.000000 0.040886
Y -0.000000 1.000000 0.000000
Z -0.040886 -0.000000 0.999164

BONE 25
OFFSET 14.657131 -0.381582 -6.561379
SCALE 1.000000 1.000000 1.000000
X 1.000000 0.000000 0.000000
Y 0.000000 1.000000 0.000000
Z 0.000000 0.000000 1.000000

BONE 26
OFFSET 6.640368 0.018931 -5.168042
SCALE 1.000000 1.000000 1.000000
X 0.999164 -0.000005 0.040886
Y -0.000005 1.000000 0.000244
Z -0.040886 -0.000244 0.999164

BONE 27
OFFSET 13.623906 0.051835 -5.483074
SCALE 1.000000 1.000000 1.000000
X 1.000000 0.000000 0.000000
Y 0.000000 1.000000 0.000000
Z 0.000000 0.000000 1.000000

BONE 28
OFFSET 11.412947 0.444823 -5.499546
SCALE 1.000000 1.000000 1.000000
X 1.000000 0.000000 0.000000
Y 0.000000 1.000000 0.000000
Z 0.000000 0.000000 1.000000

BONE 29
OFFSET 12.016698 -0.341722 -4.363210
SCALE 1.000000 1.000000 1.000000
X -0.001968 -0.760007 0.649912
Y 0.999997 -0.002566 0.000027
Z 0.001647 0.649910 0.760010

BONE 30
OFFSET 21.923347 0.000000 -5.508794
SCALE 1.000000 1.000000 1.000000
X 1.000000 0.000000 0.000000
Y 0.000000 1.000000 0.000000
Z 0.000000 0.000000 1.000000

BONE 31
OFFSET 5.328329 -0.039500 -5.483669
SCALE 1.000000 1.000000 1.000000
X 1.000000 0.000000 0.000000
Y 0.000000 1.000000 0.000000
Z 0.000000 0.000000 1.000000

BONE 32
OFFSET 10.390456 1.655505 -5.013918
SCALE 1.000000 1.000000 1.000000
X 1.000000 0.000000 0.000000
Y 0.000000 1.000000 0.000000
Z 0.000000 0.000000 1.000000

BONE 33
OFFSET 9.459043 0.762991 -5.071042
SCALE 1.000000 1.000000 1.000000
X 1.000000 0.000000 0.000000
Y 0.000000 1.000000 0.000000
Z 0.000000 0.000000 1.000000

BONE 34
OFFSET 17.619254 8.329851 -12.719679
SCALE 1.000000 1.000000 1.000000
X 0.770374 -0.621830 0.140895
Y -0.611722 -0.783152 -0.111662
Z 0.179777 -0.000167 -0.983707

BONE 35
OFFSET 17.592995 8.143813 -13.808311
SCALE 1.000000 1.000000 1.000000
X 0.786593 -0.616938 0.025650
Y -0.616619 -0.787011 -0.019838
Z 0.032426 -0.000211 -0.999474

BONE 36
OFFSET 14.707188 7.811054 -14.772706
SCALE 1.000000 1.000000 1.000000
X 0.860535 -0.066662 -0.505010
Y -0.090725 -0.995606 -0.023173
Z -0.501247 0.065758 -0.862802

BONE 37
OFFSET 14.878081 7.951212 -14.093980
SCALE 1.000000 1.000000 1.000000
X 0.972226 -0.030482 -0.232051
Y -0.040546 -0.998427 -0.038725
Z -0.230505 0.047059 -0.971933

BONE 38
OFFSET 14.149084 7.628967 -12.772630
SCALE 1.000000 1.000000 1.000000
X 0.614036 -0.475444 0.630011
Y -0.500906 0.382124 0.776578
Z -0.609962 -0.792423 -0.003515

BONE 39
OFFSET 16.721931 7.448283 -11.945994
SCALE 1.000000 1.000000 1.000000
X 0.946247 -0.301276 -0.117687
Y 0.309148 0.949411 0.055192
Z 0.095105 -0.088608 0.991516

BONE 40
OFFSET 16.493502 6.451252 -14.088528
SCALE 1.000000 1.000000 1.000000
X -0.281353 0.000223 -0.959604
Y 0.023572 0.999700 -0.006679
Z 0.959315 -0.024499 -0.281274

BONE 41
OFFSET 17.618492 -8.333608 -12.720783
SCALE 1.000000 1.000000 1.000000
X -0.770439 -0.621786 -0.140732
Y 0.611657 -0.783187 0.111777
Z -0.179720 0.000038 0.983718

BONE 42
OFFSET 17.592179 -8.147746 -13.809475
SCALE 1.000000 1.000000 1.000000
X -0.786651 -0.616871 -0.025486
Y 0.616548 -0.787064 0.019954
Z -0.032368 -0.000017 0.999476

BONE 43
OFFSET 14.706429 -7.814916 -14.773771
SCALE 1.000000 1.000000 1.000000
X -0.860512 -0.066487 0.505072
Y 0.090635 -0.995610 0.023358
Z 0.501302 0.065877 0.862761

BONE 44
OFFSET 14.877338 -7.954973 -14.095002
SCALE 1.000000 1.000000 1.000000
X -0.972216 -0.030348 0.232112
Y 0.040457 -0.998423 0.038915
Z 0.230565 0.047224 0.971910

BONE 45
OFFSET 14.148474 -7.632428 -12.773701
SCALE 1.000000 1.000000 1.000000
X -0.614115 -0.475508 -0.629885
Y 0.500897 0.381929 -0.776680
Z 0.609889 -0.792478 0.003632

BONE 46
OFFSET 9.583523 -8.683527 -13.257562
SCALE 1.000000 1.000000 1.000000
X -0.946267 -0.301167 0.117798
Y -0.309064 0.949429 -0.055357
Z -0.095170 -0.088789 -0.991493

BONE 47
OFFSET 18.975622 7.235045 -12.471616
SCALE 1.000000 1.000000 1.000000
X 0.426080 -0.903326 0.049576
Y -0.880208 -0.426590 -0.207977
Z 0.209020 0.044978 -0.976877

BONE 48
OFFSET 19.129645 6.938577 -13.758203
SCALE 1.000000 1.000000 1.000000
X 0.028191 -0.999545 -0.010737
Y -0.999561 -0.028286 0.008827
Z -0.009127 0.010483 -0.999903

BONE 49
OFFSET 16.702560 7.529624 -15.784546
SCALE 1.000000 1.000000 1.000000
X 0.856305 -0.436555 -0.275973
Y -0.415450 -0.899678 0.134096
Z -0.306827 -0.000174 -0.951765

BONE 50
OFFSET 17.368017 7.901126 -14.839723
SCALE 1.000000 1.000000 1.000000
X 0.831791 -0.508810 -0.221890
Y -0.491563 -0.860879 0.131356
Z -0.257856 -0.000188 -0.966183

BONE 51
OFFSET 15.390172 6.597023 -11.335830
SCALE 1.000000 1.000000 1.000000
X 0.914600 -0.402904 0.034285
Y -0.079033 -0.094964 0.992338
Z -0.396561 -0.910302 -0.118697

BONE 52
OFFSET 18.974939 -7.238906 -12.473018
SCALE 1.000000 1.000000 1.000000
X -0.426165 -0.903297 -0.049378
Y 0.880181 -0.426630 0.208009
Z -0.208960 0.045184 0.976880

BONE 53
OFFSET 19.128955 -6.942633 -13.759665
SCALE 1.000000 1.000000 1.000000
X -0.028282 -0.999540 0.010930
Y 0.999558 -0.028379 -0.008879
Z 0.009185 0.010674 0.999901

BONE 54
OFFSET 16.701673 -7.533858 -15.785765
SCALE 1.000000 1.000000 1.000000
X -0.856329 -0.436423 0.276106
Y 0.415360 -0.899741 -0.133947
Z 0.306882 -0.000019 0.951748

BONE 55
OFFSET 17.367110 -7.905252 -14.840912
SCALE 1.000000 1.000000 1.000000
X -0.831825 -0.508692 0.222036
Y 0.491476 -0.860949 -0.131219
Z 0.257911 -0.000026 0.966169

BONE 56
OFFSET 15.389750 -6.600382 -11.337192
SCALE 1.000000 1.000000 1.000000
X -0.914639 -0.402827 -0.034156
Y 0.078968 -0.095161 -0.992325
Z 0.396485 -0.910316 0.118849

BONE 57
OFFSET 19.480935 6.134191 -12.352000
SCALE 1.000000 1.000000 1.000000
X 0.139867 -0.988423 0.058794
Y -0.965342 -0.149333 -0.214045
Z 0.220347 -0.026819 -0.975053

BONE 58
OFFSET 19.170808 5.478592 -13.773886
SCALE 1.000000 1.000000 1.000000
X -0.530257 -0.847832 0.002885
Y -0.845550 0.529073 0.071600
Z -0.062231 0.035527 -0.997429

BONE 59
OFFSET 17.914911 6.911569 -16.175260
SCALE 1.000000 1.000000 1.000000
X 0.129539 -0.991001 -0.033705
Y -0.958734 -0.133852 0.250822
Z -0.253077 -0.000178 -0.967446

BONE 60
OFFSET 18.784157 7.034918 -15.217476
SCALE 1.000000 1.000000 1.000000
X 0.018773 -0.999821 0.002180
Y -0.972654 -0.017757 0.231579
Z -0.231499 -0.006468 -0.972814

BONE 61
OFFSET 16.826971 5.850318 -11.352971
SCALE 1.000000 1.000000 1.000000
X 0.780326 -0.439672 -0.444724
Y 0.353900 -0.275850 0.893679
Z -0.515602 -0.854749 -0.059653

BONE 62
OFFSET 19.480335 -6.138118 -12.353656
SCALE 1.000000 1.000000 1.000000
X -0.139961 -0.988422 -0.058597
Y 0.965340 -0.149380 0.214019
Z -0.220294 -0.026612 0.975071

BONE 63
OFFSET 19.170290 -5.482666 -13.775660
SCALE 1.000000 1.000000 1.000000
X 0.530179 -0.847881 -0.002753
Y 0.845594 0.528982 -0.071750
Z 0.062292 0.035712 0.997419

BONE 64
OFFSET 17.914019 -6.916029 -16.176640
SCALE 1.000000 1.000000 1.000000
X -0.129628 -0.990983 0.033902
Y 0.958708 -0.133988 -0.250851
Z 0.253132 -0.000015 0.967432

BONE 65
OFFSET 18.783199 -7.039318 -15.218916
SCALE 1.000000 1.000000 1.000000
X -0.018864 -0.999820 -0.001987
Y 0.972639 -0.017891 -0.231631
Z 0.231554 -0.006303 0.972802

BONE 66
OFFSET 16.826604 -5.853801 -11.354562
SCALE 1.000000 1.000000 1.000000
X -0.780341 -0.439515 0.444853
Y -0.353976 -0.275989 -0.893606
Z 0.515527 -0.854785 0.059788

BONE 67
OFFSET 19.638959 5.017782 -12.285585
SCALE 1.000000 1.000000 1.000000
X 0.887898 0.448971 -0.100306
Y -0.450257 0.892835 0.010719
Z 0.094369 0.035646 0.994899

BONE 68
OFFSET 18.570407 4.518236 -13.777732
SCALE 1.000000 1.000000 1.000000
X 0.950633 0.309850 0.017011
Y -0.309484 0.950670 -0.021109
Z -0.022713 0.014802 0.999632

BONE 69
OFFSET 18.029782 6.032939 -16.205148
SCALE 1.000000 1.000000 1.000000
X -0.508593 -0.843957 0.170498
Y -0.800279 0.536410 0.267989
Z -0.317628 -0.000148 -0.948215

BONE 70
OFFSET 18.810222 5.649286 -15.214466
SCALE 1.000000 1.000000 1.000000
X -0.560903 -0.817057 0.133434
Y -0.794949 0.576556 0.188781
Z -0.231177 -0.000185 -0.972912

BONE 71
OFFSET 17.653239 5.331017 -11.821414
SCALE 1.000000 1.000000 1.000000
X 0.980151 0.167668 -0.105791
Y -0.164874 0.985704 0.034688
Z 0.110095 -0.016557 0.993783

BONE 72
OFFSET 19.638455 -5.021742 -12.287442
SCALE 1.000000 1.000000 1.000000
X -0.887851 0.449072 0.100271
Y 0.450338 0.892792 -0.010916
Z -0.094423 0.035464 -0.994900

BONE 73
OFFSET 18.569945 -4.522262 -13.779635
SCALE 1.000000 1.000000 1.000000
X -0.950606 0.309933 -0.017017
Y 0.309572 0.950646 0.020909
Z 0.022657 0.014608 -0.999637

BONE 74
OFFSET 18.028947 -6.037414 -16.206704
SCALE 1.000000 1.000000 1.000000
X 0.508506 -0.844037 -0.170365
Y 0.800312 0.536286 -0.268138
Z 0.317682 0.000005 0.948197

BONE 75
OFFSET 18.809386 -5.653706 -15.216180
SCALE 1.000000 1.000000 1.000000
X 0.560821 -0.817134 -0.133309
Y 0.794991 0.576447 -0.188937
Z 0.231233 -0.000020 0.972898

BONE 76
OFFSET 17.652938 -5.334700 -11.823176
SCALE 1.000000 1.000000 1.000000
X -0.980129 0.167778 0.105815
Y 0.164962 0.985683 -0.034886
Z -0.110153 -0.016737 -0.993774

BONE 77
OFFSET 17.546607 5.231158 -16.043171
SCALE 1.000000 1.000000 1.000000
X 0.937290 0.308800 -0.161649
Y -0.317043 0.948018 -0.027298
Z 0.144817 0.076836 0.986471

BONE 78
OFFSET 18.201971 4.763200 -15.069776
SCALE 1.000000 1.000000 1.000000
X 0.901871 0.340057 -0.266438
Y -0.319221 0.940133 0.119362
Z 0.291077 -0.022596 0.956433

BONE 79
OFFSET 17.545844 -5.235551 -16.044864
SCALE 1.000000 1.000000 1.000000
X -0.937252 0.308917 0.161643
Y 0.317131 0.947994 0.027098
Z -0.144866 0.076660 -0.986477

BONE 80
OFFSET 18.201208 -4.767469 -15.071592
SCALE 1.000000 1.000000 1.000000
X -0.901825 0.340191 0.266424
Y 0.319300 0.940081 -0.119560
Z -0.291134 -0.022753 -0.956412


NUMVERTS 3547
VERT 0
OFFSET -3.961306 9.916158 -9.390704
BONES 1
BONE 5 1.000000

VERT 1
OFFSET -2.258409 11.014558 -7.922965
BONES 1
BONE 5 1.000000

VERT 2
OFFSET -5.562606 9.686899 -6.694468
BONES 1
BONE 5 1.000000

VERT 3
OFFSET -3.594758 10.981917 -5.046093
BONES 1
BONE 5 1.000000

VERT 4
OFFSET -6.982704 9.079556 -3.484105
BONES 1
BONE 5 1.000000

VERT 5
OFFSET -5.044134 10.471564 -2.034988
BONES 1
BONE 5 1.000000

VERT 6
OFFSET -1.917105 10.646613 -4.184610
BONES 1
BONE 5 1.000000

VERT 7
OFFSET -3.059060 10.495876 -1.125707
BONES 1
BONE 5 1.000000

VERT 8
OFFSET -1.395683 9.235776 -0.866497
BONES 1
BONE 5 1.000000

VERT 9
OFFSET -0.898005 10.730621 -7.423683
BONES 1
BONE 5 1.000000

VERT 10
OFFSET -0.537200 9.629481 -3.970921
BONES 1
BONE 5 1.000000

VERT 11
OFFSET -0.819637 7.731465 -1.318809
BONES 1
BONE 5 1.000000

VERT 12
OFFSET 0.322732 8.278905 -4.548519
BONES 1
BONE 5 1.000000

VERT 13
OFFSET -0.813585 6.735953 -2.162498
BONES 1
BONE 5 1.000000

VERT 14
OFFSET 0.628136 6.940021 -5.199054
BONES 1
BONE 5 1.000000

VERT 15
OFFSET -0.779651 6.203772 -2.825655
BONES 1
BONE 5 1.000000

VERT 16
OFFSET 0.361993 9.664448 -7.320692
BONES 1
BONE 5 1.000000

VERT 17
OFFSET 0.991838 8.304511 -8.211815
BONES 1
BONE 5 1.000000

VERT 18
OFFSET 1.472601 6.973076 -7.536501
BONES 1
BONE 5 1.000000

VERT 19
OFFSET 1.358747 6.397598 -7.661685
BONES 1
BONE 5 1.000000

VERT 20
OFFSET 0.434723 5.884246 -6.392323
BONES 1
BONE 5 1.000000

VERT 21
OFFSET -1.917105 5.478593 -3.726763
BONES 1
BONE 5 1.000000

VERT 22
OFFSET -1.166217 5.736614 -6.968112
BONES 1
BONE 5 1.000000

VERT 23
OFFSET -3.060664 4.813262 -5.179966
BONES 1
BONE 5 1.000000

VERT 24
OFFSET 1.466704 6.450361 -8.529066
BONES 1
BONE 5 1.000000

VERT 25
OFFSET 0.727971 5.922836 -7.952502
BONES 1
BONE 5 1.000000

VERT 26
OFFSET -0.202311 5.281766 -8.851280
BONES 1
BONE 5 1.000000

VERT 27
OFFSET -1.405823 5.337012 -9.272453
BONES 1
BONE 5 1.000000

VERT 28
OFFSET -2.069911 5.235986 -7.324624
BONES 1
BONE 5 1.000000

VERT 29
OFFSET -2.852302 5.955734 -7.354262
BONES 1
BONE 5 1.000000

VERT 30
OFFSET -4.630980 4.620988 -5.689438
BONES 1
BONE 5 1.000000

VERT 31
OFFSET 1.775315 7.278272 -8.217350
BONES 1
BONE 5 1.000000

VERT 32
OFFSET -2.052479 5.518888 -9.343166
BONES 1
BONE 5 1.000000

VERT 33
OFFSET -2.580469 6.595562 -9.413773
BONES 1
BONE 5 1.000000

VERT 34
OFFSET -4.247001 5.617173 -8.059164
BONES 1
BONE 5 1.000000

VERT 35
OFFSET -4.765474 6.305521 -7.715740
BONES 1
BONE 5 1.000000

VERT 36
OFFSET -5.975813 5.365152 -5.539323
BONES 1
BONE 5 1.000000

VERT 37
OFFSET -5.873805 7.821265 -7.453942
BONES 1
BONE 5 1.000000

VERT 38
OFFSET -7.177463 6.870135 -5.004712
BONES 1
BONE 5 1.000000

VERT 39
OFFSET -1.855704 6.246758 -11.896682
BONES 1
BONE 5 1.000000

VERT 40
OFFSET -2.403093 7.194264 -11.598831
BONES 1
BONE 5 1.000000

VERT 41
OFFSET -3.714302 6.494744 -10.225806
BONES 1
BONE 5 1.000000

VERT 42
OFFSET -4.452259 8.051302 -9.903643
BONES 1
BONE 5 1.000000

VERT 43
OFFSET -3.961306 9.916158 -9.390704
BONES 1
BONE 5 1.000000

VERT 44
OFFSET -5.562606 9.686899 -6.694468
BONES 1
BONE 5 1.000000

VERT 45
OFFSET -6.982704 9.079556 -3.484105
BONES 1
BONE 5 1.000000

VERT 46
OFFSET -3.319615 7.178852 -11.799692
BONES 1
BONE 5 1.000000

VERT 47
OFFSET -3.442677 8.133239 -11.964448
BONES 1
BONE 5 1.000000

VERT 48
OFFSET -3.072510 9.680692 -11.652835
BONES 1
BONE 5 1.000000

VERT 49
OFFSET 0.912745 5.608535 -9.806496
BONES 1
BONE 5 1.000000

VERT 50
OFFSET -7.177463 -6.870135 -5.004712
BONES 1
BONE 6 1.000000

VERT 51
OFFSET -6.982704 -9.079556 -3.484105
BONES 1
BONE 6 1.000000

VERT 52
OFFSET -5.562606 -9.686899 -6.694468
BONES 1
BONE 6 1.000000

VERT 53
OFFSET -5.873805 -7.821265 -7.453942
BONES 1
BONE 6 1.000000

VERT 54
OFFSET -5.975813 -5.365152 -5.539323
BONES 1
BONE 6 1.000000

VERT 55
OFFSET -4.765474 -6.305521 -7.715740
BONES 1
BONE 6 1.000000

VERT 56
OFFSET -4.630980 -4.620988 -5.689438
BONES 1
BONE 6 1.000000

VERT 57
OFFSET -4.247001 -5.617173 -8.059164
BONES 1
BONE 6 1.000000

VERT 58
OFFSET -2.852302 -5.955734 -7.354262
BONES 1
BONE 6 1.000000

VERT 59
OFFSET -3.060664 -4.813262 -5.179966
BONES 1
BONE 6 1.000000

VERT 60
OFFSET -3.961306 -9.916158 -9.390704
BONES 1
BONE 6 1.000000

VERT 61
OFFSET -4.452259 -8.051302 -9.903643
BONES 1
BONE 6 1.000000

VERT 62
OFFSET -3.714302 -6.494744 -10.225806
BONES 1
BONE 6 1.000000

VERT 63
OFFSET -2.580469 -6.595562 -9.413773
BONES 1
BONE 6 1.000000

VERT 64
OFFSET -2.052479 -5.518888 -9.343166
BONES 1
BONE 6 1.000000

VERT 65
OFFSET -2.069911 -5.235986 -7.324624
BONES 1
BONE 6 1.000000

VERT 66
OFFSET -1.166217 -5.736614 -6.968112
BONES 1
BONE 6 1.000000

VERT 67
OFFSET -1.917105 -5.478593 -3.726763
BONES 1
BONE 6 1.000000

VERT 68
OFFSET -3.072510 -9.680692 -11.652835
BONES 1
BONE 6 1.000000

VERT 69
OFFSET -3.442677 -8.133239 -11.964448
BONES 1
BONE 6 1.000000

VERT 70
OFFSET -3.319615 -7.178852 -11.799692
BONES 1
BONE 6 1.000000

VERT 71
OFFSET -2.403093 -7.194264 -11.598831
BONES 1
BONE 6 1.000000

VERT 72
OFFSET -1.855704 -6.246758 -11.896682
BONES 1
BONE 6 1.000000

VERT 73
OFFSET -1.405823 -5.337012 -9.272453
BONES 1
BONE 6 1.000000

VERT 74
OFFSET -0.202311 -5.281766 -8.851280
BONES 1
BONE 6 1.000000

VERT 75
OFFSET 0.434723 -5.884246 -6.392323
BONES 1
BONE 6 1.000000

VERT 76
OFFSET -0.779651 -6.203772 -2.825655
BONES 1
BONE 6 1.000000

VERT 77
OFFSET 0.628136 -6.940021 -5.199054
BONES 1
BONE 6 1.000000

VERT 78
OFFSET -0.813585 -6.735953 -2.162498
BONES 1
BONE 6 1.000000

VERT 79
OFFSET 0.322732 -8.278905 -4.548519
BONES 1
BONE 6 1.000000

VERT 80
OFFSET -0.819637 -7.731465 -1.318809
BONES 1
BONE 6 1.000000

VERT 81
OFFSET 0.727971 -5.922836 -7.952502
BONES 1
BONE 6 1.000000

VERT 82
OFFSET 1.358747 -6.397598 -7.661685
BONES 1
BONE 6 1.000000

VERT 83
OFFSET 1.472601 -6.973076 -7.536501
BONES 1
BONE 6 1.000000

VERT 84
OFFSET 0.991838 -8.304511 -8.211815
BONES 1
BONE 6 1.000000

VERT 85
OFFSET 0.361993 -9.664448 -7.320692
BONES 1
BONE 6 1.000000

VERT 86
OFFSET -0.537200 -9.629481 -3.970921
BONES 1
BONE 6 1.000000

VERT 87
OFFSET -1.395683 -9.235776 -0.866497
BONES 1
BONE 6 1.000000

VERT 88
OFFSET 0.912745 -5.608535 -9.806496
BONES 1
BONE 6 1.000000

VERT 89
OFFSET 1.466704 -6.450361 -8.529066
BONES 1
BONE 6 1.000000

VERT 90
OFFSET 1.775315 -7.278272 -8.217350
BONES 1
BONE 6 1.000000

VERT 91
OFFSET -0.898005 -10.730621 -7.423683
BONES 1
BONE 6 1.000000

VERT 92
OFFSET -1.917105 -10.646613 -4.184610
BONES 1
BONE 6 1.000000

VERT 93
OFFSET -3.059060 -10.495876 -1.125707
BONES 1
BONE 6 1.000000

VERT 94
OFFSET -5.044134 -10.471564 -2.034988
BONES 1
BONE 6 1.000000

VERT 95
OFFSET -3.594758 -10.981917 -5.046093
BONES 1
BONE 6 1.000000

VERT 96
OFFSET -6.982704 -9.079556 -3.484105
BONES 1
BONE 6 1.000000

VERT 97
OFFSET -5.562606 -9.686899 -6.694468
BONES 1
BONE 6 1.000000

VERT 98
OFFSET -2.258409 -11.014558 -7.922965
BONES 1
BONE 6 1.000000

VERT 99
OFFSET -3.961306 -9.916158 -9.390704
BONES 1
BONE 6 1.000000

VERT 100
OFFSET 3.816514 6.754006 -12.270369
BONES 1
BONE 9 1.000000

VERT 101
OFFSET 3.856862 6.366302 -12.801670
BONES 1
BONE 9 1.000000

VERT 102
OFFSET 3.551096 6.456515 -12.116165
BONES 1
BONE 9 1.000000

VERT 103
OFFSET 4.560265 6.545863 -12.780823
BONES 1
BONE 9 1.000000

VERT 104
OFFSET 4.929088 6.954404 -11.920841
BONES 1
BONE 9 1.000000

VERT 105
OFFSET 4.940054 7.716774 -10.982746
BONES 1
BONE 9 1.000000

VERT 106
OFFSET 4.147938 8.324012 -10.803768
BONES 1
BONE 9 1.000000

VERT 107
OFFSET 4.269965 8.783826 -11.263372
BONES 1
BONE 9 1.000000

VERT 108
OFFSET 4.234634 7.855923 -10.907224
BONES 1
BONE 9 1.000000

VERT 109
OFFSET 5.125189 7.206914 -11.174142
BONES 1
BONE 9 1.000000

VERT 110
OFFSET 4.940054 -7.716774 -10.982746
BONES 1
BONE 10 1.000000

VERT 111
OFFSET 4.269965 -8.783826 -11.263372
BONES 1
BONE 10 1.000000

VERT 112
OFFSET 4.147938 -8.324012 -10.803768
BONES 1
BONE 10 1.000000

VERT 113
OFFSET 4.234634 -7.855923 -10.907224
BONES 1
BONE 10 1.000000

VERT 114
OFFSET 5.125189 -7.214600 -11.174142
BONES 1
BONE 10 1.000000

VERT 115
OFFSET 4.560265 -6.563755 -12.780823
BONES 1
BONE 10 1.000000

VERT 116
OFFSET 4.929088 -6.969602 -11.920841
BONES 1
BONE 10 1.000000

VERT 117
OFFSET 3.816514 -6.754006 -12.270369
BONES 1
BONE 10 1.000000

VERT 118
OFFSET 3.856862 -6.367002 -12.801670
BONES 1
BONE 10 1.000000

VERT 119
OFFSET 3.551096 -6.456515 -12.116165
BONES 1
BONE 10 1.000000

VERT 120
OFFSET 6.501335 7.846461 -11.265103
BONES 1
BONE 9 1.000000

VERT 121
OFFSET -3.072510 9.680692 -11.652835
BONES 1
BONE 5 1.000000

VERT 122
OFFSET 2.385761 10.509690 -15.070579
BONES 1
BONE 9 1.000000

VERT 123
OFFSET 3.382337 11.076941 -14.411326
BONES 1
BONE 9 1.000000

VERT 124
OFFSET 3.654963 11.112794 -13.430260
BONES 1
BONE 9 1.000000

VERT 125
OFFSET 5.457623 10.684622 -13.853552
BONES 1
BONE 9 1.000000

VERT 126
OFFSET 3.605411 8.463161 -10.947571
BONES 1
BONE 9 1.000000

VERT 127
OFFSET 2.385761 -10.509690 -15.070579
BONES 1
BONE 10 1.000000

VERT 128
OFFSET 3.365858 -10.862839 -14.458425
BONES 1
BONE 10 1.000000

VERT 129
OFFSET 3.617619 -10.746812 -13.475432
BONES 1
BONE 10 1.000000

VERT 130
OFFSET 5.540516 -11.008091 -13.705157
BONES 1
BONE 10 1.000000

VERT 131
OFFSET -3.072510 -9.680692 -11.652835
BONES 1
BONE 6 1.000000

VERT 132
OFFSET 3.605411 -8.463161 -10.947571
BONES 1
BONE 10 1.000000

VERT 133
OFFSET 6.484610 -7.838634 -11.465476
BONES 1
BONE 10 1.000000

VERT 134
OFFSET 0.588201 10.498981 -11.372312
BONES 2
BONE 9 0.328125
BONE 5 0.671875

VERT 135
OFFSET 1.261549 11.083823 -11.345932
BONES 2
BONE 9 0.468750
BONE 5 0.531250

VERT 136
OFFSET 1.748157 10.485636 -10.778575
BONES 2
BONE 9 0.406250
BONE 5 0.593750

VERT 137
OFFSET 2.616521 7.777296 -10.985230
BONES 2
BONE 9 0.589844
BONE 5 0.410156

VERT 138
OFFSET 2.972877 9.217310 -10.916483
BONES 2
BONE 9 0.816406
BONE 5 0.183594

VERT 139
OFFSET 2.730582 7.631008 -11.521291
BONES 2
BONE 9 0.863281
BONE 5 0.136719

VERT 140
OFFSET 1.748157 -10.485636 -10.778575
BONES 2
BONE 6 0.636719
BONE 10 0.363281

VERT 141
OFFSET 1.261549 -11.083823 -11.345932
BONES 2
BONE 6 0.593750
BONE 10 0.406250

VERT 142
OFFSET 0.588201 -10.498981 -11.372312
BONES 2
BONE 6 0.714844
BONE 10 0.285156

VERT 143
OFFSET 2.616521 -7.777296 -10.985230
BONES 2
BONE 6 0.398438
BONE 10 0.601562

VERT 144
OFFSET 2.730582 -7.631008 -11.521291
BONES 2
BONE 6 0.136719
BONE 10 0.863281

VERT 145
OFFSET 2.972877 -9.217310 -10.916483
BONES 2
BONE 6 0.183594
BONE 10 0.816406

VERT 146
OFFSET 8.243571 5.785805 -14.561972
BONES 2
BONE 9 0.972656
BONE 16 0.027344

VERT 147
OFFSET 10.014733 8.883192 -11.749746
BONES 2
BONE 9 0.949219
BONE 18 0.050781

VERT 148
OFFSET 9.913237 9.466701 -12.167759
BONES 2
BONE 9 0.949219
BONE 18 0.050781

VERT 149
OFFSET 9.595721 9.900800 -12.869395
BONES 2
BONE 9 0.949219
BONE 18 0.050781

VERT 150
OFFSET 9.168224 9.016599 -11.572347
BONES 2
BONE 9 0.949219
BONE 18 0.050781

VERT 151
OFFSET 9.209758 9.594029 -12.148943
BONES 2
BONE 9 0.949219
BONE 18 0.050781

VERT 152
OFFSET 8.039668 9.694039 -12.092283
BONES 2
BONE 9 0.957031
BONE 18 0.042969

VERT 153
OFFSET 9.078051 9.974481 -12.823905
BONES 2
BONE 9 0.949219
BONE 18 0.050781

VERT 154
OFFSET 8.251544 10.384049 -13.824090
BONES 2
BONE 9 0.976562
BONE 18 0.023438

VERT 155
OFFSET 7.782565 8.513749 -11.825538
BONES 2
BONE 9 0.960938
BONE 18 0.039062

VERT 156
OFFSET 6.711627 9.308985 -11.466544
BONES 2
BONE 9 0.957031
BONE 5 0.042969

VERT 157
OFFSET 7.573802 7.801221 -11.843298
BONES 2
BONE 9 0.957031
BONE 18 0.042969

VERT 158
OFFSET 6.620378 8.465409 -11.173525
BONES 2
BONE 9 0.972656
BONE 5 0.027344

VERT 159
OFFSET 4.870841 8.627087 -11.398080
BONES 2
BONE 9 0.980469
BONE 5 0.019531

VERT 160
OFFSET 5.044578 9.340756 -11.672880
BONES 2
BONE 9 0.964844
BONE 5 0.035156

VERT 161
OFFSET 5.244339 9.762129 -12.085722
BONES 2
BONE 9 0.972656
BONE 5 0.027344

VERT 162
OFFSET 6.318657 7.059675 -11.488757
BONES 2
BONE 9 0.984375
BONE 18 0.015625

VERT 163
OFFSET 4.049809 9.645359 -11.407931
BONES 2
BONE 9 0.957031
BONE 5 0.042969

VERT 164
OFFSET 6.024642 6.438702 -12.532683
BONES 2
BONE 9 0.984375
BONE 5 0.015625

VERT 165
OFFSET 6.087506 6.656445 -11.748693
BONES 2
BONE 9 0.984375
BONE 18 0.015625

VERT 166
OFFSET 3.912832 7.394145 -11.537327
BONES 2
BONE 9 0.984375
BONE 5 0.015625

VERT 167
OFFSET 3.745802 7.920324 -10.947416
BONES 2
BONE 9 0.964844
BONE 5 0.035156

VERT 168
OFFSET 4.116384 6.081981 -13.714778
BONES 2
BONE 9 0.972656
BONE 5 0.027344

VERT 169
OFFSET 3.577891 7.104052 -11.528686
BONES 2
BONE 9 0.960938
BONE 5 0.039062

VERT 170
OFFSET 5.970605 8.077404 -16.542077
BONES 2
BONE 9 0.960938
BONE 5 0.039062

VERT 171
OFFSET 5.622298 6.952901 -16.724589
BONES 2
BONE 9 0.945312
BONE 5 0.054688

VERT 172
OFFSET 5.623075 6.607098 -16.333473
BONES 2
BONE 9 0.953125
BONE 5 0.046875

VERT 173
OFFSET 5.760466 7.018559 -15.245523
BONES 2
BONE 9 0.968750
BONE 5 0.031250

VERT 174
OFFSET 4.308037 8.285579 -16.322816
BONES 2
BONE 9 0.960938
BONE 5 0.039062

VERT 175
OFFSET 3.875898 7.150453 -16.817341
BONES 2
BONE 9 0.941406
BONE 5 0.058594

VERT 176
OFFSET 3.893952 6.846962 -16.612445
BONES 2
BONE 9 0.937500
BONE 5 0.062500

VERT 177
OFFSET 4.450445 7.004838 -15.468731
BONES 2
BONE 9 0.945312
BONE 5 0.054688

VERT 178
OFFSET 5.760466 7.018559 -15.245523
BONES 2
BONE 9 0.968750
BONE 5 0.031250

VERT 179
OFFSET 1.782246 8.437246 -16.145027
BONES 2
BONE 9 0.914062
BONE 5 0.085938

VERT 180
OFFSET 1.534623 7.630543 -16.647567
BONES 2
BONE 9 0.859375
BONE 5 0.140625

VERT 181
OFFSET 1.478394 7.263842 -16.451570
BONES 2
BONE 9 0.773438
BONE 5 0.226562

VERT 182
OFFSET 1.426821 6.863360 -15.764254
BONES 2
BONE 9 0.800781
BONE 5 0.199219

VERT 183
OFFSET 4.220908 6.376592 -15.485831
BONES 2
BONE 9 0.921875
BONE 5 0.078125

VERT 184
OFFSET 5.703232 5.916957 -15.368020
BONES 2
BONE 9 0.957031
BONE 5 0.042969

VERT 185
OFFSET -0.034712 7.704669 -16.209895
BONES 2
BONE 9 0.546875
BONE 5 0.453125

VERT 186
OFFSET 0.573769 7.179886 -16.005361
BONES 2
BONE 9 0.730469
BONE 5 0.269531

VERT 187
OFFSET 1.295638 6.283175 -15.662970
BONES 2
BONE 9 0.828125
BONE 5 0.171875

VERT 188
OFFSET 2.125877 5.577186 -14.923566
BONES 2
BONE 9 0.925781
BONE 5 0.074219

VERT 189
OFFSET 4.191682 5.972645 -15.068177
BONES 2
BONE 9 0.921875
BONE 5 0.078125

VERT 190
OFFSET 0.061710 8.748754 -15.818000
BONES 2
BONE 9 0.566406
BONE 5 0.433594

VERT 191
OFFSET -1.221204 8.029626 -15.383378
BONES 2
BONE 9 0.355469
BONE 5 0.644531

VERT 192
OFFSET -0.944199 7.139019 -14.880580
BONES 2
BONE 9 0.410156
BONE 5 0.589844

VERT 193
OFFSET 0.093885 6.925745 -15.793844
BONES 2
BONE 9 0.636719
BONE 5 0.363281

VERT 194
OFFSET 0.627670 5.636882 -14.364124
BONES 2
BONE 9 0.656250
BONE 5 0.343750

VERT 195
OFFSET 1.513673 5.483508 -13.339594
BONES 2
BONE 9 0.875000
BONE 5 0.125000

VERT 196
OFFSET 2.736685 5.194190 -13.660775
BONES 2
BONE 9 0.914062
BONE 5 0.085938

VERT 197
OFFSET -1.016360 9.341664 -15.082062
BONES 2
BONE 9 0.402344
BONE 5 0.597656

VERT 198
OFFSET -2.161470 8.033506 -14.291705
BONES 2
BONE 9 0.113281
BONE 5 0.886719

VERT 199
OFFSET -1.761196 6.957505 -13.477654
BONES 2
BONE 9 0.070312
BONE 5 0.929688

VERT 200
OFFSET -0.273386 5.918698 -13.650379
BONES 2
BONE 9 0.253906
BONE 5 0.746094

VERT 201
OFFSET -2.037529 9.442483 -13.669879
BONES 2
BONE 9 0.171875
BONE 5 0.828125

VERT 202
OFFSET -1.013049 6.164770 -12.842279
BONES 2
BONE 9 0.183594
BONE 5 0.816406

VERT 203
OFFSET -0.569893 5.309545 -10.966295
BONES 2
BONE 9 0.039062
BONE 5 0.960938

VERT 204
OFFSET 0.319317 4.744663 -12.098837
BONES 2
BONE 9 0.191406
BONE 5 0.808594

VERT 205
OFFSET 0.324542 5.125961 -10.830563
BONES 2
BONE 9 0.058594
BONE 5 0.941406

VERT 206
OFFSET 1.353729 6.688932 -9.543614
BONES 2
BONE 9 0.015625
BONE 5 0.984375

VERT 207
OFFSET 1.231909 7.022373 -10.775057
BONES 2
BONE 9 0.046875
BONE 5 0.953125

VERT 208
OFFSET 0.842084 6.033275 -11.457095
BONES 2
BONE 9 0.097656
BONE 5 0.902344

VERT 209
OFFSET 1.696274 7.935067 -9.319370
BONES 2
BONE 9 0.074219
BONE 5 0.925781

VERT 210
OFFSET 1.721517 8.179896 -10.237444
BONES 2
BONE 9 0.109375
BONE 5 0.890625

VERT 211
OFFSET 1.220580 9.489400 -9.430794
BONES 2
BONE 9 0.066406
BONE 5 0.933594

VERT 212
OFFSET 1.874374 8.998911 -8.945375
BONES 2
BONE 9 0.113281
BONE 5 0.886719

VERT 213
OFFSET 2.085684 9.048158 -9.314767
BONES 2
BONE 9 0.113281
BONE 5 0.886719

VERT 214
OFFSET 2.172433 9.140751 -9.681883
BONES 2
BONE 9 0.148438
BONE 5 0.851562

VERT 215
OFFSET 1.275929 10.171749 -9.864485
BONES 2
BONE 9 0.082031
BONE 5 0.917969

VERT 216
OFFSET 1.710654 9.862569 -9.618671
BONES 2
BONE 9 0.101562
BONE 5 0.898438

VERT 217
OFFSET -1.201806 11.105031 -10.820009
BONES 2
BONE 9 0.167969
BONE 5 0.832031

VERT 218
OFFSET 0.398099 10.869409 -10.436444
BONES 2
BONE 9 0.214844
BONE 5 0.785156

VERT 219
OFFSET 1.562245 10.091209 -10.471931
BONES 2
BONE 9 0.320312
BONE 5 0.679688

VERT 220
OFFSET 2.028317 9.930539 -10.014704
BONES 2
BONE 9 0.242188
BONE 5 0.757812

VERT 221
OFFSET -0.944354 10.796678 -12.813464
BONES 2
BONE 9 0.359375
BONE 5 0.640625

VERT 222
OFFSET 0.588201 10.498981 -11.372312
BONES 2
BONE 9 0.328125
BONE 5 0.671875

VERT 223
OFFSET 1.748157 10.485636 -10.778575
BONES 2
BONE 9 0.406250
BONE 5 0.593750

VERT 224
OFFSET 2.142379 9.620635 -10.442393
BONES 2
BONE 9 0.421875
BONE 5 0.578125

VERT 225
OFFSET -2.037529 9.442483 -13.669879
BONES 2
BONE 9 0.171875
BONE 5 0.828125

VERT 226
OFFSET -0.309130 10.526294 -13.458154
BONES 2
BONE 9 0.480469
BONE 5 0.519531

VERT 227
OFFSET 1.205578 11.319602 -11.794314
BONES 2
BONE 9 0.574219
BONE 5 0.425781

VERT 228
OFFSET 1.507465 11.102289 -11.956325
BONES 2
BONE 9 0.699219
BONE 5 0.300781

VERT 229
OFFSET 1.471824 10.163369 -11.543688
BONES 2
BONE 9 0.589844
BONE 5 0.410156

VERT 230
OFFSET -1.016360 9.341664 -15.082062
BONES 2
BONE 9 0.402344
BONE 5 0.597656

VERT 231
OFFSET 0.649293 10.524743 -14.279187
BONES 2
BONE 9 0.734375
BONE 5 0.265625

VERT 232
OFFSET 1.751985 11.370708 -12.400259
BONES 2
BONE 9 0.824219
BONE 5 0.175781

VERT 233
OFFSET 1.483670 11.370864 -12.074009
BONES 2
BONE 9 0.695312
BONE 5 0.304688

VERT 234
OFFSET 1.718827 11.087857 -12.204312
BONES 2
BONE 9 0.816406
BONE 5 0.183594

VERT 235
OFFSET 1.685721 10.246964 -11.781122
BONES 2
BONE 9 0.785156
BONE 5 0.214844

VERT 236
OFFSET 1.919585 9.406895 -11.245217
BONES 2
BONE 9 0.570312
BONE 5 0.429688

VERT 237
OFFSET 0.063779 9.569113 -15.481609
BONES 2
BONE 9 0.636719
BONE 5 0.363281

VERT 238
OFFSET 2.121636 9.964213 -15.380637
BONES 2
BONE 9 0.953125
BONE 5 0.046875

VERT 239
OFFSET 2.221265 11.004781 -14.165643
BONES 2
BONE 9 0.964844
BONE 5 0.035156

VERT 240
OFFSET 2.048822 11.158966 -12.285287
BONES 2
BONE 9 0.839844
BONE 5 0.160156

VERT 241
OFFSET 0.061710 8.748754 -15.818000
BONES 2
BONE 9 0.566406
BONE 5 0.433594

VERT 242
OFFSET 1.978296 9.502331 -15.982650
BONES 2
BONE 9 0.953125
BONE 5 0.046875

VERT 243
OFFSET 4.554249 9.436812 -16.421907
BONES 2
BONE 9 0.972656
BONE 5 0.027344

VERT 244
OFFSET 4.954124 10.012632 -15.722407
BONES 2
BONE 9 0.968750
BONE 5 0.031250

VERT 245
OFFSET 5.173142 10.496240 -15.458954
BONES 2
BONE 9 0.964844
BONE 5 0.035156

VERT 246
OFFSET 1.782246 8.437246 -16.145027
BONES 2
BONE 9 0.914062
BONE 5 0.085938

VERT 247
OFFSET 4.308037 8.285579 -16.322816
BONES 2
BONE 9 0.960938
BONE 5 0.039062

VERT 248
OFFSET 5.970605 8.077404 -16.542077
BONES 2
BONE 9 0.960938
BONE 5 0.039062

VERT 249
OFFSET 6.226968 9.271550 -16.302782
BONES 2
BONE 9 0.964844
BONE 5 0.035156

VERT 250
OFFSET 6.295657 9.629958 -15.538852
BONES 2
BONE 9 0.964844
BONE 5 0.035156

VERT 251
OFFSET 6.643957 10.046623 -15.046497
BONES 2
BONE 9 0.964844
BONE 5 0.035156

VERT 252
OFFSET 5.325586 10.785362 -14.797559
BONES 2
BONE 9 0.984375
BONE 5 0.015625

VERT 253
OFFSET 6.703402 10.198509 -14.515486
BONES 2
BONE 9 0.964844
BONE 5 0.035156

VERT 254
OFFSET 6.968298 10.404802 -13.572098
BONES 2
BONE 9 0.968750
BONE 5 0.031250

VERT 255
OFFSET 5.414010 10.257625 -12.848093
BONES 2
BONE 9 0.972656
BONE 5 0.027344

VERT 256
OFFSET 3.952120 10.850062 -12.641847
BONES 2
BONE 9 0.968750
BONE 5 0.031250

VERT 257
OFFSET 2.352268 10.642254 -12.971645
BONES 2
BONE 9 0.906250
BONE 5 0.093750

VERT 258
OFFSET 8.189334 10.117253 -12.800787
BONES 2
BONE 9 0.964844
BONE 18 0.035156

VERT 259
OFFSET 3.983147 10.406344 -12.021433
BONES 2
BONE 9 0.933594
BONE 5 0.066406

VERT 260
OFFSET 2.528776 10.321492 -12.099617
BONES 2
BONE 9 0.937500
BONE 5 0.062500

VERT 261
OFFSET 3.402768 9.571119 -11.396578
BONES 2
BONE 9 0.902344
BONE 5 0.097656

VERT 262
OFFSET 2.848594 9.865930 -11.278267
BONES 2
BONE 9 0.898438
BONE 5 0.101562

VERT 263
OFFSET 2.362036 10.570530 -11.681449
BONES 2
BONE 9 0.855469
BONE 5 0.144531

VERT 264
OFFSET 3.824739 8.996843 -10.889326
BONES 2
BONE 9 0.968750
BONE 5 0.031250

VERT 265
OFFSET 2.797880 9.617583 -11.062874
BONES 2
BONE 9 0.843750
BONE 5 0.156250

VERT 266
OFFSET 2.972877 9.217310 -10.916483
BONES 2
BONE 9 0.816406
BONE 5 0.183594

VERT 267
OFFSET 2.238386 9.398100 -11.422645
BONES 2
BONE 9 0.640625
BONE 5 0.359375

VERT 268
OFFSET 2.362036 10.570530 -11.681449
BONES 2
BONE 9 0.855469
BONE 5 0.144531

VERT 269
OFFSET 1.984245 10.303965 -11.756654
BONES 2
BONE 9 0.792969
BONE 5 0.207031

VERT 270
OFFSET 3.100956 7.380074 -11.585020
BONES 2
BONE 9 0.863281
BONE 5 0.136719

VERT 271
OFFSET 2.545342 6.681586 -11.753291
BONES 2
BONE 9 0.679688
BONE 5 0.320312

VERT 272
OFFSET 2.346809 6.884931 -11.004835
BONES 2
BONE 9 0.457031
BONE 5 0.542969

VERT 273
OFFSET 2.616521 7.777296 -10.985230
BONES 2
BONE 9 0.589844
BONE 5 0.410156

VERT 274
OFFSET 2.882094 6.701087 -12.063351
BONES 2
BONE 9 0.835938
BONE 5 0.164062

VERT 275
OFFSET 2.409245 6.068451 -11.844953
BONES 2
BONE 9 0.628906
BONE 5 0.371094

VERT 276
OFFSET 2.027128 6.235843 -10.906655
BONES 2
BONE 9 0.343750
BONE 5 0.656250

VERT 277
OFFSET 2.120084 6.770508 -11.038718
BONES 2
BONE 9 0.425781
BONE 5 0.574219

VERT 278
OFFSET 2.236162 7.647096 -11.160434
BONES 2
BONE 9 0.519531
BONE 5 0.480469

VERT 279
OFFSET 2.311530 8.779533 -11.328448
BONES 2
BONE 9 0.574219
BONE 5 0.425781

VERT 280
OFFSET 3.398808 5.923404 -12.553063
BONES 2
BONE 9 0.984375
BONE 5 0.015625

VERT 281
OFFSET 2.098669 5.662540 -11.813607
BONES 2
BONE 9 0.527344
BONE 5 0.472656

VERT 282
OFFSET 1.837233 6.233929 -10.803871
BONES 2
BONE 9 0.246094
BONE 5 0.753906

VERT 283
OFFSET 1.900652 6.803821 -10.916173
BONES 2
BONE 9 0.359375
BONE 5 0.640625

VERT 284
OFFSET 1.925016 7.680719 -11.141139
BONES 2
BONE 9 0.367188
BONE 5 0.632812

VERT 285
OFFSET 1.332934 5.060154 -11.903304
BONES 2
BONE 9 0.531250
BONE 5 0.468750

VERT 286
OFFSET 1.591834 6.245671 -10.929052
BONES 2
BONE 9 0.144531
BONE 5 0.855469

VERT 287
OFFSET 1.766986 6.608545 -10.627529
BONES 2
BONE 9 0.082031
BONE 5 0.917969

VERT 288
OFFSET 1.907997 6.736831 -10.644030
BONES 2
BONE 9 0.191406
BONE 5 0.808594

VERT 289
OFFSET 1.919585 9.406895 -11.245217
BONES 2
BONE 9 0.570312
BONE 5 0.429688

VERT 290
OFFSET 1.988384 8.588397 -11.130482
BONES 2
BONE 9 0.457031
BONE 5 0.542969

VERT 291
OFFSET 2.293684 8.821743 -10.269982
BONES 2
BONE 9 0.367188
BONE 5 0.632812

VERT 292
OFFSET 2.100375 7.550830 -10.463447
BONES 2
BONE 9 0.160156
BONE 5 0.839844

VERT 293
OFFSET 1.977210 7.707669 -10.325175
BONES 2
BONE 9 0.105469
BONE 5 0.894531

VERT 294
OFFSET 1.721517 8.179896 -10.237444
BONES 2
BONE 9 0.109375
BONE 5 0.890625

VERT 295
OFFSET 1.231909 7.022373 -10.775057
BONES 2
BONE 9 0.046875
BONE 5 0.953125

VERT 296
OFFSET 0.842084 6.033275 -11.457095
BONES 2
BONE 9 0.097656
BONE 5 0.902344

VERT 297
OFFSET 0.517437 5.248342 -11.764103
BONES 2
BONE 9 0.144531
BONE 5 0.855469

VERT 298
OFFSET 1.925016 7.680719 -11.141139
BONES 2
BONE 9 0.367188
BONE 5 0.632812

VERT 299
OFFSET 1.988384 8.588397 -11.130482
BONES 2
BONE 9 0.457031
BONE 5 0.542969

VERT 300
OFFSET 0.319317 4.744663 -12.098837
BONES 2
BONE 9 0.191406
BONE 5 0.808594

VERT 301
OFFSET 13.551470 -9.431553 -12.624341
BONES 2
BONE 19 0.699219
BONE 10 0.300781

VERT 302
OFFSET 13.592155 -9.494923 -13.048534
BONES 2
BONE 19 0.695312
BONE 10 0.304688

VERT 303
OFFSET 13.605152 -9.544731 -13.022460
BONES 2
